basketball 0
2 1 [195.6420922279358, 217.1389310359955, 229.6252564239502, 298.0834448432922]
3 1 [194.1377322673798, 229.1226260662079, 228.0543125724792, 310.0178601932526]
4 9 [195.2941805124283, 219.3264110088348, 229.2298318088054, 300.2043260502815]
5 4 [194.2853256464005, 213.7249681949616, 228.2329698789119, 294.6762645125389]
6 4 [190.0798407793045, 212.9936819672585, 224.0870926654339, 294.0230078363418]
7 1 [193.2353874444962, 214.3223043084145, 227.256074398756, 295.3395752942562]
8 1 [190.9463716745377, 211.3822959065437, 224.9833459627628, 292.3469878041744]
9 1 [197.2150746583939, 211.4502256959677, 231.3260158598423, 292.3964846366644]
10 1 [194.0481213331223, 209.9156563133001, 228.1485500144958, 290.8639691573381]
11 1 [197.1469703912735, 209.9100420274772, 231.1997986841201, 290.8832162692584]
12 1 [197.4763169884682, 208.7162319221534, 231.5430583417415, 289.7015488007106]
13 1 [200.1157138943672, 208.2259011962451, 234.155037637949, 289.1453078451194]
14 1 [199.6612895429134, 207.3354106047191, 233.7073356747627, 288.2805464258231]
15 1 [200.0773986876011, 207.3171028853394, 234.0590931892395, 288.2626344008558]
16 1 [203.276121288538, 206.7689479948022, 237.2845049071312, 287.7202768160216]
17 1 [204.9802390635014, 207.2198075712659, 238.9597949814796, 288.1348504723422]
18 1 [200.9454552233219, 206.6866423548199, 235.0120635819435, 287.6285397375933]
19 1 [205.9415828287602, 205.4329423368909, 240.0898669171333, 286.4352918185107]
20 1 [214.7059508860111, 205.8109447718598, 248.8534288002551, 286.7970132531039]
21 1 [203.6648055613041, 203.6121570826508, 237.8135465143621, 284.5837677074782]
22 1 [210.0776664316654, 202.4304374218918, 244.2844711206853, 283.3985839886777]
23 1 [216.797653824091, 202.2617928148247, 250.9861248515546, 283.2589900655858]
24 1 [218.9883681833744, 203.8814384103753, 253.1966494856775, 284.8916978235356]
25 1 [220.1635533869267, 202.983384704683, 254.3728219655156, 284.0453873343579]
26 1 [221.944965749979, 201.9895395995118, 256.1637379071116, 283.0716780705563]
27 1 [214.250087171793, 199.1769168139435, 248.4396693941951, 280.2581781981698]
28 1 [221.1280960142613, 200.3590888739564, 255.3493457099795, 281.4845966361276]
29 1 [227.9685734808445, 200.6137247742154, 262.2724165508151, 281.6920170317403]
30 1 [232.6513990461826, 198.499578780029, 267.0050588056445, 279.5660929225198]
31 1 [235.9261483252049, 197.8874649466015, 270.3061242362857, 278.9240796254388]
32 1 [239.7480093538761, 197.9553339094855, 274.1164912757277, 278.9758107988349]
33 1 [250.1019941866398, 196.4797409386374, 284.4423455271124, 277.5591286890021]
34 1 [256.7302905619144, 196.4326841444708, 291.0730188639461, 277.5054772405139]
35 1 [262.9892756044865, 194.9284356446005, 297.2667546065151, 276.0410579328051]
36 1 [270.3415142595768, 193.6294867605902, 304.6365791125595, 274.7340432689896]
37 1 [272.7294174730778, 192.9085251898505, 307.0468209214507, 274.0526833985558]
38 1 [280.7064706385136, 191.1665020794608, 315.063362738639, 272.286386883091]
39 1 [287.0756274759769, 193.8778944821097, 321.3847299118339, 275.0135808227769]
40 3 [285.7857585251331, 202.2443676800467, 320.0803399248421, 283.3589490245095]
41 1 [292.1982484161854, 193.7416735501029, 326.4986643542349, 274.884981787037]
42 1 [292.8541379272938, 202.7760830731131, 327.1732602633535, 283.8603246281854]
43 1 [293.3168624639511, 217.743114551995, 327.665928454548, 298.8226289482227]
44 1 [291.8879103660584, 225.7218380779959, 326.2320008845626, 306.8192946226707]
45 1 [292.9156934022903, 227.8080812306143, 327.2259433217346, 308.8998027874342]
46 1 [289.683341383934, 226.1179003329016, 324.0094583125411, 307.2426946665159]
47 1 [293.8001803159714, 225.0471533150412, 328.1016696567833, 306.1612440492025]
48 1 [293.781263096258, 217.4536932320334, 328.1322618288546, 298.6037568069807]
49 1 [291.9468608926982, 216.1195537657477, 326.24746321626, 297.2399492670408]
50 1 [292.8142480086535, 215.4396382183768, 327.1772242612391, 296.574996532332]
51 1 [288.695389194414, 220.0120373577811, 323.0445211298018, 301.1395524932257]
52 5 [286.2762228678912, 219.4080561609007, 320.6570839912444, 300.5225009728781]
53 1 [284.3726739119738, 212.4812520951964, 318.7798216611891, 293.6323342396131]
54 1 [286.4985245894641, 202.4689983339049, 320.9352224165945, 283.6118235917202]
55 1 [285.5701020788401, 198.6870497674681, 320.025137137845, 279.8043988962284]
56 1 [285.8920004498214, 197.7114800424315, 320.3802360112219, 278.9074832840076]
57 1 [285.8141823615879, 196.8802135796286, 320.2801829228549, 278.033448700439]
58 1 [279.589341243729, 207.0706060738303, 313.9981444916873, 288.256477918159]
59 1 [269.3480120506138, 204.7330923886038, 303.7202220163493, 285.9688644213786]
60 1 [262.7766614761204, 210.1698456616141, 297.1334928391128, 291.4120732630601]
61 1 [264.6551194991916, 221.063632091973, 299.039309124723, 302.2656204117646]
62 1 [263.9650007691234, 212.9309445233084, 298.4045396587997, 294.1688392366281]
63 1 [259.2132917847484, 205.0631051869132, 293.6992000696807, 286.3258412755837]
64 5 [255.6734079327434, 203.7865703911521, 290.1674970797448, 285.0104750288834]
65 3 [255.944289823994, 210.3009899468161, 290.4945991639046, 291.4875271238198]
66 3 [247.5137907471508, 211.8234366984107, 282.0560311249642, 293.0138813789]
67 3 [244.7640091385692, 210.6407572836615, 279.3112019485978, 291.9105485828032]
68 3 [239.8555585350841, 210.9073949367739, 274.3685580677537, 292.2312011714091]
69 3 [239.8056878801435, 211.7961607486941, 274.2982434988765, 293.1315950281729]
70 3 [239.1694318410009, 210.9138908297755, 273.6115000844745, 292.2383964438548]
71 3 [234.6795784588903, 209.9078726680018, 269.1128730232267, 291.2269666434636]
72 3 [228.8819872494787, 209.5702043087222, 263.2928869206456, 290.9762929417004]
73 3 [233.7620855923742, 209.9979407996871, 268.190640638545, 291.4487515033593]
74 3 [235.7854203339666, 215.1364658088423, 270.233293128684, 296.5393881143441]
75 3 [232.7430984135717, 224.2008502692916, 267.1551730234174, 305.6452597059121]
76 3 [226.653463518247, 235.6719539375044, 261.0710997057704, 317.1639436448921]
77 3 [220.526175653562, 246.4718520850875, 255.0383951426295, 328.0072052444328]
78 8 [212.6747423764318, 246.6892475248314, 247.2303295040874, 328.2915668554415]
79 8 [203.7928072568029, 245.9743093610741, 238.3767667413501, 327.5636864442934]
80 8 [199.5297500248998, 246.3737249434926, 234.0265803457049, 328.004676423799]
81 8 [192.6322156544775, 246.2620237306692, 227.1475205267219, 327.9854429195632]
82 8 [184.764315282926, 241.5285089449026, 219.2734334308652, 323.2481390712966]
83 8 [177.6164189931005, 243.0023266510107, 212.1369941539315, 324.7416205905189]
84 8 [175.4478642102331, 244.6541396812536, 209.9981641430405, 326.4135989807357]
85 8 [175.2929034586996, 246.4071352914907, 209.7715545506028, 328.1779051767101]
86 8 [174.864881074056, 246.3161140666343, 209.2844674248246, 328.0668751470556]
87 8 [175.1018154826015, 247.5524849877693, 209.5290864533928, 329.3419626252165]
88 8 [168.0836036410183, 248.1095986352302, 202.5165348542479, 329.8465759293547]
89 8 [157.3235166277736, 245.6844985471107, 191.7862137497214, 327.4204825307986]
90 8 [146.4891040530056, 245.07674455503, 180.9308933318404, 326.7910454466006]
91 8 [140.9907958712429, 245.9309256658889, 175.4100925243643, 327.6311418583056]
92 8 [141.7236213888973, 248.8669920549728, 176.1126669061926, 330.6279560997149]
93 8 [145.4012463297695, 248.8701125520747, 179.7221888578681, 330.5539543090666]
94 8 [147.7525136675686, 248.2816923398059, 181.9469764078406, 330.0218011723364]
95 3 [149.4974868502468, 256.0431712407153, 183.7033041549471, 337.7692952392901]
96 3 [144.1078613009304, 252.6193538445514, 178.3165127164868, 334.3657064436281]
97 1 [140.2457497324795, 245.6375509041827, 174.4269049388913, 327.368539037546]
98 4 [145.9889013972133, 243.0828181046527, 180.2032715374974, 324.7762171815241]
99 4 [139.0190012659878, 250.9772406357806, 173.1526692921665, 332.6763101361597]
100 4 [135.0565614905208, 254.9086168545764, 169.176105232909, 336.5787218592966]
101 1 [131.965857764706, 246.4204090374988, 166.044459319785, 328.0545112775171]
102 8 [134.1438253130764, 238.1305950421374, 168.2156051469592, 319.7193442891443]
103 8 [132.5795636381954, 229.8694885510486, 166.73450943239, 311.4110667155588]
104 8 [131.0857531037182, 224.2670129078906, 165.2786747957018, 305.7565883086527]
105 8 [132.4598450865597, 216.7941711682361, 166.6508469451216, 298.2368820451105]
106 8 [133.5139134135097, 208.1758201855701, 167.7738752711562, 289.5962582419718]
107 8 [135.1105009522289, 204.5113180417102, 169.3575888431815, 285.9268268225992]
108 8 [139.0577904190868, 201.9643276471179, 173.347475293949, 283.3467267630899]
109 8 [141.7633511032909, 209.7607625264209, 176.0291109431532, 291.166180543741]
110 8 [145.0694014038891, 213.1912847298663, 179.3239913368967, 294.6583571527803]
111 8 [150.2423163857311, 211.5584917801898, 184.5430802393702, 292.9835882042253]
112 8 [151.4311162438244, 209.5972642439883, 185.7168584478644, 291.0678242204988]
113 8 [155.9431234803051, 202.4601053732913, 190.3403238523749, 283.9674317096078]
114 8 [157.1925686802715, 199.6510817545932, 191.5915551421788, 281.1617836405241]
115 8 [155.3127340283245, 194.4585825938266, 189.6955152795461, 275.9789760984385]
116 8 [151.8798598255962, 193.6933518189471, 186.1765792462972, 275.2693697704279]
117 8 [153.6256745066494, 201.6748929757159, 187.991250023618, 283.2676680184805]
118 1 [158.2344234194607, 201.4865298855584, 192.6076485959437, 283.0586131258213]
119 1 [164.1906950678676, 197.2073274243157, 198.6467488232997, 278.7799198244788]
120 1 [169.7699592318386, 194.7882314312737, 204.2090711990741, 276.2964314554908]
121 5 [171.7998552527279, 190.8621171105187, 206.2431240747121, 272.3293273066261]
122 1 [178.3176613058895, 189.0201706278604, 212.7784386882928, 270.4316961382606]
123 1 [181.052976867184, 187.5993338215631, 215.5916279659417, 268.939739746926]
124 5 [188.6908252444118, 187.315445600776, 223.228223706856, 268.5694538973548]
125 1 [193.6814954485744, 181.6923357832711, 228.2587864962962, 262.9298258184173]
126 1 [198.9787571635097, 172.655289350776, 233.5664542535689, 253.9550605939605]
127 1 [193.8062398638576, 173.5152538407128, 228.4267031315711, 254.831650421498]
128 1 [196.7873401846737, 173.5142915591714, 231.3838025049117, 254.8129011269027]
129 5 [196.9734054412693, 167.8166210994241, 231.5845212403681, 249.0864832754546]
130 1 [200.7463110294193, 174.225646768522, 235.2439162389186, 255.4605894561225]
131 8 [206.3037231769413, 170.1209304675576, 240.753172234669, 251.3689339824134]
132 1 [206.1664914991707, 173.6098957404611, 240.6338978151229, 254.8372373576575]
133 1 [209.2045814897865, 168.712196384382, 243.6488087657835, 249.931769345563]
134 1 [211.4274935629219, 172.4511671409127, 245.8884526220705, 253.6955450947696]
135 1 [211.551807468757, 167.1986298903939, 245.9856650922444, 248.417996798318]
136 1 [212.737326329574, 167.3025206372258, 247.2121805570271, 248.447016553443]
137 1 [215.8444854672998, 164.9913615033147, 250.3139661798623, 246.1236432106906]
138 1 [217.8508593495935, 165.1391671195743, 252.3226422069218, 246.2776877190285]
139 1 [219.7114430125803, 164.2386209860561, 254.1903221020844, 245.3388753987961]
140 1 [215.8893962558359, 163.9620461359737, 250.3949542055275, 245.050220166605]
141 1 [219.4828043635935, 163.1796437993762, 254.0442937574532, 244.2807380689793]
142 1 [220.5054646190256, 163.2186583325383, 255.0623092598464, 244.2788148923331]
143 1 [223.8170943912119, 163.5170819804189, 258.3658551997688, 244.5744469969087]
144 1 [226.7202449496836, 163.2807709768531, 261.2276445216682, 244.3558362554126]
145 1 [225.759564941749, 157.8107778623817, 260.2634504956749, 238.832908036571]
146 4 [226.8404331859201, 159.2022294595954, 261.3595524699238, 240.2406837140136]
147 4 [227.4516145642847, 156.9458825186011, 261.9272668988255, 238.0074611769729]
148 4 [228.9051184114069, 156.7994121506927, 263.3589320308712, 237.8381846366935]
149 4 [228.1915183123201, 163.7745145753142, 262.6476754134145, 244.8588187061362]
150 4 [230.4795734938234, 163.3553390100715, 264.8834799139943, 244.4611284671836]
151 4 [224.2277290876955, 164.4913184240577, 258.5921997969595, 245.6187781582885]
152 4 [234.3653099592775, 164.7188593194005, 268.8406685202566, 245.8159292106442]
153 1 [236.0175502356142, 164.5419955149409, 270.530218626782, 245.6928922246509]
154 4 [238.8027911242098, 164.8870220378158, 273.3469837706533, 246.033094340127]
155 1 [236.1288454588503, 165.773881693196, 270.6360225956884, 246.9226444493346]
156 1 [235.901460101828, 162.0442159369704, 270.4129239805785, 243.1874375222735]
157 1 [243.9827942159027, 163.3301096156356, 278.4731821735946, 244.5514305995517]
158 1 [251.4080566670746, 164.1348653033492, 285.9201641830055, 245.3748743544631]
159 1 [250.4935534503311, 161.3557143405196, 285.0056593400634, 242.6155692111068]
160 1 [252.6326475646347, 161.9411736324546, 287.228576229254, 243.2112127326541]
161 1 [258.1108193900436, 159.1470797851798, 292.6946390551722, 240.3291368506961]
162 1 [251.8708553817123, 157.2186077430961, 286.4657761317885, 238.3850773726516]
163 1 [257.5916805770248, 160.5726369217155, 292.2166460019744, 241.70336684094]
164 1 [259.6914413478226, 155.99651797564, 294.3356500000155, 237.1358855085186]
165 1 [261.0904388930649, 155.9984238109901, 295.7325728793836, 237.1170047437558]
166 1 [264.1318986918777, 155.1499448380782, 298.7715319012499, 236.3191139304051]
167 1 [266.3371732737869, 159.372766073735, 301.0200990485049, 240.582227200211]
168 1 [274.4782455470413, 157.9455789885833, 309.1695583705998, 239.1254037677655]
169 1 [271.0826876666397, 157.6383500657394, 305.7629789249992, 238.8748376714597]
170 1 [272.9802635218948, 156.4885128102615, 307.5746317284202, 237.7679055988202]
171 9 [276.339714339003, 157.3863728604629, 310.9305039196109, 238.6316824709783]
172 9 [278.4647274520248, 159.4437933526351, 313.1289073972797, 240.7015303921113]
173 1 [282.4083066489548, 161.913915928395, 317.0630791466331, 243.1421330117593]
174 1 [282.5451618041843, 158.0389745793655, 317.2206304435825, 239.2906128262887]
175 1 [285.7337213363498, 162.8336942754104, 320.3726533107853, 244.0713059305558]
176 1 [285.3767109420151, 152.9955347142532, 320.1178616397476, 234.1837141870866]
177 4 [284.4891352560371, 156.1294806561782, 319.2421079902744, 237.3105894654403]
178 4 [284.9383807983249, 154.2636544070556, 319.724110721836, 235.4265462809215]
179 1 [285.3726176228374, 157.6771506629302, 320.1852254192924, 238.8435310932408]
180 1 [277.273971458897, 155.5087770781829, 312.0731358556843, 236.645049528719]
181 9 [280.9214252438396, 155.5792546979501, 315.7130335139132, 236.7442256095419]
182 1 [281.9828776326031, 155.6237290575518, 316.7946268962717, 236.7431284941146]
183 1 [283.2102047409862, 160.4381907656207, 318.0487207387781, 241.5709552229354]
184 1 [282.9302656557411, 159.3749980404391, 317.7845578073359, 240.5283187306831]
185 1 [288.701990833506, 161.0835405066027, 323.5530197669959, 242.3490169299552]
186 1 [284.4486186411232, 161.065740778984, 319.3244370033241, 242.318594720752]
187 2 [287.6154148485512, 155.1326643973007, 322.4692690731979, 236.4761624030182]
188 2 [288.2745639588684, 158.3729471712722, 323.1551795198417, 239.7091445044586]
189 2 [287.6937736775726, 155.5394715815201, 322.5641505326724, 236.9205863837311]
190 1 [284.9651695992798, 156.6569348126068, 319.8296220215059, 238.0679476813385]
191 9 [277.7155300881714, 154.2541375904693, 312.5478646524645, 235.653081903846]
192 4 [282.113764455542, 153.4553988128319, 316.9434523390628, 234.830270276458]
193 4 [281.1785308625549, 151.7493422179832, 316.0778426741458, 233.1104135815212]
194 4 [282.6625128295273, 151.5239785164013, 317.5036595200397, 232.8235490588257]
195 4 [279.0236552264541, 151.9947548061027, 313.7911143826343, 233.2475038830349]
196 4 [279.8317356016487, 159.6087460666313, 314.5427423070765, 240.8851486245701]
197 6 [280.2787778284401, 157.2310240417137, 315.0304634641505, 238.5457187930653]
198 4 [280.504764681682, 156.2204352765693, 315.1960651140309, 237.5706250516484]
199 4 [278.9387018736452, 151.2161551862373, 313.6462127595044, 232.5256429711888]
200 4 [278.6020319219679, 156.041855946125, 313.3327210013962, 237.3729455367634]
201 1 [283.1688530202955, 159.7491442113533, 317.902823095808, 241.0269484607289]
202 1 [285.5655352827162, 156.4643768220558, 320.2949333928918, 237.6923284093449]
203 1 [289.5922448392957, 158.2561274915352, 324.3307116918659, 239.4144469682286]
204 2 [287.8806349989027, 158.6138070970192, 322.6290017621612, 239.8104908005307]
205 1 [287.6994893308729, 154.2426303773536, 322.4310662906265, 235.4150136343548]
206 1 [288.3254451509565, 155.9007890372886, 323.075249205122, 237.1482756916592]
207 1 [285.0832769628614, 155.8244006484165, 319.7822173171139, 237.0931000379632]
208 1 [287.582932209596, 157.9510679095401, 322.3360482316112, 239.1750958446572]
209 1 [289.3529203888029, 158.2131225615158, 324.0854694657421, 239.4202422563145]
210 1 [289.0424977000803, 159.876435831131, 323.740908238182, 241.0523461381504]
211 1 [289.0391937608365, 156.6363666802063, 323.6742503694186, 237.8916570321629]
212 1 [286.3755310887937, 156.9880309551372, 320.9932421628127, 238.2009760073731]
213 1 [285.0400979632977, 156.8539686947479, 319.7096827784667, 238.0328501407215]
214 1 [282.1402673835401, 156.6917936652317, 316.7843051162848, 237.8107082370827]
215 1 [281.9411361033563, 156.9366123526706, 316.5917887869964, 238.0061712555]
216 1 [282.8730678374413, 156.872926160635, 317.4723780909667, 237.933505072386]
217 1 [281.04760931083, 161.9063791483059, 315.6825259128699, 242.9590225313017]
218 1 [284.5496167952661, 165.6069549768581, 319.1613645402083, 246.6528437618324]
219 5 [284.7705840433482, 166.7535151689663, 319.3837726895997, 247.7435486988136]
220 5 [284.2605240906123, 162.2368516176357, 318.8547110216805, 243.2623172597]
221 1 [284.3755671570543, 167.3313426225795, 318.98310311218, 248.3032231930802]
222 1 [283.4066818545107, 169.9338752477779, 318.0304701079914, 250.8442781237671]
223 1 [280.3167496512178, 169.373527869524, 314.9451805358121, 250.2816067963252]
224 1 [279.0116670916323, 169.4805251806392, 313.5964936022946, 250.3247563510547]
225 1 [276.238052446628, 170.0262832492008, 310.857685347099, 250.8899945860514]
226 1 [277.030165273929, 168.5387428849354, 311.7179728894421, 249.4127112072119]
227 1 [274.2672978232149, 169.0865451543941, 308.975381532211, 249.9172718947539]
228 5 [276.1762533972506, 169.0268003157689, 310.9349426322171, 249.8961273650239]
229 1 [273.0446463415865, 167.8330499342992, 307.7597580199429, 248.7350675682137]
230 1 [274.6296076367144, 167.0358536056592, 309.3475050713607, 247.9471755055497]
231 5 [275.2436331699137, 168.0443112663343, 309.9212033273765, 248.9464965973208]
232 5 [272.8281980941538, 168.1169340498163, 307.5205314077922, 248.9705989492844]
233 1 [268.9599715659861, 168.1266144085093, 303.6349805321285, 248.9725836104313]
234 1 [265.0183643291239, 167.0619746017619, 299.6705122317859, 247.8682014697949]
235 1 [257.9168580959085, 166.0764576959773, 292.6711327781268, 246.8838697676519]
236 5 [257.1309648940805, 166.0040364208981, 291.8512827696391, 246.880621652172]
237 5 [259.9700404594187, 158.8459529820248, 294.7177735437938, 239.6895563860396]
238 5 [263.133462090278, 153.1068921032711, 297.8535344209262, 233.9235653157691]
239 7 [260.2216233203653, 154.2387038412853, 294.874473484952, 235.0708155687312]
240 5 [255.0801156947855, 156.9789467993542, 289.6622832479068, 237.8642551811198]
241 1 [248.1774677226786, 155.9520823899075, 282.7992252316066, 236.8077830465297]
242 1 [250.1838451812509, 154.9713911357685, 284.7882070138045, 235.8840296681384]
243 5 [254.6432596633676, 154.0659496727749, 289.240714515049, 234.9481015928248]
244 5 [252.8081281373743, 153.5716575625702, 287.4056751370169, 234.4292287178496]
245 5 [246.5690906236414, 153.5937148648663, 281.2114699196555, 234.4454811577658]
246 7 [245.6865393111948, 150.1857890206738, 280.2447497057654, 231.1181656079153]
247 7 [243.0063146541361, 151.5315336305066, 277.5355687570311, 232.4789965216974]
248 7 [242.6738982389215, 150.328743489401, 277.1434155654646, 231.3000701277117]
249 7 [240.271560449386, 149.1336393672391, 274.7640538286902, 230.0865373377661]
250 7 [241.8499465177301, 148.4407515841886, 276.3509571200348, 229.4338519768576]
251 7 [239.1931047628168, 148.1139044481679, 273.71907497463, 229.1337609891752]
252 7 [242.9613197038416, 143.826524229662, 277.5368438535668, 224.8599532477717]
253 7 [240.4942941854242, 142.8006236273213, 275.1153961473443, 223.8673397319178]
254 7 [239.1232420394663, 145.5406164843007, 273.7422228400149, 226.5817294065814]
255 7 [236.7120362708811, 145.9123100954457, 271.3622967163958, 227.0545330660204]
256 7 [235.615495700622, 144.883785696642, 270.2672792501487, 226.0616639487604]
257 7 [230.8760428617243, 142.4634892660542, 265.5574095411338, 223.6040040271143]
258 7 [231.5159692952875, 140.9229275900289, 266.1975456081256, 222.0924220602374]
259 7 [224.3494954297785, 141.6240329462453, 259.0589947996959, 222.7538167326312]
260 7 [218.2992935369257, 137.078359575884, 253.063543850027, 218.193002243505]
261 7 [216.7679664085154, 135.9823837000295, 251.5314043454751, 217.0495394186835]
262 7 [214.320892472053, 134.4390864092275, 249.0265446261987, 215.4525422863821]
263 7 [211.1045359561686, 132.6322464662953, 245.9029600982293, 213.6615272097449]
264 7 [211.5240782985929, 131.991861136572, 246.2802045528516, 213.0618076448301]
265 7 [207.0745429287199, 130.5276373940869, 241.85604024335, 211.578280942903]
266 7 [208.6451137552504, 128.9728837329312, 243.3419997875318, 210.0505297236304]
267 7 [210.4090285787825, 128.2593765574857, 245.105134575136, 209.3219278817038]
268 7 [210.8912775109056, 126.2087323981687, 245.6028577146604, 207.2529522173266]
269 7 [209.7655397246126, 122.1046593505307, 244.4870628855303, 203.2155979769091]
270 7 [207.8699067423586, 120.1943241673871, 242.5821361354664, 201.2805126659731]
271 7 [208.7623220274691, 118.6978386956616, 243.4143725684956, 199.8356363050798]
272 7 [207.99877836206, 116.7910858708783, 242.7143696955517, 197.9496150390963]
273 7 [207.4885242173914, 115.8575302082463, 242.2737878397778, 197.0079131977419]
274 7 [207.3005372921471, 114.9465602356358, 242.0581497070864, 196.0897878460745]
275 7 [209.9785203377251, 125.8428243118688, 244.649567668207, 207.0094744138578]
276 7 [206.624731723452, 137.5901845413609, 241.2027307007387, 218.7209178500036]
277 7 [204.2821893135551, 147.5273374039098, 238.8173298952654, 228.6529488329748]
278 7 [198.2742394844536, 149.9326125103398, 232.7659837791994, 231.0815107207159]
279 5 [195.764423791552, 150.8454384523793, 230.2468621007279, 232.0370376925329]
280 1 [198.8078231255058, 147.904222698824, 233.3252857509926, 229.055058980451]
281 1 [202.8526496330742, 151.1613869387074, 237.4035233131722, 232.3392616443495]
282 1 [193.908587400103, 148.1078109461232, 228.4753181020096, 229.3074964289526]
283 1 [184.3597726265434, 149.3945041614934, 218.9900787297562, 230.575317057834]
284 1 [187.6702627579216, 147.7794600445195, 222.3246229401902, 228.9594982069889]
285 1 [193.9358868042473, 148.4399311858579, 228.6403508082703, 229.6736356109539]
286 1 [198.5440873543266, 146.6085915881558, 233.273159159787, 227.8156028121868]
287 1 [198.7928885708097, 145.7138671595021, 233.4398310599402, 226.9202912217537]
288 1 [199.3563641796354, 144.5941950994893, 234.0943051371649, 225.6994782906929]
289 1 [206.2686008701567, 143.4977146107121, 240.9731294021681, 224.6422197872559]
290 1 [212.0187057743315, 140.8571241814061, 246.7176987800673, 221.9964008981148]
291 5 [214.0754207859282, 143.3662913757726, 248.7669046185091, 224.5128066176335]
292 1 [217.7171293983702, 135.7616818863316, 252.4355679676608, 216.9774723690907]
293 4 [225.317913700128, 132.5278032738133, 259.9911230394915, 213.7447643461982]
294 4 [228.1650993118528, 132.9745115059777, 262.7399873564318, 214.0951563838283]
295 4 [229.2574412117247, 130.8894680756494, 263.7963494060114, 212.0235162893097]
296 4 [230.1414875278715, 132.538743259327, 264.7011583516672, 213.64979593666]
297 4 [233.7792786846403, 119.6687958258553, 268.3551258847788, 200.8373624697487]
298 4 [235.4547166118864, 117.9751762169763, 269.9804642722681, 199.1061412492554]
299 4 [230.3605021724943, 116.9080153721734, 264.8866163873598, 198.0395320039029]
300 4 [229.0450922737364, 118.2729324120446, 263.5952038240358, 199.3492263083692]
