car4 0
2 2 [68.87995612621307, 51.49053150415421, 175.880671422258, 138.4941792777181]
3 6 [70.4362850189209, 52.11266976594925, 177.4323343614489, 139.1153383956849]
4 6 [70.44397441996262, 53.64893311262131, 177.447275148537, 140.6399186347425]
5 6 [69.51052539004013, 53.21069946885109, 176.5007743238472, 140.1969578503072]
6 6 [70.00454784883186, 53.54518836736679, 176.9887845247053, 140.5477138541639]
7 6 [69.02525730384514, 53.16500470042229, 175.9922866409086, 140.1676430481114]
8 6 [68.6833590711467, 52.59007176756859, 175.6302099089884, 139.5854143952765]
9 6 [69.02639536513016, 53.18948087096214, 175.9789396451973, 140.1834112876095]
10 6 [69.0079816612415, 54.01352247595787, 175.9538752961718, 141.0061906536855]
11 6 [69.04437442822382, 55.03196880221367, 175.9936117317342, 142.028536348287]
12 6 [70.04573198361322, 55.59001281857491, 176.994754113257, 142.5954729985632]
13 6 [69.65957095427439, 57.04096928238869, 176.5971235969663, 144.0389092319645]
14 6 [68.5138747910969, 58.24312248826027, 175.4577629128099, 145.2491158931889]
15 6 [69.05039932532236, 58.7350624203682, 175.9988293027878, 145.7287589328923]
16 6 [69.06010444322601, 59.52586883306503, 175.9909562456236, 146.517824496571]
17 6 [69.42683829227462, 61.03749471902847, 176.3640580957756, 148.0267616527714]
18 6 [69.00892637530342, 62.17737478017807, 175.9566000169144, 149.1663529516943]
19 6 [69.04719603667036, 62.01288338005543, 175.995494330898, 148.9891955979355]
20 6 [68.02081001410261, 62.12795151025057, 174.9622543696315, 149.1076862754114]
21 6 [67.47508752951399, 63.0166195705533, 174.4189580584318, 150.0047465451248]
22 6 [66.99649987230077, 61.93437314778566, 173.936764491573, 148.9238825845905]
23 6 [66.81560890981928, 60.57628632336855, 173.7454592732341, 147.571801588554]
24 6 [67.6181388408877, 58.83726132661104, 174.5493100827188, 145.8311160673388]
25 6 [67.0234470278956, 59.19308943301439, 173.9640681468696, 146.1865883938037]
26 6 [66.91455487767234, 57.84154862910509, 173.8657138701529, 144.8422473750078]
27 6 [66.98939218232408, 56.92852837592363, 173.939565152973, 143.9278593443893]
28 6 [65.54306521127001, 56.67671776562929, 172.4954134678841, 143.6913580404781]
29 6 [65.96463640639558, 58.07877457886934, 172.9151461666823, 145.0887363489532]
30 6 [64.08299287268892, 59.49581659585238, 171.0263731044532, 146.4969106163644]
31 6 [65.01276972005144, 60.35483331233263, 171.9575205352903, 147.3662689389848]
32 6 [66.08118941495195, 61.29163647443056, 173.0184466579557, 148.3055713169836]
33 6 [66.08472025673837, 62.01417119055986, 173.0137428599783, 149.0328826840781]
34 6 [65.83448505681008, 63.81886918097735, 172.7487250203081, 150.832135874834]
35 6 [65.05837661307305, 64.72658074647188, 171.998124169726, 151.7190261813067]
36 6 [66.16367727797478, 63.99760545045137, 173.1151011449286, 150.9847038306855]
37 6 [67.09984129946679, 63.31558216363192, 174.0593366003224, 150.303586666938]
38 6 [68.82081729453057, 63.40620642155409, 175.7618008279988, 150.3950198435598]
39 6 [68.39726704638451, 64.37906485050917, 175.34441048624, 151.3604793095403]
40 6 [68.7729420689866, 62.99583499878645, 175.7035573172757, 149.9922012841516]
41 6 [68.053068283014, 61.86016898602247, 174.9854224464485, 148.8516257402115]
42 6 [69.21401274483651, 63.03949850052595, 176.1654428991863, 150.0161420878582]
43 6 [69.65480855386704, 61.90443413704634, 176.6124293962308, 148.890270557087]
44 6 [68.95886007230729, 60.79657226055861, 175.9380972448179, 147.7931236001664]
45 6 [68.80415641050786, 63.05088572949171, 175.790663411338, 150.0324708089047]
46 6 [69.28413357120007, 64.24390535801649, 176.2783202240058, 151.2227849274688]
47 6 [70.22924222331494, 64.09189597517252, 177.2115884778091, 151.0731735154801]
48 2 [71.01603557448834, 64.05275714769959, 178.0155993530341, 151.0402533627861]
49 2 [72.21885134559125, 65.11442172899842, 179.2235836753436, 152.093583684098]
50 6 [71.92809193115681, 63.65999079123139, 178.9323787019216, 150.6305509318225]
51 4 [73.32261888962239, 62.24562144652009, 180.3262072058582, 149.2239714129083]
52 6 [73.16808541398495, 63.70216441527009, 180.1691249515676, 150.6806887292117]
53 6 [73.39170247595757, 65.04596436396241, 180.3907889485919, 152.0326136415452]
54 9 [71.98339885752648, 64.4089103974402, 178.972371777352, 151.4156667225809]
55 9 [70.8932275203988, 63.6516323722899, 177.8835656440817, 150.6685471873731]
56 6 [71.19980275910348, 65.01464993134141, 178.1989472157322, 152.0245433913917]
57 9 [70.68659019749612, 66.35129017010331, 177.7000093883835, 153.3619948668034]
58 9 [69.79754281323403, 65.87397864833474, 176.8249768215977, 152.9006422717125]
59 4 [69.88606068771333, 67.04273751750588, 176.9162678847276, 154.0540532416851]
60 4 [69.00219181459397, 68.19320026412606, 176.0391823474132, 155.1938908190281]
61 4 [69.75648662727326, 69.00315389409661, 176.7950535545313, 155.9871442312748]
62 4 [68.96969828289002, 69.00395302299876, 176.0114871714079, 156.002508359519]
63 4 [67.97685125749558, 68.41241429571528, 175.0143009612524, 155.4116834029976]
64 4 [66.88164773862809, 66.94858585123438, 173.8997342870199, 153.973635314447]
65 9 [66.94651121925563, 65.78741548780818, 173.9684308466875, 152.8152269289318]
66 4 [66.99694847222418, 64.80552141193766, 174.0095034136438, 151.8224000999752]
67 4 [65.8979355012998, 63.81400583509821, 172.9212473716401, 150.8457793078247]
68 4 [65.99777744617313, 62.76406119589228, 173.0241485401057, 149.8002681190196]
69 4 [66.17136768903583, 61.63364921335597, 173.1942629384064, 148.6637018275681]
70 4 [66.99540661182255, 60.47372220281977, 174.0199217537605, 147.5002466187302]
71 4 [67.97992263641208, 59.89506022457499, 175.003264208641, 146.9258825862828]
72 4 [67.98903095163405, 59.79041445825715, 175.013194999788, 146.8156293151203]
73 4 [69.008853668347, 58.68575382803101, 176.0414886421897, 145.707326989812]
74 4 [68.9666866119951, 57.79870105360169, 176.0203576337733, 144.8292122680369]
75 4 [70.08881533704698, 56.73671556089539, 177.1182752048411, 143.7765246421519]
76 4 [70.97231513820589, 56.66695732448716, 178.0033592214622, 143.7177378935042]
77 4 [71.98625964485109, 57.43061251018662, 179.0156625008025, 144.4747662693683]
78 4 [72.99377042613924, 57.65015857492108, 180.0273982521333, 144.69812153433]
79 4 [74.17108280025423, 58.91107242379803, 181.1932325454988, 145.9530526182476]
80 6 [74.55634597502649, 57.99092238221783, 181.5636874064245, 145.0226835951629]
81 6 [73.80181465111673, 56.92309968743939, 180.8105222808757, 143.9473333582702]
82 6 [72.71476576291025, 56.66597606812138, 179.7129781865515, 143.7101357970062]
83 6 [72.24849868379533, 55.87188573752064, 179.2402518331446, 142.9062180576148]
84 6 [72.32359115593135, 56.9906503764214, 179.3140139410832, 144.005265340549]
85 6 [72.68085841648281, 56.99636336334515, 179.6703739953973, 144.0072774160701]
86 6 [73.20083604566753, 58.52916189201642, 180.1823623002507, 145.5455319917995]
87 6 [72.95291200093925, 57.9618449426489, 179.9336731154658, 145.0094992602664]
88 6 [72.81861337833107, 56.65743376978207, 179.8094623763301, 143.7185389138061]
89 6 [72.6686520408839, 55.8785661078291, 179.6627429146506, 142.9524253500301]
90 6 [71.80919758789241, 54.86572226055432, 178.7977640760877, 141.9397729028809]
91 6 [70.96142320148647, 55.73110385902692, 177.9541244889238, 142.7950882042992]
92 6 [69.84525529854, 56.6271776772337, 176.8343367371895, 143.6932127583075]
93 6 [70.39926276914775, 58.25190909870435, 177.3811413357594, 145.3219655677724]
94 4 [71.1793303322047, 59.57573302753735, 178.1376619289257, 146.6549623623538]
95 6 [70.61822973005474, 58.97445305355359, 177.575885974262, 146.0628971889663]
96 6 [69.93890730850399, 57.46178575523663, 176.9006142793037, 144.5633031740833]
97 9 [69.01423875801265, 57.08129375346471, 175.988968268428, 144.1661318054843]
98 9 [68.01440648548305, 56.80488201149274, 174.9992800913193, 143.8851854142595]
99 9 [68.0065851835534, 58.04246350296307, 174.9980887457543, 145.1272344172049]
100 4 [69.19625431578606, 59.15829797752667, 176.1747980806046, 146.2321418499994]
101 4 [69.2942665470764, 60.04880126484204, 176.2715773803555, 147.1206039725292]
102 4 [70.29910918604583, 59.95005123980809, 177.2848528403603, 147.0251268474806]
103 9 [69.85304662119597, 59.21824019320775, 176.8328638101183, 146.2839860217321]
104 9 [68.6037125242874, 59.522834441741, 175.5998323226534, 146.5863437247324]
105 9 [68.00235965382308, 60.19042297371198, 174.9881496728026, 147.251582970475]
106 9 [68.02513644751161, 59.79145844944287, 174.9859736829066, 146.8606379072416]
107 9 [69.02130726631731, 59.55061118968297, 175.9692902117037, 146.6140983633745]
108 4 [70.24422887619585, 60.06893651850987, 177.20965294173, 147.1239557181347]
109 4 [70.63935170229524, 61.32385282882024, 177.578633287456, 148.3699108503807]
110 4 [71.69420788343996, 62.75336985953618, 178.6383204149269, 149.8026749973047]
111 4 [71.32695526536554, 64.49715977080632, 178.2654407828116, 151.5426087380994]
112 9 [73.20344967301935, 64.26919486292172, 180.1224018245005, 151.3322780872929]
113 4 [74.16534388717264, 65.20073433883954, 181.0861408769154, 152.2737323989022]
114 4 [75.54712308105081, 66.36944957741071, 182.4650601922535, 153.4516381390441]
115 4 [77.1899454658851, 66.83134280808736, 184.095560477879, 153.9298190923083]
116 4 [78.46869695838541, 66.58467873104382, 185.3650545500778, 153.686381280576]
117 9 [79.05894011911005, 66.82552000053693, 185.9401312684082, 153.9459984339822]
118 9 [80.11887092050165, 66.62560418911744, 186.9767622875237, 153.7384612973083]
119 4 [80.35214506741613, 67.93093589611817, 187.2184375291132, 155.0268521447528]
120 4 [81.14301269408315, 67.91467721865047, 188.0227278642916, 155.0062556459803]
121 9 [81.04548125620931, 68.173205272411, 187.9267322002911, 155.2743472363848]
122 9 [81.01405143272132, 69.16587044403423, 187.9067005777919, 156.2485472991366]
123 4 [80.85597727727145, 69.91694690391887, 187.7410093641841, 157.0112259950537]
124 9 [81.06788041722029, 68.81809963390697, 187.9387393588388, 155.8893900098699]
125 4 [82.13566854130477, 67.78650392696727, 189.0168234271371, 154.8615281157988]
126 4 [83.03391041886061, 66.47848643467296, 189.916450702157, 153.5396149759787]
127 4 [82.47116449009627, 66.2165355841862, 189.3449542888069, 153.2649869530696]
128 4 [82.81089031230658, 67.26825286552776, 189.6878259249591, 154.3102862369317]
129 4 [83.98468184005469, 65.77395190403331, 190.8549690177106, 152.8124594294328]
130 4 [85.44459867011756, 64.95124651596416, 192.3110171588325, 151.9881346870262]
131 4 [86.00411742459983, 63.88820339844097, 192.8667807867193, 150.9311735606987]
132 4 [87.02644389402121, 63.37228949472774, 193.8986265017652, 150.4080201710063]
133 4 [86.0893832994625, 61.90282888815273, 192.9655706899428, 148.9481884516079]
134 4 [87.00277107488364, 61.56501062319148, 193.8894609611297, 148.6075269878704]
135 4 [88.03477590810508, 60.69855906174053, 194.9252682637238, 147.7422656248558]
136 4 [88.7053021742031, 58.93056298897136, 195.5990254618788, 145.9587776742924]
137 4 [89.10392596852034, 57.7013566653477, 195.9997651194596, 144.718990806197]
138 4 [89.01918002497405, 56.72754366800655, 195.9268737470174, 143.736067818259]
139 4 [89.02683737175539, 55.97713674709667, 195.9443967103587, 142.991587037896]
140 4 [89.04512350121513, 54.73978580639232, 195.939657863565, 141.7804206417549]
141 4 [90.06127528706566, 54.93566875264514, 196.9632783790307, 141.9934200213898]
142 4 [91.00682638445869, 53.92748348519672, 197.9180902614073, 140.9717138777721]
143 4 [91.18749110260978, 55.30707030103076, 198.0866232897715, 142.3472041754473]
144 4 [91.53881580987945, 53.52708785340656, 198.4415845485406, 140.5771724073637]
145 4 [91.06332047143951, 54.08750097558368, 197.9565257694201, 141.1316437147606]
146 4 [90.07205356517807, 54.14223805174697, 196.9682499160247, 141.1747166661966]
147 6 [91.41383232036606, 55.10145393118728, 198.3252551235633, 142.1370367540467]
148 4 [91.00408486882225, 54.4331272552954, 197.9100998701529, 141.4597193570483]
149 4 [92.05080894986168, 54.32358637556899, 198.9430345310645, 141.3419275470126]
150 4 [93.03185574570671, 54.55025395855773, 199.9269457082825, 141.5660632304895]
151 6 [94.07174138585106, 53.86666742071975, 200.9517285864429, 140.9039696912515]
152 4 [95.06458888808265, 53.24254563555587, 201.9385781167822, 140.2677273087251]
153 6 [96.00692461291328, 55.06819346651901, 202.8915495621042, 142.097034704243]
154 4 [97.00507156411186, 54.67877063259948, 203.9044748984651, 141.7166607137072]
155 4 [98.00170580903068, 54.55252087221015, 204.9105754529314, 141.5829751290429]
156 6 [99.02695052186027, 53.70763421163429, 205.9355295571686, 140.751720549022]
157 4 [99.02433912595734, 51.96293068036903, 205.9363006920742, 139.0163571061242]
158 6 [99.0819178535603, 51.98469788313378, 205.9997267652677, 139.0575625267673]
159 6 [99.07123117474839, 50.71039170504082, 205.9872566551344, 137.7923279646087]
160 6 [99.3387182536535, 52.41559154272545, 206.2512024036424, 139.4850158515621]
161 6 [100.0199623289518, 52.11891669512261, 206.9446908679979, 139.1785940662075]
162 4 [100.0762443947606, 53.38748151541222, 206.9970275402444, 140.4425161495853]
163 4 [99.0217346358113, 52.88316691399086, 205.9470008609073, 139.9266518750835]
164 4 [100.0574154066853, 52.330032830243, 206.9854977518695, 139.3802023145605]
165 6 [101.0175598668866, 52.85455012798775, 207.9479996243494, 139.9188705465246]
166 4 [101.0184570581769, 51.87439519644249, 207.968946187359, 138.9277684447218]
167 6 [101.0209237668314, 51.45211822271813, 207.9681019292238, 138.5094367897559]
168 6 [102.0095184776583, 50.91802573681343, 208.9557711738559, 137.9827483576585]
169 4 [101.0272332761088, 51.53406143665779, 207.9842857760402, 138.5983035186727]
170 4 [102.0282315346994, 52.00079983950127, 208.9980255609962, 139.0727252421577]
171 4 [102.0053688618937, 50.85835081816185, 208.9674810928318, 137.9391077027518]
172 4 [102.3717299136915, 52.03381950140465, 209.3368114522311, 139.1212618736226]
173 4 [103.0042211446562, 52.45773044705857, 209.9610607066962, 139.5457851200226]
174 4 [103.0079695191816, 52.93246713757981, 209.9718106391678, 140.0400955872658]
