David3 0
2 1 [85.43617996573448, 201.7674978077412, 120.3120253145695, 332.7686573666521]
3 1 [86.85446012020111, 198.8063494861126, 121.7997435033321, 329.8044186863117]
4 1 [90.50329822301865, 200.5920147895813, 125.4499411248602, 331.5800870235078]
5 5 [96.57720881700516, 198.8809390366077, 131.6471241020598, 329.8659792895429]
6 5 [102.0753588080406, 201.3924153149128, 137.1726966165938, 332.3856631304138]
7 5 [104.3108031451702, 202.0706925541163, 139.4260911487974, 333.0662988294848]
8 5 [107.3894983828068, 200.5740778893232, 142.4829263352789, 331.5161994148978]
9 5 [110.7664835751057, 200.5670452595223, 145.9090269082226, 331.5492116709706]
10 5 [111.7671933323145, 200.8834053308237, 146.9599489652551, 331.8755408262368]
11 5 [114.6392792016268, 200.6918599375058, 149.8459325143136, 331.7851111961063]
12 9 [114.5166266821325, 202.664516485529, 149.6916206360794, 333.7459298057016]
13 5 [118.3352664969862, 199.5993371971417, 153.5299925268627, 330.6070720357355]
14 5 [120.3433071933687, 200.8882319100667, 155.5806979806162, 331.9361874056515]
15 5 [125.3556256853044, 201.9043143757153, 160.5561844796873, 332.967841306096]
16 5 [128.082596000284, 204.0541502006818, 163.2451189578511, 335.1136271869299]
17 5 [132.8766005598009, 205.8070323534776, 168.1163646639324, 336.8327261304018]
18 1 [138.577727612108, 203.5061814554501, 173.8996475280262, 334.5963404511568]
19 5 [143.6454897485673, 199.793724931078, 178.9395466537214, 330.8646440540907]
20 1 [147.8311177454889, 199.2483125918079, 183.1246258646715, 330.328033730155]
21 5 [150.2671963833273, 199.8519210063387, 185.5950541198719, 330.9734611270485]
22 5 [152.0739483200014, 200.3000108071137, 187.3225645423401, 331.4012836960611]
23 1 [153.4678527079523, 200.5770050093997, 188.7020817965734, 331.6717384306249]
24 1 [161.2745466195047, 199.5189400867093, 196.4698372722137, 330.6244524104056]
25 3 [161.0154876969755, 201.6736667708028, 196.1950593561399, 332.8041689989624]
26 1 [164.5667559765279, 202.4776961759199, 199.6526805848348, 333.7050176498947]
27 1 [171.5017546080053, 199.9861098185647, 206.5938868877011, 331.3052956817207]
28 1 [172.0370401181281, 198.7130145088304, 207.1059247758704, 330.0186397222337]
29 1 [172.9236393161118, 199.5039345428813, 207.9571811255532, 330.7490968523082]
30 1 [171.4488135762513, 203.8078765675891, 206.5396536585408, 335.1219989178238]
31 1 [180.2292441315949, 198.7659226462711, 215.3002887707668, 330.1119087902364]
32 1 [183.2183476276696, 192.6063059375156, 218.3501374166924, 324.0171977726278]
33 1 [187.8469639010727, 194.3050217733253, 223.0449902277904, 325.6186425534544]
34 1 [187.0306310541928, 191.754625152098, 222.2025823157745, 323.0624093239662]
35 1 [187.6117045171559, 193.6838129267562, 222.7819366284179, 325.0087043722627]
36 1 [193.7606728561223, 199.8303273424972, 228.9079929925966, 331.1881249686238]
37 1 [197.7375039942563, 194.8484507307876, 232.8835525066125, 326.1847762247082]
38 1 [201.8904170878232, 197.7059298858512, 237.0751468301284, 329.0495498863515]
39 2 [206.7200866825879, 201.4024892554153, 241.9170944154727, 332.6952187506017]
40 2 [219.746630538255, 197.3643219575752, 255.0044072628486, 328.668160722917]
41 5 [221.9805454201996, 198.9794255897868, 257.2943096936214, 330.323055957025]
42 1 [223.7657703943551, 199.8441916808952, 259.0325134844052, 331.2076213506517]
43 1 [226.5061991401017, 196.6740384802688, 261.7239364982116, 328.0940910486039]
44 1 [229.8588754720986, 195.6895907327998, 265.0435607940423, 327.0849003491458]
45 1 [233.1928147859871, 196.3126370415557, 268.413610631274, 327.6363045213278]
46 1 [238.5193171091378, 196.0090107575525, 273.711881089257, 327.304584285384]
47 1 [240.8451617248356, 196.0727677692194, 276.032660869928, 327.4139241905417]
48 1 [251.5375638492405, 191.8821890105028, 286.7124498617368, 323.2938284309115]
49 1 [258.2416499145329, 191.8066076759715, 293.408350623818, 323.2750581131782]
50 2 [257.9549538083375, 187.2018875007052, 293.10628844765, 318.6041947470512]
51 2 [260.6700985617936, 193.3115447883029, 295.7950133678036, 324.6879463003482]
52 2 [263.5816155858338, 191.7764073435683, 298.7068008269648, 323.1524806453381]
53 2 [272.0530842728913, 186.9680750195403, 307.201354395924, 318.3566146834288]
54 2 [275.9234841652215, 187.5025419343729, 311.1578409607986, 318.8751228629146]
55 1 [282.2602512426674, 192.4885726918001, 317.4894870887975, 323.8397351725493]
56 1 [290.596734482795, 192.7964581560809, 325.8028333525638, 324.1742432272528]
57 1 [295.9322985000908, 197.3185406636912, 331.0438242237548, 328.7270867681597]
58 1 [301.8516137190163, 196.6195755463559, 336.9758700247387, 328.0221777150873]
59 1 [305.9161405749619, 195.3021643322427, 341.0211250271181, 326.6337074051145]
60 1 [312.1689890809357, 183.6624965828378, 347.3262167538981, 315.0460724721197]
61 1 [312.566504303366, 195.3504774731118, 347.646230804501, 326.7197601432446]
62 2 [314.9745878316462, 195.9004762407858, 350.0302966605405, 327.1998368034605]
63 1 [321.3543447591364, 197.8197191294748, 356.4093457674141, 329.1585017452482]
64 1 [323.0237512029707, 196.8637213495094, 358.1073904906864, 328.2065491481218]
65 1 [330.909331265837, 193.9866137888748, 365.9004241978283, 325.2305727644358]
66 1 [331.3796815015376, 197.0868620660622, 366.4101417188998, 328.383361129323]
67 1 [337.8037729598582, 192.3009762552101, 372.8675181334372, 323.6113994000945]
68 5 [342.3976054526866, 183.4419837978203, 377.4902660464401, 314.7445318086539]
69 1 [348.0158129073679, 181.7969310667832, 383.0703992878551, 313.1246526105795]
70 1 [353.0979898311198, 182.3939425882418, 388.1085767482872, 313.7930947078858]
71 4 [356.4723771549761, 189.9927676853258, 391.4602469553704, 321.4149038790259]
72 5 [359.4651600457728, 196.140146368416, 394.5173435141797, 327.5089418231044]
73 2 [361.1077496148646, 198.7050829466898, 396.1166543533558, 330.0485004423651]
74 1 [366.726698551327, 192.6144025858957, 401.7687315722461, 324.0058317570481]
75 1 [370.5990728475153, 179.262896591099, 405.6454374635125, 310.6807766823563]
76 5 [370.3441497422755, 177.4874695774633, 405.3403162205125, 308.8647130189929]
77 1 [379.6959885694087, 179.1254968580324, 414.6982718159909, 310.4419060884509]
78 1 [381.2953902520239, 176.9887813564856, 416.343250348186, 308.3188026411925]
79 1 [391.248734716326, 173.8358524080832, 426.2365700443739, 305.2791379673872]
80 1 [390.8782019205391, 177.7955165144522, 425.8339775969739, 309.2387352625665]
81 1 [390.8899234614801, 185.5856600042898, 425.8633155022747, 316.9705278496084]
82 1 [389.1316479824018, 188.2632195588667, 424.1057526621501, 319.5365475873289]
83 1 [400.2384835861158, 191.4630868670065, 435.2009588155428, 322.7369483973191]
84 1 [398.9201407514047, 195.460478925379, 434.0026848766486, 326.7498911078379]
85 1 [394.8725907884073, 187.75285687414, 429.9730631697456, 318.9815041478083]
86 1 [392.8070979199838, 195.6516202923376, 427.9787004697601, 326.9271462465928]
87 1 [389.6665387235116, 198.4097945329268, 424.8232595566194, 329.6515849943564]
88 1 [385.5422787747812, 205.9313326713163, 420.6873401801566, 337.1480955745385]
89 1 [380.4736052833032, 215.2778452273924, 415.6288250047247, 346.4482621754811]
90 1 [378.9356971166562, 217.8233238693792, 414.080876239715, 349.0184545080469]
91 1 [383.6049494526815, 219.8822810885031, 418.7255493860225, 351.15839094923]
92 1 [383.3816304251086, 209.81489207712, 418.5169525924603, 341.0834111820267]
93 1 [377.3705365702044, 204.6398540970404, 412.5761195364873, 335.8626719187305]
94 1 [369.7374626442324, 202.9067402717192, 404.9845904532353, 334.0902892778919]
95 5 [368.7871937646996, 205.4749452706892, 404.1245900842826, 336.6425008754537]
96 5 [363.406558503164, 204.2222571012098, 398.6821991417091, 335.4053042347834]
97 5 [362.6962443634402, 201.5924125548918, 398.0602086368482, 332.7536500032351]
98 4 [362.9015446461272, 206.3115679856855, 398.3442371245008, 337.3713756020472]
99 4 [362.97566348291, 206.6062643949408, 398.3853081570472, 337.6160406950222]
100 4 [365.9497033951338, 209.8053622071166, 401.3702438616659, 340.8280796545849]
101 5 [366.140676956391, 197.4784016434569, 401.5962116794195, 328.5285536754237]
102 4 [363.9081381966826, 207.784671765985, 399.3605774648021, 338.8181042271958]
103 4 [369.6306817939039, 206.5686941717286, 405.1322579241823, 337.6414816904174]
104 4 [369.6029981907923, 210.5510238383431, 405.0367560727987, 341.6582834410773]
105 1 [369.9694847252686, 207.8545114968438, 405.4796374632511, 338.895104669343]
106 1 [369.8054671224672, 210.5645675037522, 405.4037157757673, 341.5970002542541]
107 1 [367.6622725960333, 209.4003844086547, 403.1991717679891, 340.4456075336144]
108 1 [372.5737474795897, 198.8256752316374, 408.0730211986694, 329.8256613935635]
109 3 [371.5696975525934, 198.4783270035405, 407.047746999422, 329.5353678341315]
110 3 [374.5114654239733, 209.4173755322117, 410.0555792822036, 340.4469375486777]
111 1 [371.7201039132197, 213.8202284846921, 407.3212798370514, 344.8640181030438]
112 1 [371.4072090697009, 207.3179458652157, 407.013736343244, 338.3673372532533]
113 5 [369.254341454478, 205.8668427739758, 404.8095674394164, 336.9523236270354]
114 5 [370.8682328772266, 203.8937181804795, 406.3780550180468, 335.0447603459762]
115 5 [372.6772551548202, 207.6161459658761, 408.191934366757, 338.7557548324869]
116 5 [372.0101946156938, 201.1560497258324, 407.6063813316169, 332.3510659198568]
117 5 [373.6031515460927, 206.9347522233147, 409.1498931395355, 338.1276992189989]
118 9 [373.2417302515823, 214.2687520955224, 408.7525969030801, 345.4433421152936]
119 5 [371.1371838238556, 200.2440032933373, 406.5653644444886, 331.3593179780351]
120 5 [375.1577364590485, 205.699716565432, 410.6335413070861, 336.855916165124]
121 5 [376.9819305029232, 206.3903224293608, 412.4994173141662, 337.5335505712138]
122 5 [379.8219586100895, 208.2344320241828, 415.4372189315502, 339.3703971441196]
123 5 [379.4078170445282, 210.0169022206683, 415.0798506411258, 341.1556432613464]
124 5 [380.6202900346834, 206.3043297652621, 416.3601591350976, 337.3677010306449]
125 5 [386.4356893238146, 212.7049596433062, 422.2895676138345, 343.738010797772]
126 5 [391.9827985700686, 207.412786615314, 427.836561302864, 338.403829211864]
127 5 [399.9152231153566, 206.502034944715, 435.82997067424, 337.4682997786732]
128 5 [405.5913388666231, 207.5012664322276, 441.3964669987792, 338.5178624713154]
129 5 [412.3175054725725, 207.0578133140225, 448.1433240339393, 338.098007949564]
130 5 [420.0753563579638, 206.9699309219141, 456.0114320323104, 338.006652349356]
131 1 [426.9906908210833, 207.4912464071531, 462.8949027434224, 338.4901605875524]
132 2 [418.9912444290239, 202.8743561555166, 454.8572694912785, 333.8191547007593]
133 2 [423.8890132245142, 202.1501445223112, 459.758236710378, 333.0914886956396]
134 1 [435.0043412980158, 210.4994815040845, 470.8747165864566, 341.4075517093124]
135 5 [443.9861681994516, 208.2574884046335, 479.8712170412996, 339.1974458341779]
136 5 [456.8839064177591, 207.5308439333458, 492.7334573319415, 338.4947180380406]
137 5 [467.4975624617655, 208.1711982388515, 503.3891144028166, 339.1124434252562]
138 5 [476.873492294224, 209.7989165980835, 512.6628005495528, 340.9044836362185]
139 5 [479.4719070133288, 206.1967492301483, 515.3764716854552, 337.332493137318]
140 5 [484.2997211155016, 207.3345548112411, 520.2254774531582, 338.4896141340316]
141 5 [491.5449958976824, 207.4460004002322, 527.4776206752517, 338.5570550949605]
142 5 [493.7716987666208, 210.7808793813456, 529.5868136069038, 341.8915370173113]
143 5 [495.8513863321859, 210.3954733267892, 531.5923587104537, 341.5032360094891]
144 5 [501.4144237276632, 210.8021883026231, 537.0861098787048, 341.9286019775377]
145 5 [506.423507475527, 210.6139869161416, 542.1457736691691, 341.7669819767879]
146 5 [512.8839583632071, 210.8483967848588, 548.5479910394408, 342.0705949063705]
147 5 [515.8981935617048, 220.0151232548524, 551.61594617574, 351.3374734874175]
148 5 [521.8202821847517, 216.6151300736237, 557.555362459109, 347.9020500327752]
149 5 [524.7160561319906, 219.3377772637177, 560.3623023888328, 350.5386420573399]
150 5 [527.7244983550627, 218.1300465681125, 563.2401114126899, 349.3421355481551]
151 1 [528.5556232866366, 215.0477023341227, 564.018788113282, 346.2709521453187]
152 1 [525.9633105930407, 217.9231037118007, 561.3987624546745, 349.0967547159002]
153 4 [525.7880249370355, 223.8462431647349, 561.2408048955956, 354.9648178975389]
154 4 [520.9726375092287, 224.8008944757748, 556.4057981519261, 355.8855219523713]
155 4 [511.5367960680742, 229.930510140257, 546.9958457825937, 361.0747205774591]
156 4 [504.6301197756548, 224.1102018125821, 540.1485057709971, 355.3116981844709]
157 4 [495.6409603108186, 222.7580510743428, 531.1301974205533, 353.9752734671638]
158 1 [488.0022310961504, 218.9847686060239, 523.4801228186348, 350.1798207278654]
159 1 [478.6592459429521, 219.0489640703891, 514.1467419354477, 350.2275085323781]
160 1 [473.8272267330904, 216.4702358713839, 509.2901339916745, 347.6157079064578]
161 1 [465.8096658934373, 220.1422944536898, 501.2456513701239, 351.3236155324906]
162 1 [459.0725630272646, 218.8476121297572, 494.4927824376383, 350.0267636112228]
163 1 [455.6119566906709, 215.1786723604891, 491.1117058454314, 346.2876524380699]
164 5 [452.834964965703, 207.5786498060916, 488.378117185668, 338.711706150259]
165 1 [451.9857086737175, 210.6408032646868, 487.5670257983962, 341.7966395936265]
166 1 [451.6340194020886, 212.4769277742598, 487.1783166719833, 343.613115582551]
167 1 [452.6361391816754, 210.1752751937602, 488.3404311491409, 341.2901071421161]
168 4 [456.870753851952, 212.65636144788, 492.530335239903, 343.6831857136741]
169 1 [454.4947213802952, 212.2855824476574, 490.0758875711122, 343.3501109696284]
170 5 [452.6295509312768, 216.9236836081836, 488.1595848603407, 347.9847157868847]
171 5 [450.6729560468812, 211.2408206111286, 486.179978632764, 342.2861118498548]
172 5 [451.8531718973536, 206.6542712098453, 487.395906779007, 337.7493971619114]
173 1 [440.5758908514399, 206.5502370765898, 476.0103407709161, 337.6868031042918]
174 5 [442.8741040949244, 203.8178436330054, 478.2561236052075, 335.0168213266238]
175 5 [441.8768477563281, 203.322687210748, 477.2553139208117, 334.4718168664082]
176 5 [442.2047933314461, 199.1151929518674, 477.5501927791396, 330.2403827878936]
177 5 [439.8175036285538, 205.6212473532651, 475.1968399850885, 336.7382638137146]
178 4 [439.8084455217468, 215.0367332121823, 475.1640529428609, 346.0230106751724]
179 4 [437.6745637740241, 205.9040439745877, 473.0087103282101, 336.9596725384994]
180 5 [434.0620070184814, 195.8833778521512, 469.414484146703, 326.8682417373462]
181 5 [428.9800071205245, 198.7663865706418, 464.2226829920895, 329.7726658086581]
182 5 [422.3278176273452, 205.6681591889355, 457.507082739938, 336.6499875868959]
183 1 [421.6918208684074, 212.2677118203137, 456.9095928375609, 343.1952524031801]
184 1 [419.3264443661319, 217.9382658621762, 454.6731198315509, 348.8831354017658]
185 1 [418.3268623288022, 219.7781325003598, 453.7042015825398, 350.6228604550762]
186 4 [419.0414607758867, 222.8109235188458, 454.3732977722772, 353.729640966217]
187 5 [419.6585132788168, 221.7900302133057, 454.9564047326334, 352.7743527944488]
188 9 [414.7995515774237, 216.8309198936913, 450.0517784972676, 347.8214575345917]
189 1 [415.6012104313122, 209.1321950277779, 450.8519765311852, 340.1576952095433]
190 1 [402.6511572162854, 205.7454018911813, 437.9206728780642, 336.6152943725987]
191 3 [398.7512935559498, 200.1068972668145, 434.1057238006965, 331.0408718462391]
192 1 [399.3840440224158, 190.4543238005135, 434.6982267284766, 321.4412831600113]
193 1 [393.4945740412222, 188.5392772278283, 428.8100191165694, 319.4973984982175]
194 1 [390.1740052412497, 187.5872823467944, 425.5236229856499, 318.450566750328]
195 1 [386.7598595331656, 191.6441240778659, 422.0329504628667, 322.5111450760913]
196 1 [385.5866055797087, 190.6633753201459, 420.8218276132831, 321.5822440742803]
197 1 [380.0570761273848, 193.4437847754452, 415.313918982912, 324.3833401083303]
198 1 [380.2841791744577, 194.6940760931466, 415.5646819253453, 325.6859423815561]
199 1 [378.7107759948121, 190.3833141049836, 414.0088575189003, 321.3910553559018]
200 9 [377.988594421302, 195.0976180157159, 413.2970880028793, 326.1401092930985]
201 1 [372.8380318965064, 187.1643774828408, 408.0728233573028, 318.1614698841524]
202 1 [373.0825126405107, 188.684053333709, 408.3730088141748, 319.639528714056]
203 1 [370.753389471327, 187.5384241214488, 406.0297165256926, 318.5470828368617]
204 1 [367.5191425021039, 176.8266659846995, 402.7279724222609, 307.8847259148312]
205 1 [367.9440725828754, 185.7824694982264, 403.101934303064, 316.8060512646389]
206 1 [363.6118994142162, 191.101471768925, 398.6845887315461, 322.1594351812553]
207 1 [366.8519113446819, 184.9887901416514, 401.9524442684838, 316.0569490260732]
208 1 [363.4717262770282, 186.0388354829047, 398.587012774963, 317.1614462620866]
209 1 [363.9510903368937, 178.7097208073828, 399.0136858102866, 309.7875094718587]
210 1 [363.0772355805384, 187.2559611371253, 398.2012138363906, 318.3653098858249]
211 1 [361.1520414660918, 185.8439324668143, 396.2659968909808, 316.9928288675201]
212 1 [362.9683086882578, 185.2924146747682, 398.1132803884336, 316.4328126273405]
213 1 [359.6047378192889, 193.5315128660295, 394.7230164793321, 324.7543402455103]
214 1 [356.1353731761919, 195.8535269892309, 391.2250107255765, 327.1483505270732]
215 1 [356.2258890691446, 188.2631180679891, 391.3220558484086, 319.6270731351626]
216 1 [356.1657485180767, 193.2348037755583, 391.251317441743, 324.6361694625867]
217 1 [352.2937351280125, 187.5023383891676, 387.4098378005439, 318.918348292197]
218 1 [351.8119819649728, 189.9313301837537, 386.9246060679668, 321.4574261463536]
219 1 [349.255796540645, 182.5191808736417, 384.278026015591, 314.1007037735832]
220 1 [350.0675928035053, 183.4439476078842, 385.1409542839044, 315.0966752237929]
221 9 [350.5033189990791, 183.6771052016411, 385.5481208573097, 315.3021281077815]
222 9 [344.1430366971763, 178.8394789828453, 379.2420721362346, 310.5535161747886]
223 9 [341.3287104108604, 177.1247333718929, 376.4722372303718, 308.7484961464359]
224 9 [344.8923752644332, 186.7069924308453, 379.9193721423858, 318.2359018042041]
225 1 [335.8623133042129, 187.306040605763, 370.8862626063639, 318.8864731102539]
226 1 [335.1388539561303, 178.2080531923566, 370.2156489926392, 309.8526575713707]
227 4 [336.1930725165876, 187.1693296043668, 371.2510723846966, 318.8583396612955]
228 1 [340.6662410685094, 195.3887785284314, 375.7034671085888, 327.0470844566179]
229 1 [341.3658767380985, 190.6318811385427, 376.4269847619349, 322.2562037258698]
230 1 [330.017073694733, 190.4062779305968, 365.0780494489825, 321.9532753526522]
231 4 [327.1181874909671, 191.5950889943633, 362.1586316430128, 323.1632857605173]
232 1 [323.921112660435, 189.1487683414016, 358.9900080555236, 320.7217696733131]
233 5 [322.7140675672563, 189.8645740805659, 357.7549690001762, 321.3660354203834]
234 1 [319.4548501261743, 182.0131361542735, 354.5111212992227, 313.5430890507354]
235 1 [321.78556071606, 183.6338105855975, 356.7854624414003, 315.187813118781]
236 5 [324.0740131029161, 177.1698728261981, 358.9723500990427, 308.6672569192303]
237 5 [317.9142616876634, 182.1111562906299, 352.7814000510729, 313.6332719019903]
238 5 [317.8156340030255, 188.7783703266177, 352.7788054806298, 320.3370790056242]
239 4 [318.9662933257641, 184.7743764577899, 354.0105246764726, 316.3700525186313]
240 4 [319.7165398952784, 185.572821876267, 354.7160302889652, 317.1331215909971]
241 4 [317.0186435339274, 183.4853295295034, 351.9740892839736, 315.1108901313795]
242 4 [315.2858138737502, 182.9936883284245, 350.1938216936893, 314.6011863074555]
243 4 [310.9428945836844, 180.9915963246021, 345.8676121008701, 312.7073936186089]
244 4 [310.0784879830899, 181.5591164736543, 345.0949851793355, 313.2895402766122]
245 4 [306.6988015082898, 183.6416452436242, 341.723273493827, 315.3966834686055]
246 4 [304.4122591522755, 189.7022705583368, 339.4058318962461, 321.4552841703697]
247 1 [300.5183318165364, 191.2916556803975, 335.5083938029713, 323.0055391679808]
248 1 [296.3515153435292, 195.8473563997541, 331.3415183536128, 327.6806752692266]
249 1 [289.7927436140599, 198.6471755115781, 324.7397193185405, 330.5542970071837]
250 1 [286.4733037260594, 197.7025270520244, 321.4095255433933, 329.5977291274174]
251 1 [279.6709200647892, 196.0735210834537, 314.6909507750884, 327.9647365051612]
252 4 [279.3725412805798, 187.1253266988788, 314.3635732553319, 319.0835303920611]
