FaceOcc1 0
2 3 [117.2606325149536, 73.09163904190064, 231.2773112642765, 235.1164327168465]
3 3 [115.2317864894867, 69.42684745788574, 229.264184691906, 231.4339309310913]
4 3 [118.7166814804077, 69.86164999008179, 232.7703440022469, 231.8463414931297]
5 2 [118.2495550811291, 72.74779367446899, 232.3111900877953, 234.7728126740456]
6 2 [118.8054107129574, 77.38651847839356, 232.8618711274862, 239.4014673125744]
7 2 [118.0031092464924, 73.55139327049255, 232.0454557687044, 235.5863150990009]
8 1 [117.2724471390247, 70.66830778121948, 231.3308520144224, 232.6776642334461]
9 5 [116.9594105780125, 70.3281976878643, 231.0059602659941, 232.3262734723091]
10 1 [116.5362896323204, 67.0472523868084, 230.5726837331057, 229.0296767616272]
11 1 [117.2387058734894, 67.15769504010677, 231.2922533017397, 229.134914008379]
12 4 [117.295464951545, 69.76261495053768, 231.3366252340376, 231.7448507475853]
13 1 [115.3133256025612, 69.46499891579151, 229.3700638987124, 231.4346290647983]
14 5 [114.7462457604706, 70.2383675724268, 228.8072192294895, 232.2083096505143]
15 5 [112.381137508899, 70.77714355289936, 226.4849905641377, 232.7133715463616]
16 1 [110.5545500703156, 70.07522787153721, 224.6313743145764, 232.0199621076323]
17 1 [110.6743994913995, 70.48798970878124, 224.7465375702083, 232.4346453363635]
18 1 [106.7170804701746, 70.40986888110638, 220.7797396974265, 232.3374339337088]
19 1 [105.8089280687273, 75.06488578021526, 219.8708338358998, 237.0339645666815]
20 1 [102.8467083536089, 77.46176664531231, 216.8815596464276, 239.3932277173735]
21 5 [99.50844722613692, 77.49109585024416, 213.5588468471169, 239.4257956989296]
22 4 [96.30381828173995, 75.07502491213381, 210.3400123873353, 236.977707918454]
23 9 [94.73607724532485, 76.04225851036608, 208.7773223599791, 237.9466806845553]
24 9 [92.38869207724929, 77.51729358173907, 206.4404234561324, 239.4196547311731]
25 9 [89.77888983115554, 74.29016293026507, 203.8298600959032, 236.1764462489076]
26 9 [90.32987254485488, 75.25958062149584, 204.3775509946793, 237.1623884278722]
27 9 [89.6454805098474, 75.31482208706439, 203.6769629555195, 237.2042717069574]
28 9 [89.31820386275649, 73.61346662975848, 203.3518337563425, 235.5139711183496]
29 9 [89.03010108694434, 74.36388886906207, 203.0616545049101, 236.3008743399568]
30 9 [89.43253457173705, 71.19235313870013, 203.4771610800177, 233.1163291663118]
31 9 [90.12331115826964, 70.93294591642916, 204.1871318057924, 232.8313733333536]
32 9 [88.92300045117736, 69.04295952059329, 202.9677763406187, 230.9572036677786]
33 9 [90.13474249467254, 67.10138613916934, 204.1723395112902, 228.9432093078085]
34 9 [89.11368107423186, 69.07802076078951, 203.1475464702398, 230.9375521987863]
35 9 [89.48395639285445, 68.02445239759982, 203.5222817838937, 229.8735101944395]
36 9 [92.24520450457931, 69.1052927467972, 206.2370205200463, 230.9451519388147]
37 9 [91.34195935353637, 69.84164286591113, 205.3259000081569, 231.6858425265737]
38 9 [91.3130860850215, 69.00075585581362, 205.2947153543681, 230.8445285400935]
39 9 [91.5301770940423, 69.02222691476345, 205.5269905989617, 230.8766305154004]
40 9 [92.78537533432245, 68.78635911643505, 206.7801086420566, 230.6824629419484]
41 9 [94.64589688926935, 69.19225449860096, 208.6264762765914, 231.0897264462151]
42 9 [97.16112325340509, 73.72531123459339, 211.1482745397836, 235.6087755554356]
43 9 [98.79663465172052, 69.90833754837513, 212.8011883784085, 231.8151440804639]
44 9 [100.0502363219857, 69.58174847066402, 214.0626135051995, 231.478898035232]
45 9 [101.4958611503243, 68.11376391351223, 215.5027205020934, 229.9898878418841]
46 9 [103.9068046584725, 67.0949129909277, 217.8947903377563, 228.9478669869341]
47 9 [106.3376134410501, 65.07525418698788, 220.3376487679034, 226.9454695915618]
48 9 [109.0240875259042, 62.34794734418392, 223.0233423005789, 224.2285264574923]
49 9 [112.4327448382974, 61.50953094661236, 226.4433535086363, 223.3481701623835]
50 9 [114.5476337447763, 62.06021074950695, 228.5542091047018, 223.8655481850543]
51 9 [116.4773844256997, 61.52888952195644, 230.5073655878752, 223.3132397543826]
52 9 [118.9000464454293, 67.64902196824551, 232.9553498565405, 229.4517804002204]
53 9 [121.8032766357064, 67.95182885229588, 235.8347116100043, 229.7672726296821]
54 9 [122.3376582041383, 67.04964931309223, 236.3641182255, 228.8469626724162]
55 9 [123.8003945723176, 67.011160120368, 237.8339309298247, 228.8148912631907]
56 9 [125.8598425760865, 68.10602734982967, 239.9060219811648, 229.8868947517314]
57 9 [127.29003790766, 69.21440576016903, 241.3047321294993, 230.9753527593055]
58 9 [127.9535742178559, 69.94613002240658, 241.9937933754176, 231.7326310705581]
59 9 [129.3204143419862, 71.73766992986202, 243.3718670975417, 233.5141410707869]
60 9 [130.3023869171739, 74.14487551152706, 244.3507401966303, 235.9374084722438]
61 9 [131.6909097805619, 78.65224741399288, 245.7035458492488, 240.4628974818625]
62 9 [129.7058864012361, 74.82981680333614, 243.7401993917674, 236.6600083505549]
63 9 [130.5670591965318, 74.36245493590832, 244.5684563326091, 236.1894910373726]
64 9 [131.2721553817391, 80.26758770644665, 245.2600947415084, 242.1183087458649]
65 9 [132.6808844581246, 82.42513971030712, 246.6725447585434, 244.2867691102066]
66 9 [132.8505463376641, 80.46617059409618, 246.8568854083866, 242.3493708028831]
67 9 [133.975359775126, 78.00474242866039, 247.9982003631443, 239.9140131225624]
68 9 [133.4301222339273, 81.1984987705946, 247.4986791457981, 243.0940925505199]
69 9 [134.01757530123, 83.46264056861401, 248.1020436146111, 245.3565226917901]
70 9 [135.3211330547929, 86.2598932236433, 249.4099732779712, 248.1661908023991]
71 9 [136.0658170357347, 81.85851888358593, 250.1571796759218, 243.7742366027274]
72 9 [136.4827016368508, 81.38242648541927, 250.5841674944014, 243.3087385498919]
73 4 [138.1503427997232, 81.44271876290441, 252.2533698343486, 243.3792709840276]
74 4 [138.5590761378408, 77.07068707421422, 252.6657128369063, 238.9842168034055]
75 4 [136.6281419470906, 77.06464969506487, 250.7631468998641, 238.9876517049969]
76 4 [136.0101053193212, 78.03969328990206, 250.1285161494463, 239.9524386481942]
77 4 [135.3098520711064, 77.87041645636782, 249.4376362084597, 239.784002672732]
78 4 [135.2380801811814, 77.78235280653462, 249.3648956184834, 239.6949107842148]
79 4 [135.4004840180278, 76.51084566256031, 249.5047653805464, 238.4242475240678]
80 4 [137.4337767884135, 77.07982182642445, 251.5564582478255, 238.98283411555]
81 4 [135.5426905676723, 80.48974919458851, 249.6596962701529, 242.4143936758489]
82 4 [131.9475861117244, 81.73477077623829, 246.0550763695687, 243.6878474479169]
83 4 [129.9175634905696, 82.02010786673054, 244.0277619513124, 243.9786278557033]
84 4 [127.9017315432429, 80.61803209921345, 242.0197715898603, 242.5985795616359]
85 6 [129.8315491005778, 81.03942096373066, 243.925188505277, 243.0691117119045]
86 6 [128.76374476403, 81.51783800264821, 242.853813874349, 243.5785269593448]
87 6 [127.1492817923427, 80.13170242449269, 241.2673219534009, 242.1773306524009]
88 6 [126.3792473003268, 80.33392597874627, 240.4706902404874, 242.3743644242734]
89 6 [126.3900913158432, 81.31605972489342, 240.4890807410702, 243.3929711490125]
90 2 [126.6828213492408, 80.02067805966362, 240.8111103149876, 242.1217462950201]
91 6 [122.2228265563026, 79.47513450821862, 236.3588593729958, 241.5613516300172]
92 6 [122.0670515010133, 79.43629022082314, 236.2026178777591, 241.5219930928573]
93 6 [121.0254535386339, 80.16264613112435, 235.1533762228862, 242.2328554647789]
94 6 [120.5821430096403, 80.16463442659006, 234.6678249884024, 242.2669271690772]
95 6 [120.5596857247874, 85.55449839448556, 234.6558894802257, 247.6677405388281]
96 6 [119.3002612767741, 88.63271232461557, 233.3827514005825, 250.7510409886763]
97 6 [117.1889991937205, 86.52666564797983, 231.2478740860149, 248.6395756770298]
98 6 [116.0621485887095, 87.28508152579889, 230.1059062458202, 249.3953831703589]
99 6 [115.495207506232, 86.77836378430948, 229.550487911813, 248.9252451426909]
100 6 [114.1119212685153, 86.00148089742288, 228.1795841528103, 248.0998385531829]
101 2 [114.061906314455, 85.94146929821, 228.1289320941642, 248.0391388064996]
102 2 [113.6233797734603, 82.8016861542128, 227.664322601147, 244.9171906334535]
103 2 [114.1929868524894, 82.15589706739411, 228.213536821194, 244.2677264309303]
104 2 [114.0425975387916, 85.53708379110321, 228.0419524033741, 247.6431012833492]
105 6 [111.9019942348823, 82.32577006658539, 225.8960093780235, 244.4035351288692]
106 6 [111.8614519154653, 81.06749360403046, 225.861193545051, 243.1234890091793]
107 6 [110.4316329276189, 82.06121264537796, 224.455896046348, 244.1288768518344]
108 6 [110.8015106832609, 81.00977467140183, 224.8450005998091, 243.1070258319751]
109 6 [110.7253249352798, 86.72461842140183, 224.7841380222515, 248.8472351873294]
110 6 [110.4925989573821, 89.19321797927842, 224.5467112221197, 251.3245869028941]
111 6 [110.6888686483726, 88.8756639524363, 224.7489356656746, 250.9800715113059]
112 6 [110.4581647729501, 87.27404089411721, 224.4900798489527, 249.3680867588893]
113 6 [109.6507390951738, 86.82465182384476, 223.6879718239979, 248.9080299103633]
114 6 [110.2783307051286, 90.03109274944291, 224.3023195751385, 252.1163121225313]
115 6 [109.1043759798631, 88.37528382381424, 223.1599966819958, 250.4633712430671]
116 6 [110.2755468105897, 88.7959423228167, 224.3304149079696, 250.9037337382511]
117 6 [110.2423909185454, 88.75620892783627, 224.2968329684437, 250.8635370665417]
118 6 [110.2145265033469, 88.72239115601406, 224.2686002043635, 250.8293281533197]
119 6 [109.2814704468474, 88.76838114997372, 223.3199439660461, 250.870670591034]
120 6 [109.2569316821173, 88.73792579350993, 223.2950818013773, 250.8398689956219]
121 6 [109.2313412008807, 88.7065675589256, 223.2691555322335, 250.8081536686421]
122 6 [109.2165868151933, 88.68653883552179, 223.254181682989, 250.7878892087378]
123 6 [109.1918740235269, 88.65692350221798, 223.2291541461274, 250.7579319207185]
124 6 [109.1672417577356, 88.62768111890182, 223.204210517481, 250.7283564478346]
125 6 [109.1338370684534, 88.6207781820558, 223.1706967793685, 250.7213239770383]
126 6 [109.1258163955063, 88.60683474550024, 223.1625204211567, 250.7072096725926]
127 6 [109.11301203724, 88.59055379265919, 223.1495379518439, 250.6907387341746]
128 6 [109.3070649569854, 87.42366793984547, 223.3589386110474, 249.506294815708]
129 6 [108.3842033213005, 88.76116135949269, 222.4479275160004, 250.8236498047598]
130 6 [108.3746630493552, 88.74881972605363, 222.4382517648489, 250.8111634138786]
131 6 [108.5694012735039, 87.17976190382615, 222.6120518476516, 249.2203735736572]
132 6 [108.3740817401558, 88.98012663656846, 222.4067235559971, 250.9955268291198]
133 6 [108.3602819377556, 88.96297772647813, 222.3927286060714, 250.9781154944003]
134 6 [108.5842628562823, 86.13673694850877, 222.5802303399705, 248.121439075619]
135 6 [108.5804377049208, 86.13102095527574, 222.5763427159423, 248.1156548319059]
136 6 [109.6564269512892, 86.07537028146908, 223.6228894135589, 248.04398307689]
137 6 [109.6941519677639, 87.7376299793832, 223.6615837101871, 249.6966962451535]
138 6 [110.7674821317196, 85.12035307241604, 224.754202923053, 247.062638781746]
139 6 [109.2498814761639, 87.46508058859035, 223.2422751777107, 249.4158086014586]
140 6 [110.4638489186764, 88.33029964519665, 224.429835981601, 250.2959665025072]
141 6 [109.6345179975033, 87.00943186832592, 223.6139623181755, 248.9666932583647]
142 6 [109.3462462723255, 84.72450092388317, 223.3487085716659, 246.6887183202105]
143 6 [109.7286988794804, 81.56005886150524, 223.7632786767418, 243.5479072702723]
144 6 [109.7353461859748, 80.67659011436626, 223.7537038543681, 242.6345792282419]
145 4 [108.5164208291099, 82.74483814788982, 222.5384186568717, 244.7158261407213]
146 4 [108.0784296272323, 84.74182715965435, 222.0838468327979, 246.7288060952025]
147 4 [108.0818234405015, 84.74816378951073, 222.0873097741977, 246.7352189170429]
148 4 [106.7500059327576, 81.85296449065208, 220.7463721317425, 243.8211043929169]
149 4 [107.1088964066003, 81.855622041272, 221.104229718335, 243.8104418360768]
150 4 [106.4628774246667, 81.59151892666705, 220.4795242821053, 243.5709422742901]
151 4 [107.5044945797417, 81.10555233363994, 221.522010457404, 243.0927087407885]
152 2 [106.8907140216325, 81.68907936220057, 220.8805538295582, 243.6905410474119]
153 2 [106.9500310516451, 80.62083168630488, 220.9428442620113, 242.6071475928602]
154 1 [105.0573761558626, 80.42367403511889, 219.024700226672, 242.4352122145472]
155 2 [105.0688762303907, 80.44023971376009, 219.0363815273158, 242.4519712017243]
156 5 [102.0049876805861, 80.00198994693346, 215.9576038183085, 242.0107322297757]
157 9 [103.0984845992643, 82.20511041698046, 217.0446632326953, 244.1802496443456]
158 5 [102.9763935816009, 80.02740417537279, 216.9127065811865, 241.9587751541799]
159 1 [103.5183349263389, 80.09488265332766, 217.435859999489, 241.992087551183]
160 5 [101.3624549519736, 78.07823293027468, 215.2528488896601, 239.9835216270154]
161 5 [101.4311490815599, 78.04663347569294, 215.3017704646103, 239.9446976794069]
162 5 [100.5256136816461, 80.01840566960163, 214.3978535367362, 241.9349700368707]
163 5 [101.8712283533532, 84.30530428257771, 215.7559785641543, 246.1984540141885]
164 5 [101.6087639790494, 84.01916875806637, 215.5138406373374, 245.9095116321509]
165 5 [101.1443705123384, 80.03242006269284, 215.0762046326511, 241.9162981252139]
166 1 [102.9718875449617, 78.09273221460171, 216.8910649372451, 239.9579944650595]
167 1 [103.7836066645104, 76.10468389955349, 217.6982604087703, 237.9699057889217]
168 5 [100.5424763124902, 78.15484812227078, 214.452629322242, 239.9977912020915]
169 7 [97.82543362793513, 76.80173661676236, 211.7280615661852, 238.6276421928638]
170 7 [97.90982493874617, 77.07105516758747, 211.8412378220074, 238.899063691073]
171 7 [97.42725202557631, 78.01037746039219, 211.3715869395248, 239.8609737004572]
172 7 [97.47860526782461, 78.07273287442513, 211.4236244646273, 239.9240922746294]
173 7 [98.54756068927236, 76.48764319089241, 212.494802623596, 238.3502553829783]
174 7 [99.00665646535344, 76.03214121726342, 212.9052322562597, 237.9006551644438]
175 7 [101.0385375593323, 79.01249671843834, 214.9384983309172, 240.8476247617834]
176 7 [99.92416006070562, 80.06707216170616, 213.8407910605333, 241.904984791004]
177 7 [99.95788157102652, 80.11106106755324, 213.874983201269, 241.9494796716281]
178 7 [100.3551318359096, 76.11991140362807, 214.2422057905234, 237.9668118648835]
179 7 [99.81846705195494, 81.72061273572035, 213.7201594641245, 243.5651597196468]
180 7 [98.05755165335722, 80.05145451542921, 211.9953706505335, 241.9086302811512]
181 7 [94.84882000205107, 80.04951120831538, 208.7896380540169, 241.8969808136112]
182 7 [97.14763262984343, 80.07110720791388, 211.1123754187859, 241.8980671028978]
183 7 [98.76337292906828, 81.97114199318457, 212.7062403341568, 243.8115023867971]
184 7 [97.76080337283202, 82.12220075645018, 211.717811061982, 243.946209429968]
185 7 [98.07732308027335, 82.62138414301444, 212.0291985985077, 244.4516231678611]
186 7 [97.9351652127225, 86.27142023958731, 211.8946613111532, 248.1205917428619]
187 7 [98.44666527328081, 88.59318590082694, 212.4352465310133, 250.4277553819305]
188 7 [99.10314492997713, 88.96911516704131, 213.066740321163, 250.7994529600626]
189 7 [99.7338638168294, 88.07053050317336, 213.6778425993956, 249.9169995422846]
190 7 [98.04775630054064, 88.20904651202727, 211.9675765647925, 250.0591598327643]
191 7 [97.07880739984103, 88.95876803912688, 210.9930129411257, 250.8003117902762]
192 7 [98.05778853711672, 88.85363484837581, 211.9970309355296, 250.6922574897295]
193 7 [99.12466077622958, 88.69221883930732, 213.0897300841845, 250.5189395250565]
194 7 [99.04373768088408, 86.79189926304389, 212.9636647292412, 248.6104125322586]
195 7 [98.72537312027998, 88.42208987392951, 212.6299066015519, 250.2549845625645]
196 7 [100.0123133372981, 88.37675063975621, 213.934703385476, 250.2006031553632]
197 7 [98.41591486451216, 88.75374578603078, 212.3263266774453, 250.6148849336988]
198 7 [99.05681702611037, 88.41458984382916, 212.9768867441453, 250.2583125357515]
199 7 [98.20038816449232, 88.22989190288354, 212.1510950752534, 250.0814935837871]
200 7 [99.44759628293105, 88.94928771920968, 213.371900202874, 250.7911086814291]
201 7 [101.0673900556285, 89.81767434545327, 214.953750447873, 251.6678806083089]
202 7 [101.0128266040701, 89.00654400058556, 214.8676733196712, 250.8744539098627]
203 7 [99.52932695788331, 88.93796525069047, 213.3989596808887, 250.7882381682283]
204 7 [100.0700627390761, 87.39537105627824, 213.9330582637525, 249.2402189932949]
205 7 [100.0979124580044, 87.45268193178345, 213.961553786043, 249.2982343936152]
206 7 [101.0852500472684, 89.0803304045694, 214.9354414632357, 250.9232707220501]
207 7 [99.13852360588498, 89.00736023031641, 212.9691236379183, 250.8475628167576]
208 7 [99.16903807898052, 90.03769923292566, 212.9757233184761, 251.8890406793541]
209 7 [99.0088705488015, 90.03667581046466, 212.8061744594759, 251.9045294982566]
210 7 [100.0337902971078, 89.23843204940204, 213.8729050445742, 251.0676378161086]
211 7 [98.95976919610985, 92.65802514518146, 212.7853718018717, 254.5186065990104]
212 7 [99.07297734846361, 92.08810502255801, 212.9309979406185, 253.9140352303161]
213 7 [99.09741524164565, 93.15871721471194, 212.9775037025101, 254.9735742706432]
214 7 [99.0902403856162, 93.23341192270163, 212.9461877160332, 255.0306273270024]
215 7 [98.49748679646291, 96.03291071916465, 212.3286481051705, 257.8673985720052]
216 7 [97.4216401244048, 97.11105145479087, 211.2962795214913, 258.9393058407678]
217 7 [97.0280936921481, 97.06357375497464, 210.8833672969601, 258.9183627149835]
218 7 [97.19002434262075, 97.0970360893989, 211.045826567579, 258.9524779943749]
219 7 [96.67493936070241, 97.03651759366039, 210.5168787540681, 258.8798545665666]
220 7 [96.94221040257253, 97.09967556933407, 210.7848803781903, 258.9438200789317]
221 7 [97.88280155905522, 93.74417439440731, 211.715617415849, 255.56230847653]
222 7 [99.1189177299384, 92.43175796011929, 212.9763686203397, 254.2372483437881]
223 7 [99.0704671072308, 91.04283598402981, 212.9499719617701, 252.8479762057215]
224 7 [98.96389550738968, 86.83166674117092, 212.8556057027913, 248.6263347224146]
225 7 [97.71963269286789, 82.65191534499172, 211.6128694985247, 244.4401974944025]
226 7 [98.02792648249306, 78.64879301527981, 211.9430244765616, 240.4415247038752]
227 7 [96.31333390646614, 75.9587524269009, 210.2381288776732, 237.7558437634259]
228 7 [97.32658091955818, 71.58716276625637, 211.2738123069144, 233.3882036555558]
229 7 [99.58805767470039, 68.9954099986935, 213.4914338717795, 230.7872270590812]
230 7 [99.15433520847, 65.47653273085598, 213.0686211250163, 227.2418831021338]
231 7 [102.9975053744856, 63.2171912525082, 216.9116967391315, 224.9646954459697]
232 7 [102.0725144224707, 62.25596765021328, 215.9789103257003, 223.999067125991]
233 7 [100.0762257652823, 59.87176660040859, 213.9773620366397, 221.6351864964515]
234 5 [101.6505488234107, 56.01170710066799, 215.5517639256826, 217.7681144166737]
235 5 [101.100017197663, 53.8598127696896, 214.9875637246481, 215.6548300624638]
236 5 [98.10131705575623, 53.25897780398373, 211.9613581897131, 215.0310994578153]
237 5 [98.00810074084438, 53.51939601043705, 211.8405978698841, 215.2784198678285]
238 5 [102.0950262474362, 53.71914820710663, 215.9439466924777, 215.4631713718921]
239 9 [105.1700007843319, 54.3630363229895, 219.0536121554485, 216.094136653617]
240 9 [106.6334972309414, 53.40737603942398, 220.5232385392299, 215.1353402666002]
241 5 [106.8959924506489, 56.54733823577408, 220.8087996358981, 218.2839095757156]
242 5 [106.9852106126491, 56.66528927872423, 220.8992971689811, 218.4032267873734]
243 1 [108.4096159490291, 61.14019381592516, 222.2980207355132, 222.8778359212726]
244 1 [108.9447749408428, 63.01149320194963, 222.8240691847911, 224.7583876349777]
245 1 [109.9727364333812, 61.18925165722612, 223.8774917121044, 222.9334306889027]
246 5 [108.9031099828426, 63.19716858456377, 222.7982822979799, 224.9407336851582]
247 5 [109.4175974878017, 61.22243666241411, 223.3279454470983, 222.9908909245953]
248 5 [110.8253024371807, 61.02019407937769, 224.7192366148344, 222.7833946975693]
249 5 [111.9191199096385, 60.31243022868875, 225.8173927186242, 222.0502792557701]
250 5 [110.8357684167568, 66.45822700450663, 224.7450314341297, 228.2056787302718]
251 5 [111.8784205468837, 65.17349442432169, 225.7979549000969, 226.9115134033188]
252 5 [111.8917701330502, 65.07375991682056, 225.8144676409846, 226.7912343620882]
253 5 [112.030921587022, 66.05445891956333, 225.951703050602, 227.8049108528718]
254 5 [112.1654379901011, 66.21824133733753, 226.0879737910813, 227.9705554778502]
255 1 [113.4894002017099, 70.15566289762501, 227.4212521264141, 231.9161262537167]
256 4 [113.3211583879311, 70.08404483983759, 227.2474910411423, 231.8103992233798]
257 4 [113.3872959029395, 70.19918112049345, 227.3031899768298, 231.9358939174936]
258 1 [113.4390011962969, 72.04499344120268, 227.3478926792925, 233.7947771171853]
259 5 [112.6261471447069, 70.94220046291594, 226.557980922777, 232.7223400906846]
260 5 [110.4910448726732, 71.02850664744619, 224.3632085982149, 232.7872459832952]
261 5 [109.6726306017954, 74.04692829737905, 223.5233541122263, 235.8215282575414]
262 1 [110.6729918059427, 80.43899334559683, 224.5020225659197, 242.1989422766492]
263 1 [113.9444394644816, 79.25808025489096, 227.7511281505411, 240.982795769386]
264 1 [112.5888929900248, 79.24806174973492, 226.414496134836, 240.9512388158963]
265 4 [109.7216072615702, 76.7180999253178, 223.5837544170206, 238.4088132609055]
266 4 [109.1631497677881, 75.3036654923344, 223.0400864210909, 236.9881092007086]
267 5 [110.1209396657068, 74.3941065404797, 224.0105997052973, 236.057255373709]
268 5 [109.2398588594515, 74.02987388113979, 223.1334015792792, 235.6800963349269]
269 1 [110.706594580086, 74.71659550408367, 224.6406330055182, 236.3442007274554]
270 4 [109.3469512399752, 74.29735067824367, 223.2671431416457, 235.8886378593371]
271 4 [111.1609189447481, 73.0216985080624, 225.0617916375583, 234.5900070662425]
272 9 [110.0030913290102, 74.64220479468349, 223.8958010447209, 236.2224575872348]
273 9 [108.8642812904436, 74.5342854593182, 222.7934502828305, 236.1026455743239]
274 9 [109.9165757831652, 73.8465994928265, 223.8986504352277, 235.4175889859722]
275 9 [109.1925727662165, 79.00327816943172, 223.1933537197297, 240.5306415877865]
276 9 [108.8900119599421, 81.84824315051083, 222.9023923433011, 243.3643723807857]
277 9 [108.2893660601694, 82.52752855757717, 222.2967875260299, 244.0227254829929]
278 9 [107.6497666176874, 79.1536028716946, 221.7124276322311, 240.6648015461491]
279 9 [107.6840796594042, 72.81066492537502, 221.770990621019, 234.2753981504963]
280 9 [105.479778302135, 76.01176026801113, 219.5730536766535, 237.4646315715835]
281 9 [104.5994627599139, 77.13595417479519, 218.7050216753965, 238.5877438976244]
282 9 [104.2732142035384, 80.55979112128262, 218.3847799743896, 242.0199498637394]
283 9 [103.6914124314208, 80.16446796397213, 217.7971814663893, 241.6541507704929]
284 9 [102.9068746988196, 81.9375486705685, 216.9964978976732, 243.4058195408062]
285 9 [102.2616993610282, 82.77430650929455, 216.3356604524141, 244.2292537244038]
286 9 [101.9288701836485, 84.76819059590343, 216.0055698473936, 246.213866721578]
287 9 [100.617791992845, 86.67794773320202, 214.6829308612829, 248.1280424370245]
288 9 [101.1251101915259, 86.99910438398365, 215.188686922211, 248.4236312820391]
289 9 [98.90829996508546, 82.65573108533863, 212.9608739835208, 244.0673546840624]
290 9 [98.18092886847444, 82.67469473148231, 212.2105724722331, 244.0766396737472]
291 9 [98.32720796507783, 84.04754979873542, 212.3607731145804, 245.4274847484008]
292 9 [98.47656492632814, 83.13950742746238, 212.5129908219164, 244.5348365116493]
293 9 [97.99948255461641, 83.122994713136, 212.0217574027365, 244.5238339499012]
294 9 [97.70543230813928, 84.17454069072846, 211.7031600609606, 245.5983070639149]
295 9 [97.3161789898295, 83.12253683025483, 211.291275788862, 244.5399873826281]
296 9 [97.42768852156587, 84.9634408276761, 211.4072162714784, 246.3765418213979]
297 9 [97.23911261302419, 82.92839734966401, 211.2135871282404, 244.3596269828454]
298 9 [97.14575519156642, 82.62305008585099, 211.0992551088517, 244.0532106127963]
299 9 [97.65145762753673, 83.6108503859723, 211.5919153058713, 245.0173807754741]
300 9 [97.80041757714935, 82.90515869075898, 211.708477866072, 244.3499260702357]
301 9 [97.0289765347261, 85.15534060413484, 210.904300796408, 246.5787697592006]
302 9 [97.11397003126331, 88.52710431034211, 210.957490677852, 249.9609631493316]
303 9 [96.3052241106052, 91.07550304348115, 210.1292809820359, 252.5244822767005]
304 9 [96.78116132807918, 87.92221229488496, 210.5992299342339, 249.3947610404715]
305 9 [96.64241856825538, 87.82709645444993, 210.4855511206573, 249.2954237627611]
306 9 [96.80399328959175, 90.6469986360753, 210.6550479918902, 252.1241382217035]
307 9 [97.32515866053291, 87.14926098997239, 211.1743228452092, 248.6247624951229]
308 9 [96.99002218735404, 87.5007122081006, 210.8265965800171, 248.964692994915]
309 9 [95.248991971137, 87.70259649271611, 209.0911228250151, 249.1640193113313]
310 9 [97.90177393448539, 86.07137412542943, 211.7580923639422, 247.5225820085034]
311 9 [97.62622342002578, 87.90502721781377, 211.4586338804846, 249.354073050283]
312 9 [97.20329484832473, 86.71613544935826, 211.0278424321298, 248.157224833034]
313 9 [98.76585469138809, 85.13819057459477, 212.5945582552438, 246.5752331009135]
314 9 [98.55624492955394, 86.03116042132024, 212.3980273677592, 247.434379724525]
315 9 [97.54843338322826, 85.43688709253911, 211.3928113462214, 246.8025199904666]
316 9 [97.11535387230106, 82.18808633799199, 210.9843084897285, 243.5399182477222]
317 9 [97.62280063820072, 81.32010919565801, 211.5305746950393, 242.6705453183875]
318 9 [97.91243009758182, 81.66658169741277, 211.8240187679415, 243.0213527240977]
319 9 [97.312036087038, 80.72209305281285, 211.2283126132374, 242.0821646716819]
320 9 [97.47146560740657, 80.9283371042693, 211.3900061616485, 242.2908278040216]
321 9 [97.77839775872417, 79.69766164536122, 211.6745938357895, 241.0479416553304]
322 9 [99.01733620953746, 79.22201410646085, 212.8887862500732, 240.5325457624719]
323 9 [99.49015696835704, 79.73449782247189, 213.3384089693611, 241.0566817716882]
324 9 [100.0808271367569, 78.58507875318173, 213.9193213322943, 239.8952779416368]
325 9 [99.97317611170001, 78.62564679200295, 213.7889900651758, 239.8898176811264]
326 5 [96.49034701776691, 77.19652482087258, 210.2823254814928, 238.4739198301361]
327 5 [97.94040869665332, 80.8723480325425, 211.728013671059, 242.1335019097851]
328 2 [98.63331954670139, 80.66835562104825, 212.4304635548776, 241.9138278691099]
329 1 [98.19867425155826, 80.3239701759303, 212.0018289625829, 241.5590383235738]
330 1 [98.43810214591213, 80.61089328641538, 212.2443287480061, 241.8492234073208]
331 1 [97.95255686831661, 81.74630931729917, 211.752661852855, 242.9887059424446]
332 1 [95.50525285792537, 81.03324351424817, 209.3074358749574, 242.2502586172149]
333 1 [95.44741054368205, 81.90090141410474, 209.2474115117078, 243.1278473828361]
334 1 [92.67377467942424, 82.50242993945722, 206.4400497181898, 243.7402273247764]
335 1 [93.74326892686077, 81.22846148128156, 207.5104342102443, 242.4661050375831]
336 1 [93.50411868584342, 80.84976289386395, 207.3028274028932, 242.0856521233451]
337 5 [91.4311802436132, 85.37268779391889, 205.2548172991907, 246.6295643743408]
338 5 [89.41578579437919, 84.15476629848126, 203.2284635251199, 245.420461993469]
339 5 [90.52438557636924, 84.48713470215444, 204.3440613543426, 245.768632124914]
340 1 [91.55999970925041, 85.21807307715062, 205.3702058571016, 246.5255800881517]
341 1 [89.68185747158714, 83.34119350428227, 203.4971498089468, 244.6209914317262]
342 4 [87.35979021084495, 82.67988515610341, 201.1786327051555, 243.9772645547521]
343 5 [85.69539094460197, 84.22409022564534, 199.5433193182384, 245.4807725932729]
344 4 [85.23605680954643, 80.73156131024007, 199.0861495083009, 241.9855488389266]
345 9 [81.82496905815788, 81.0561992895091, 195.6912000995313, 242.3033366590273]
346 9 [80.62210023892112, 82.77896008605603, 194.4935430812275, 244.034320865227]
347 9 [79.58137155068107, 84.08485815639142, 193.4511009232139, 245.3320234393609]
348 9 [76.19833589089103, 83.32940075511579, 190.0498942116832, 244.577173101185]
349 9 [75.88329059374519, 83.46613877231721, 189.7306874693369, 244.6821836208087]
350 8 [78.34893805277534, 89.44567149097566, 192.1726137793993, 250.6518919991237]
351 8 [81.30257708323188, 85.8374802392209, 195.1403626216386, 247.0617160307151]
352 8 [79.62167817843147, 78.42246025020722, 193.4399386931394, 239.6493896661979]
353 8 [79.21443725121208, 73.31321065837983, 193.0338479852115, 234.5344210319501]
354 8 [81.44734287750907, 68.33624761516694, 195.2854388331805, 229.5559253035766]
355 8 [80.19263697159477, 63.57387130672578, 194.064396111909, 224.7746706091148]
