FaceOcc2 0
2 1 [118.4066206812859, 56.36482685804367, 200.4004504489899, 154.3537751114369]
3 5 [119.0220129489899, 56.21499086916447, 201.0207051289082, 154.1988530045748]
4 2 [118.3237224817276, 56.00601620972157, 200.2855736577511, 153.983063737154]
5 2 [118.282885864377, 55.74740006029606, 200.2058582562208, 153.7299256086349]
6 2 [119.1311777383089, 55.0368779450655, 201.0895243924857, 152.9762358117104]
7 2 [119.2137071341276, 55.15158927440643, 201.1734260359407, 153.0927717882395]
8 2 [121.4348851889372, 56.06277745962143, 203.4072162368894, 153.9947774887085]
9 2 [123.1858520954847, 55.03762143850327, 205.1248143938184, 152.9862459003925]
10 2 [123.6538159102202, 55.04295668192208, 205.595998865664, 152.9643515629321]
11 2 [122.7944030016661, 55.04170465876814, 204.7323445734382, 152.9641413238412]
12 2 [123.1108840554953, 55.01550608535763, 205.0455861705542, 152.9374111488974]
13 2 [123.8471889346838, 54.03126167913433, 205.7809468027205, 151.9800945881521]
14 2 [124.5795381516218, 53.76085868140217, 206.5518130441755, 151.711527335546]
15 2 [124.8740400820971, 54.00548740883824, 206.8435490920395, 151.9853812526678]
16 2 [124.8069550618529, 53.42936887999531, 206.8003169541806, 151.3896507667517]
17 2 [124.2971445545554, 54.02846398612019, 206.3076061790437, 151.9808141612028]
18 2 [123.7550654038787, 54.00295365450438, 205.7398796933145, 151.9481139984494]
19 2 [122.3996588811278, 54.03429930878338, 204.3760740339011, 151.9874620859092]
20 2 [120.9550517424941, 56.05703156662639, 202.9275184091181, 153.978879241175]
21 2 [121.2874900922179, 53.01759117317852, 203.288586493358, 150.9127179209655]
22 2 [118.1046955212951, 56.04179280472454, 200.1198228236288, 153.9679034940665]
23 2 [118.9426618441939, 57.04922455025371, 200.9559983346611, 154.9713670529192]
24 2 [119.7175356373191, 53.05835622025188, 201.7087317059189, 150.9943334080045]
25 2 [118.3271901831031, 53.01428791356739, 200.3527887818963, 150.9408878572052]
26 2 [118.566240273416, 53.04972038639244, 200.5541734120995, 150.9817082197731]
27 2 [118.7527989670634, 54.03435466659721, 200.734547950998, 151.9647541120415]
28 2 [117.587039642036, 54.042149640969, 199.565582081154, 151.9526310308789]
29 2 [115.8429903313518, 56.41381082718726, 197.8208591306955, 154.290756519637]
30 2 [114.3958036229014, 55.11861167137977, 196.3667466635258, 152.9743504651402]
31 2 [113.004459194839, 56.00810543482658, 194.9794678071887, 153.8467071159695]
32 2 [113.0322548802942, 54.65608314459678, 194.9847442737222, 152.4824128838395]
33 5 [113.7278541382402, 54.13354597275611, 195.7141957297922, 151.9415088232373]
34 2 [111.2279614266008, 54.16740872373339, 193.1959641614557, 151.9647587299859]
35 2 [111.0028119739145, 54.65646703948733, 192.9699685215951, 152.4365261400258]
36 2 [111.023279517889, 55.05618717183825, 192.9787769762428, 152.8556295431172]
37 5 [111.3358536660671, 54.14351995696779, 193.2317596069725, 151.9420757967745]
38 5 [111.3714202530682, 54.0304427932715, 193.2637264820189, 151.8045296770846]
39 5 [111.0679538138211, 55.03735001792666, 192.954742273912, 152.7978504187381]
40 5 [110.8087292797864, 56.10738094558474, 192.7042289712281, 153.8513651997363]
41 5 [106.6543389447033, 57.12202461471316, 188.5683140709252, 154.8644094554102]
42 5 [106.0543519742787, 57.70621003617998, 187.9734873583169, 155.4440965328132]
43 7 [106.9179265983403, 55.03711523523089, 188.8143613698335, 152.8005117139732]
44 7 [106.0928763635457, 54.30948521604296, 187.992102731988, 152.0887828276073]
45 7 [108.0033280141652, 55.02272524347063, 189.9350649135561, 152.7998017737781]
46 5 [108.2413460947573, 54.87367517163511, 190.1490890585633, 152.6572199979936]
47 5 [107.0674849487841, 55.14497125556227, 188.9873278080673, 152.8970835558092]
48 5 [106.7383185364306, 53.30489743163344, 188.6515411161633, 151.0425981346284]
49 5 [105.0542195774615, 53.08032936265227, 186.9526384150238, 150.8045596150075]
50 5 [105.5526261664927, 52.51058024575468, 187.4596944218131, 150.2521199635183]
51 5 [106.16375843063, 53.72874862363096, 188.0867457550021, 151.4604041365301]
52 5 [107.2515485621989, 54.12413245846983, 189.1722726691516, 151.8583904585754]
53 5 [108.2075139023364, 52.76553076913115, 190.1576290858539, 150.4839988789474]
54 5 [109.1831939555705, 53.24805260112044, 191.1756494653972, 150.9909176931297]
55 5 [109.8770771957934, 52.24847346951719, 191.8267152369769, 150.0077172992145]
56 5 [109.1567368842661, 53.17470771481749, 191.1163317019494, 150.9807003495609]
57 5 [110.4704803563654, 51.83788043668028, 192.454467938617, 149.6501031414186]
58 5 [110.2863942869008, 51.18513441493269, 192.2597565365584, 148.9780196491396]
59 5 [106.6561967618763, 51.14713393186685, 188.625437712148, 148.9403357572993]
60 5 [107.6579599864781, 50.10838578676339, 189.6471811480076, 147.9095340962847]
61 5 [107.2257147617638, 50.11306585918646, 189.1832242257149, 147.9284763800306]
62 2 [108.0283507890999, 51.19225337158423, 189.9862659629808, 148.99306246988]
63 5 [113.278010327369, 50.56994797836524, 195.2375148543344, 148.3699428728921]
64 2 [116.1991569586098, 50.15722059260588, 198.1786193045602, 147.9718406609399]
65 5 [118.0984974689782, 50.06182345550042, 200.0782230759227, 147.8652076298696]
66 3 [117.7207767553628, 54.22374447982293, 199.7079067832792, 152.0233357999426]
67 3 [118.3099186010659, 57.98059424560051, 200.3092467302644, 155.7834275270206]
68 3 [120.7704984731972, 57.7714795897482, 202.7413181180322, 155.5664258659584]
69 3 [120.0061465092003, 57.26727567415219, 201.9532734436357, 155.0931210005981]
70 3 [119.0869623608887, 57.56382529239636, 200.9928557986581, 155.3903790389699]
71 3 [115.43612184003, 57.87851597170811, 197.3662933368051, 155.6894839297933]
72 3 [116.9959483332932, 57.83552398707252, 198.9460969633424, 155.6682851294381]
73 3 [117.0237528998405, 57.44977542187553, 198.9930130880886, 155.312871353994]
74 3 [117.0702172946185, 56.42871841217857, 198.9970291672462, 154.288051293562]
75 3 [117.0885006319732, 56.94309588696342, 198.9898999284023, 154.8043958873254]
76 3 [122.9011174570769, 57.48032798792701, 204.7942054156774, 155.3426823926669]
77 3 [125.1433073412627, 53.44039144541603, 207.0029259376043, 151.2562967086536]
78 3 [125.7792560588568, 50.1309229376493, 207.613231952619, 147.9577408612472]
79 4 [123.6615724097937, 47.02699866320472, 205.4781636623853, 144.8479665321809]
80 4 [124.4577568303794, 45.00784053828102, 206.3056895069593, 142.813353449772]
81 4 [122.5559421312064, 41.07868304278236, 204.4160838012213, 138.8523539919358]
82 4 [125.9433093797416, 38.00145831133705, 207.7927771226877, 135.7775779845518]
83 6 [122.5670068990439, 35.23936643626075, 204.4132410539502, 132.9853010275167]
84 1 [127.0193956624717, 32.24133672739845, 208.8466154004449, 129.9790538384717]
85 2 [128.1522656213492, 34.259113931912, 210.0250349570626, 131.98081024311]
86 2 [128.9608740936965, 34.0033215227304, 210.852897033822, 131.6951979973119]
87 2 [127.5427500139922, 34.11619376565795, 209.4493042518014, 131.8044347356957]
88 2 [127.2512927185744, 35.16883301164489, 209.1395952309483, 132.8440968298119]
89 2 [125.9237088095397, 37.07558726693969, 207.807112641167, 134.7530585365695]
90 2 [125.9530855510384, 41.70735406305175, 207.8151983150655, 139.3599936609668]
91 2 [126.0053139235824, 45.0957596244989, 207.8485333169812, 142.7198066263599]
92 2 [125.0764985587448, 45.27160599257331, 206.9304134203309, 142.8885058557195]
93 2 [125.0089979525656, 46.82566430594306, 206.8768775375003, 144.4057390939397]
94 2 [126.1324895974249, 49.19636847998481, 207.977715760004, 146.7419717823667]
95 3 [125.8236734326929, 55.48468377615791, 207.701189949047, 153.0293711031926]
96 3 [124.2651524003595, 57.88798382307869, 206.1306523974056, 155.4320934567926]
97 3 [126.048469370231, 57.81039881135803, 207.9247269196624, 155.3264329717634]
98 3 [121.6492136176676, 57.79808446380775, 203.5200900704975, 155.2849939494161]
99 3 [120.0603830274195, 57.95290445897263, 201.9512522788162, 155.4261995499161]
100 3 [119.0849129017443, 57.95502174843568, 200.9745863103683, 155.4385699826897]
101 7 [117.6674083527178, 57.367016801727, 199.5568649014833, 154.8179582268418]
102 7 [117.8464061375707, 56.65314866055269, 199.7284356573227, 154.0966975558222]
103 3 [120.6030899640173, 57.56583810795564, 202.4989521804454, 155.0027191007555]
104 3 [120.7349598761648, 57.75161580194254, 202.633140909076, 155.1890559498266]
105 3 [123.2823095675558, 57.70018276025076, 205.1789183558526, 155.1588830576138]
106 3 [124.7478498574346, 57.65983254287858, 206.6444056950931, 155.0775363697902]
107 3 [124.8886704500765, 57.86198887799401, 206.7880624418382, 155.2805100813554]
108 3 [125.1174743529409, 57.9457978514256, 207.0180597941254, 155.3657704408512]
109 3 [125.8023392315954, 57.60896815930028, 207.7240424696777, 155.0279376530693]
110 3 [125.8511990439147, 57.60210111516062, 207.7613569219087, 155.0244267617025]
111 3 [125.0491832625121, 57.9497556068236, 206.9661037172053, 155.3595859931269]
112 3 [125.0647616051137, 57.73095744627062, 206.9517784762804, 155.1600629030027]
113 3 [126.0375405214727, 57.88329328375403, 207.9201099691216, 155.3063574026384]
114 3 [125.6765943132341, 57.96134874748532, 207.5895281455342, 155.3921273375907]
115 3 [125.0783369503915, 57.83776727842633, 206.9807513043706, 155.2834280992904]
116 3 [125.1033149398863, 57.77882900985424, 206.9784678841058, 155.2112482714512]
117 3 [124.4276008047164, 57.73693236487452, 206.3240046906893, 155.1772418378153]
118 3 [125.7961863912642, 57.68683720158879, 207.7120535886709, 155.1268268496775]
119 3 [124.4401552118361, 57.83181837724987, 206.3600704038565, 155.2790982050681]
120 3 [120.1289259828627, 57.36277422832791, 202.1066374624197, 154.8214478893065]
121 3 [122.9862737096846, 57.82910365390126, 204.986746221823, 155.2748143238806]
122 3 [124.4602324403822, 57.84992637264077, 206.4355424154227, 155.2979392429674]
123 3 [124.5029309280217, 57.96800597535912, 206.4797079308753, 155.4177654802286]
124 3 [122.3694434650242, 57.82159403490368, 204.3400575723176, 155.2569381421292]
125 3 [122.6048790998757, 57.92381945031229, 204.5768067120438, 155.3607489571953]
126 3 [124.7223448343575, 57.64610770123545, 206.6940647117098, 155.0751254097605]
127 3 [122.0351693220437, 53.1739483155543, 204.0133032438953, 150.6401422421122]
128 1 [121.629778880626, 48.20462515729014, 203.6093676916559, 145.6739691571379]
129 5 [122.1415667720139, 41.39465906994883, 204.1243262905677, 138.8977664975309]
130 4 [121.1681010313332, 37.2543492593104, 203.169642015179, 134.7596206025267]
131 6 [121.9458719082177, 32.3885855950648, 203.900746494015, 129.8735189298773]
132 6 [122.1456008292735, 30.05609276669566, 204.1028049952586, 127.5461035672808]
133 6 [122.5521813072264, 27.37596538441721, 204.5197836739619, 124.8688699675584]
134 6 [120.8006802238524, 24.05695441144053, 202.7425269968112, 121.5695607341313]
135 6 [120.2405293621123, 31.01763918774668, 202.1883012575705, 128.5202736867452]
136 6 [122.0693836845458, 37.29650833981577, 204.0073025561173, 134.8074334413791]
137 2 [124.9545248188078, 43.14747860806529, 206.941090407451, 140.6581026913272]
138 2 [128.5438903011382, 47.03177597897593, 210.516141378959, 144.5449209864484]
139 2 [129.447991553694, 50.16460612195078, 211.4187228212555, 147.6789025539951]
140 2 [131.0063529647887, 51.29485669510905, 212.9451730284889, 148.8183998967008]
141 1 [129.6176578439772, 50.42130717413966, 211.5564627994681, 147.9583292771177]
142 2 [130.041266117245, 50.37611858325545, 211.9957362188483, 147.8973648280696]
143 1 [129.9976894818246, 51.37684039550368, 211.9917602895284, 148.906881389697]
144 1 [129.4289888702333, 51.13208353298251, 211.4399342046762, 148.678801726778]
145 1 [129.25139201805, 50.3970885850722, 211.2567983882213, 147.9916771764354]
146 1 [130.2113430015743, 51.20462184923235, 212.2325381295467, 148.8073984343604]
147 1 [130.3114414103329, 51.3635325707728, 212.3345273415828, 148.9685904135601]
148 1 [130.2476877607405, 50.12629988568369, 212.2609563802267, 147.7282495417492]
149 1 [130.4378377683461, 50.39200642483775, 212.4517810317958, 147.9950699337618]
150 1 [129.9997808821499, 50.23518645542208, 212.0166565904106, 147.8632457777159]
151 5 [128.8896729834378, 50.00309511797968, 210.8970795229162, 147.6358450447814]
152 1 [129.9997818358243, 51.46349987166468, 212.0250192263807, 149.0992408969299]
153 1 [128.9796199686825, 51.05713233130518, 211.0152065661634, 148.6940947565482]
154 1 [129.1266025044024, 50.0872099675471, 211.1157135388339, 147.7237967349262]
155 1 [129.3622390814126, 50.16201824473683, 211.3525338108922, 147.8000975040765]
156 1 [129.5059403963387, 50.35758448170964, 211.4986217270876, 147.9989459214778]
157 1 [129.1637731380761, 50.24217958527152, 211.1744748102213, 147.9049895156593]
158 5 [126.0945795364678, 50.28688912990037, 208.1230484281565, 147.9518231947393]
159 5 [124.4818898029625, 53.37184482219163, 206.5271945534731, 151.0752383763762]
160 5 [122.476830560714, 53.81298514606897, 204.4856205044771, 151.5168990673916]
161 5 [122.3028906919062, 54.69222637417261, 204.3101098463023, 152.4247273197071]
162 5 [120.5940093137324, 53.88091214897577, 202.5753143283809, 151.5872568097012]
163 5 [122.8408412076533, 53.6508224994177, 204.7946854016269, 151.3785822483198]
164 5 [125.8734289743006, 48.75847754778806, 207.8176895555938, 146.4961393644707]
165 5 [126.0587691999972, 49.85613510909025, 207.9903548440421, 147.569987294902]
166 5 [127.0507045127451, 48.56724093260709, 208.9485820636238, 146.2344823291199]
167 5 [127.0302659962326, 48.56730902863637, 208.933822479778, 146.2134634843838]
168 5 [127.0684618074447, 49.76773083878652, 208.9492055096562, 147.4133337458965]
169 5 [126.1031427104026, 48.5263444252123, 207.9579874505932, 146.1666404166815]
170 5 [119.8592490870506, 52.71773875428335, 201.7145578200455, 150.3325940480825]
171 5 [120.752048285678, 54.75995910836355, 202.5930300981636, 152.3774780872461]
172 5 [122.0651476699859, 54.52493115438119, 203.9351973397369, 152.1309969004986]
173 5 [124.05016127415, 54.43556047154561, 205.9084750659104, 152.0335158649084]
174 1 [128.5307907182723, 52.35194040013448, 210.3690667850609, 149.9318739357588]
175 1 [129.2641049344093, 52.09792662335531, 211.0995828283663, 149.6751454630491]
176 4 [124.9485722500831, 48.12330604268209, 206.787711674654, 145.685437698662]
177 4 [121.6110492665321, 49.28180874062673, 203.4642112726803, 146.8693421772119]
178 4 [118.819929452613, 51.25493515206472, 200.7059520883198, 148.8517975345251]
179 4 [118.4850673694164, 50.57591289950506, 200.375042309248, 148.176472226977]
180 9 [111.5404233951122, 53.45264334155218, 193.4402234501476, 151.0385455113646]
181 9 [111.9994584340602, 52.02323312235967, 193.9176203126545, 149.6240149813887]
182 9 [109.0553096551448, 52.51225066853658, 190.9375434941883, 150.1283518224951]
183 9 [110.1175040025264, 52.59247281325952, 191.9808072526093, 150.2022172659632]
184 9 [109.119362058118, 52.88182618392602, 190.9937104231949, 150.5334647625681]
185 9 [109.0396075863391, 52.04807200206415, 190.9036134345169, 149.6764077657458]
186 4 [106.972016396001, 49.47832026256219, 188.8494379932518, 147.1051507702467]
187 3 [110.0948844570667, 50.33747371209756, 191.9728347016583, 147.9843131485578]
188 3 [116.0914273876697, 55.6309679366459, 197.989522829176, 153.2481271067259]
189 7 [118.308540167287, 58.38016351236001, 200.2185611594925, 155.9641504183409]
190 7 [119.5146845001727, 58.38671029422403, 201.4297621102343, 155.9977290557881]
191 7 [119.871414186433, 58.00361419532419, 201.7418441505442, 155.6178250127096]
192 7 [120.3965441603214, 58.22813934896112, 202.2322382707606, 155.8667859511633]
193 7 [120.2260334212333, 58.33065901014925, 202.0525299323808, 155.9234170835276]
194 7 [119.4427946526557, 58.24618383560301, 201.3032057632218, 155.8288841771145]
195 7 [119.7128095645458, 58.33544204447389, 201.5745544816266, 155.9198337549527]
196 7 [119.5602627266198, 58.12579428467871, 201.4343228371154, 155.7279117990096]
197 7 [119.8234300184995, 58.28751542482496, 201.6994559269856, 155.8920293099244]
198 7 [119.1192662287504, 58.1507791510594, 201.0221697574567, 155.7629808575471]
199 7 [119.4598473180085, 58.27597204659105, 201.36437617761, 155.8901665779014]
200 7 [119.7391607630998, 58.37199005547882, 201.6451127029668, 155.9879633747597]
201 7 [119.8229105938226, 58.08164915505768, 201.7483263124238, 155.6700921594162]
202 7 [119.9414705056697, 58.27063585881115, 201.8577259547721, 155.8611870907803]
203 3 [118.3214181680232, 57.83268027070881, 200.2651469309341, 155.4104174231548]
204 7 [119.9170273561031, 58.38782666686893, 201.8652670116435, 155.9684169547815]
205 7 [118.1634296197444, 58.13154120806576, 200.1098359028708, 155.7351951318045]
206 7 [119.3045638818294, 58.04070022765518, 201.2633429400336, 155.6772777568359]
207 7 [119.9623845238239, 58.08562408078433, 201.9411322502505, 155.7105862549503]
208 7 [118.3170540947467, 57.37166182387591, 200.310822542132, 154.9905979607065]
209 7 [118.5315151233226, 57.09170455921412, 200.4924327854525, 154.752178638931]
210 7 [118.8177418131381, 57.20047252315999, 200.7801897684942, 154.8628375779647]
211 7 [119.0470496434718, 57.53209482569218, 201.0103949061494, 155.1958471195955]
212 7 [119.6343674082309, 58.02111949462415, 201.6265480271439, 155.660453036334]
213 7 [119.8459393251687, 58.30631114978314, 201.8428586015563, 155.9474978544373]
214 7 [119.4544605184346, 57.52252693910123, 201.4433942118745, 155.172480385508]
215 3 [124.1032003331929, 57.81693898577214, 206.0748965707879, 155.4805998971123]
216 3 [126.7623056340963, 57.47772612113477, 208.7124695101838, 155.1326514937539]
217 3 [128.6805057693273, 57.97024371165753, 210.6689094582658, 155.6048957016129]
218 3 [126.1368637252599, 57.76292811769963, 208.1287048054199, 155.4156086780686]
219 7 [127.0087888408452, 57.79361141536356, 208.9971265635352, 155.4560118493993]
220 7 [126.3748496938497, 57.78910008694948, 208.376591684566, 155.4641379383016]
221 7 [127.3777753282338, 58.1813008549434, 209.3597642717223, 155.8660513838936]
222 7 [126.8286179471761, 57.46884909894288, 208.7984784874777, 155.1475956746746]
223 7 [126.9480505455285, 57.65509416785062, 208.9201911682348, 155.336561999302]
224 3 [130.1946244705468, 55.4315357419473, 212.1469739836912, 153.1166789328862]
225 3 [130.0291269440204, 55.6517601075393, 211.9827504072051, 153.3248102551509]
226 3 [130.5747288484126, 56.41601348545373, 212.5162843260627, 154.0821887808848]
227 3 [129.0395247954875, 57.3967934313041, 210.989296890841, 155.0486908882666]
228 3 [129.0275196665898, 56.9679391148311, 210.9704611274685, 154.5967502981234]
229 3 [129.055511216633, 56.2364236476642, 210.9880295179125, 153.8829324811507]
230 3 [129.0411154739559, 56.3050831096989, 210.9277333540927, 153.9492957491983]
231 3 [126.0121318809688, 56.63027422007144, 207.8927164466392, 154.2669882972348]
232 3 [126.0441579855979, 56.89373631652416, 207.902611461104, 154.5038417596925]
233 3 [126.131408136338, 57.01511376973213, 207.9955126417886, 154.6335668666471]
234 3 [126.1035716459155, 56.55366513010085, 207.9562975376557, 154.1773699648488]
235 3 [125.0007102414966, 56.48311351861776, 206.8676825135659, 154.1229041401852]
236 3 [125.0370950289071, 56.41455793257774, 206.8923971382986, 154.0824278755296]
237 3 [125.0047578476369, 57.98937141772331, 206.8294319815647, 155.6428414018262]
238 3 [125.1502648554742, 56.61185967799247, 206.9689425255071, 154.301252694856]
239 3 [125.0107841305435, 56.82679612811626, 206.8098018939506, 154.5311627794612]
240 3 [121.0532765202224, 57.30576138075412, 202.8669520790588, 155.0051697785962]
241 7 [121.1574598364532, 57.30547575843957, 202.9743168352257, 155.0339248982021]
242 7 [121.1287994161248, 57.84979747427133, 202.9287620147775, 155.548452719743]
243 7 [120.4040539637208, 57.35182233346131, 202.2020139538955, 155.0632750680992]
244 7 [119.9346329644322, 57.45277827424434, 201.7293970021318, 155.181546292896]
245 7 [119.5385631993413, 57.84138878626254, 201.3320105991971, 155.5464821380327]
246 7 [120.8095961287618, 58.04294242901233, 202.6167662499558, 155.7460323801587]
247 7 [119.5908586457372, 57.31029715580371, 201.4234089730393, 155.0251359751771]
248 7 [120.5619340017438, 58.13404020113376, 202.3728993914734, 155.852862829561]
249 7 [119.3767045810819, 58.21595663023618, 201.17150823933, 155.9246283134768]
250 7 [119.9630903080106, 57.85168734384206, 201.7344864664685, 155.5705154821227]
251 7 [119.6022109761834, 58.10132245910791, 201.3699680198442, 155.8278018978188]
252 7 [120.824557043612, 58.25606399965909, 202.5997503937494, 155.9750581303189]
253 7 [120.9139058068395, 58.09339770866063, 202.6486929107915, 155.7805286243508]
254 5 [124.5258709862828, 56.51701507163671, 206.2901861168157, 154.1888747623513]
255 5 [124.8038865402341, 56.19099229765561, 206.5846546996843, 153.8480885449002]
256 5 [123.6350872591138, 55.11189466906217, 205.4467513049852, 152.7687144961158]
257 5 [123.9134802594781, 55.06006908235577, 205.7199103416215, 152.682339508603]
258 5 [124.4577137604356, 54.1416783910754, 206.2540346742879, 151.7813082397679]
259 5 [124.7222396209836, 55.16199880657223, 206.5091155637514, 152.8140308273534]
260 5 [122.2355610206723, 55.03037425694492, 204.0067107976686, 152.68198710605]
261 5 [124.5641964748502, 53.03826269326237, 206.3177513648283, 150.6727178744922]
262 5 [124.7579501196742, 53.30717164096859, 206.5148397890937, 150.9421444937909]
263 5 [122.7028992697597, 54.18917602119473, 204.4992065493476, 151.8317870453323]
264 5 [122.9048224911094, 53.45908337650326, 204.7084595070492, 151.0926316050017]
265 5 [122.250309728086, 55.00259154853848, 204.0669473682057, 152.6766311338866]
266 5 [124.9137735590339, 52.88653725204495, 206.7037736616741, 150.5723576858962]
267 5 [123.327192209661, 55.24118321952847, 205.1097036032091, 152.9306003332461]
268 5 [125.3087512478232, 52.56379002151516, 207.1357279495607, 150.2690572047556]
269 5 [124.9938781782985, 54.14245289382961, 206.8093654612909, 151.8467722596551]
270 5 [122.3670037314296, 53.67522918996838, 204.1811797119389, 151.4023062672044]
271 5 [122.7074178084731, 53.8030063491824, 204.523332192571, 151.5322176291371]
272 5 [122.9502858147025, 55.65560287055996, 204.7645365518044, 153.4053801776792]
273 5 [123.5732225999236, 55.67860431787995, 205.3456286018799, 153.450277758422]
274 5 [122.9137875661254, 55.88009548006085, 204.7094535487603, 153.6326240147973]
275 5 [122.5081956908107, 56.08194857654598, 204.3237339693021, 153.8371541743303]
276 5 [124.1015921160579, 55.82080650148419, 205.9478172760915, 153.5657950954462]
277 5 [124.0516280084848, 56.32602101383236, 205.8963647910665, 154.0405984859491]
278 5 [125.7043236643076, 59.92416244564083, 207.5744824596952, 157.6242821745897]
279 5 [125.0170233994722, 61.87124389228848, 206.8811656632732, 159.5501620535875]
280 5 [127.1740225106478, 55.10626977500942, 209.0330403336595, 152.8079145889307]
281 5 [127.613342538476, 53.10220664558437, 209.490697564752, 150.8185898010755]
282 5 [128.9093248993158, 54.35408347663906, 210.794491144092, 152.0551251881147]
283 3 [124.0772574096918, 53.49929338512447, 205.9401909216952, 151.1862139778162]
284 3 [119.8834693580866, 56.50122362194088, 201.7614985212397, 154.1970456801677]
285 7 [119.1942379623652, 57.09205072937039, 201.0527414366316, 154.7497951613689]
286 3 [119.1214767098427, 57.69126522359875, 200.9995673516106, 155.3601684545303]
287 7 [119.4168394804001, 58.15766718802479, 201.2962853790533, 155.8284185839022]
288 7 [118.1209585666657, 58.1361511871728, 200.0087340278637, 155.8136632917399]
289 7 [119.87630879879, 58.01703488086787, 201.7825005073559, 155.6866584626907]
290 7 [119.3309885263443, 58.02062908611697, 201.2282554532301, 155.683679159558]
291 3 [118.6451726555824, 57.79871044359607, 200.5333156920683, 155.4519819703461]
292 3 [118.059064924717, 57.69432509742182, 199.9529044021379, 155.3589829960229]
293 7 [119.9963604807854, 57.8476400455038, 201.860625573517, 155.5243204977872]
294 7 [120.2447921931744, 58.19501096806926, 202.1094760280934, 155.8730968060853]
295 7 [120.5956954956055, 57.87385240993899, 202.4250969570961, 155.5187697270276]
296 3 [117.5027503967285, 57.76462671212357, 199.3329332981345, 155.3735014414551]
297 7 [119.2192536592484, 58.23586347750825, 201.0943532762763, 155.8645816898109]
298 7 [119.8438363671303, 57.9320478444497, 201.6983467684027, 155.539201563573]
299 3 [119.1283868551254, 57.57079610280198, 200.992439737105, 155.1346426272156]
300 3 [118.041299700737, 57.78325612894696, 199.8988951829907, 155.3605927544596]
301 3 [117.0125658512116, 56.76583428732556, 198.8454154852864, 154.3760244565966]
302 3 [116.7701351642609, 56.54163688472909, 198.5831393221852, 154.1859006809952]
303 3 [118.0996152162552, 56.45443746499223, 199.9012437585827, 154.0830506980182]
304 3 [117.0344245433807, 57.70354577950639, 198.8574462775227, 155.348890577531]
305 3 [116.7242510914803, 57.64335573516291, 198.587675729179, 155.2940200677277]
306 3 [117.0813023149967, 57.78495789370936, 198.9466359046932, 155.4379598031701]
307 3 [117.6694734990597, 57.96727771363658, 199.5370860066351, 155.6242293809118]
308 7 [117.0816832482815, 58.65395844779414, 198.9593602039751, 156.2916589663686]
309 3 [117.2133307754993, 57.57673002086085, 199.0956474652227, 155.228891283101]
310 3 [117.4868974685669, 57.96888975105685, 199.3701051504251, 155.6226949630441]
311 3 [118.0372290015221, 57.92716616443795, 199.9300379551288, 155.5871550275149]
312 3 [116.1069594025612, 57.98349110833806, 198.0090239889261, 155.6515500928225]
313 3 [117.5280724167824, 57.7451586579482, 199.418216649973, 155.4135565064611]
314 3 [116.9051424860954, 57.622744672517, 198.7926529068586, 155.3060224283995]
315 3 [115.054491341114, 57.8061017324726, 196.9116719383832, 155.479104215032]
316 3 [115.4368589818478, 57.94484392605227, 197.2959915898081, 155.6202367122235]
317 3 [114.0589836537838, 57.70944849453372, 195.9190495933678, 155.3522600228848]
318 3 [109.7725394666195, 57.79638609341782, 191.5880894817498, 155.4319369475307]
319 3 [106.6363652646542, 58.53987565688294, 188.4359975113061, 156.1814157984914]
320 3 [106.1470471918583, 57.7018822138707, 187.9444286657956, 155.3359053818645]
321 3 [104.057925850153, 56.72987631014985, 185.8849194575932, 154.3860563198985]
322 3 [103.4878936707974, 52.10734251193208, 185.3254109670308, 149.7176011101664]
323 3 [104.0517818033695, 50.35722330264252, 185.9055525113728, 147.9903594438495]
324 3 [104.003462806344, 50.1102223103444, 185.8377424784091, 147.7803197256984]
325 3 [104.0197429284453, 50.09754580031586, 185.8415787802723, 147.787276602997]
326 3 [103.5432809218764, 50.13494556541991, 185.3782156835583, 147.8267535688118]
327 3 [103.1196401938796, 50.2105044811542, 184.9282201825168, 147.8771334917979]
328 3 [102.3776943907142, 50.12248278554034, 184.1749579928901, 147.8188550765948]
329 3 [104.0160737261176, 50.23746003355336, 185.7750952123192, 147.9257956253127]
330 3 [104.0451916791499, 50.15756215299916, 185.8136822035995, 147.8669667182998]
331 3 [104.108745355159, 50.10064811031771, 185.8806624269571, 147.7988262921707]
332 3 [104.0602625794709, 50.07090501445782, 185.8200718879786, 147.761246713786]
333 3 [104.2334870882332, 50.17179975617182, 185.9777871513453, 147.8715624798225]
334 3 [99.8182282038033, 48.15968904602778, 181.578775978097, 145.8585461755232]
335 3 [103.9884099550545, 51.28196749794734, 185.73600250245, 148.9695343585448]
336 3 [103.3671164102852, 50.32963959086192, 185.0984706068125, 147.9882321734862]
337 3 [99.81063123419881, 50.05755878198397, 181.5386061322775, 147.7027191837267]
338 3 [99.0949570722878, 50.12746430146945, 180.8306861960974, 147.7599310894446]
339 3 [98.83423705771565, 50.14384041126323, 180.5924309241858, 147.7764958068305]
340 3 [99.11787782981992, 50.21402955945086, 180.8711458543029, 147.8687795671397]
341 3 [99.18689182028174, 50.16028991113853, 180.9552798503723, 147.8294850854152]
342 3 [98.56889828667045, 50.15066487114382, 180.3438783192721, 147.836993578183]
343 3 [99.04922198876739, 50.11289610113454, 180.8170743322459, 147.7862900578552]
344 3 [99.20067795738578, 50.1994024976666, 180.9865017092314, 147.8581619417244]
345 3 [98.495915081352, 50.1000812291677, 180.3052745044317, 147.7331641652757]
346 3 [98.79677077755332, 50.26948934193206, 180.6084022380498, 147.905310181933]
347 3 [99.18654164299369, 50.37106080498052, 180.9700268150952, 147.9817347910577]
348 3 [99.23513997346163, 50.24248162056756, 180.9999904006805, 147.807481063264]
349 3 [99.0931151881814, 50.12752348329377, 180.8844348174419, 147.6951111846739]
350 3 [99.0723575912416, 50.14145836658281, 180.8662238092806, 147.700590320597]
351 3 [99.10743078961968, 49.28133878536028, 180.8943767695215, 146.8637411556342]
352 3 [99.02037484571338, 48.41504040784639, 180.8060817018982, 145.9983796173283]
353 3 [100.1500308029354, 48.24963897890848, 181.9296711788412, 145.8496923345277]
354 3 [102.3042778484523, 50.38070697016519, 184.0725762710806, 147.9698081165502]
355 3 [100.1648139469326, 49.156127159069, 181.9156607589956, 146.7137615257451]
356 3 [99.01368744298816, 48.32331711478037, 180.7721077600952, 145.8900571000526]
357 3 [99.058598279953, 48.39451353676122, 180.8278763686951, 145.9300383740613]
358 3 [99.10642049461603, 48.34637469849986, 180.8568550410207, 145.9041635371694]
359 3 [99.09080005902797, 48.23793876222771, 180.8272548009168, 145.7960168370927]
360 3 [99.16781022120267, 48.14799735746783, 180.9026232558202, 145.6995378852213]
361 3 [99.19866165611893, 48.42862583003443, 180.9420346192729, 145.9607434475744]
362 3 [99.06335975322872, 46.22086907229823, 180.8072409746136, 143.7458914387549]
363 3 [103.5437593618408, 46.29966753027838, 185.2941181406464, 143.8511112147892]
364 3 [104.075347260572, 45.3676645686428, 185.8076127263989, 142.8874170810307]
365 3 [105.1751137534156, 44.16958688996238, 186.9030739691939, 141.6830198377693]
366 3 [108.5596473971382, 43.19437914393348, 190.2519026425566, 140.6728006881798]
367 3 [110.0902643958107, 42.31933414242667, 191.795160606214, 139.7994201518918]
368 3 [113.4931882182136, 37.32563888333243, 195.2063514974799, 134.8092586003566]
369 3 [115.1284862319008, 39.18658422730368, 196.8396933142926, 136.6547150431896]
370 3 [115.1033956622705, 39.49976452491683, 196.822158240759, 136.9662820570493]
371 3 [118.2064733123407, 38.52914049528044, 199.951420738184, 135.9727754347349]
372 3 [119.0867957090959, 42.13651444814605, 200.8320738763447, 139.6015852992559]
373 3 [122.5589810824022, 48.25591828725737, 204.3034229844894, 145.6816731302763]
374 3 [123.3309243535623, 54.35961797140044, 205.066120768794, 151.7670754258658]
375 3 [127.8616174077615, 55.30026873252791, 209.5908286225881, 152.7205215125109]
376 3 [132.7789371823892, 55.65055408380431, 214.5104175648179, 153.0602329199339]
377 3 [135.293529114686, 56.76646795175475, 217.0360054454293, 154.1567943506266]
378 3 [137.1471987580881, 56.85118899546069, 218.8880996182646, 154.2561444531704]
379 3 [141.0049637174234, 57.66282282076281, 222.7465898162212, 155.0609657501008]
380 3 [145.8567884778604, 57.81862104735774, 227.5813642841663, 155.2027546488072]
381 3 [148.2152379369363, 57.63006224534911, 229.9459059006061, 155.0097305266883]
382 3 [150.2354455804452, 57.86941284737986, 231.9645677626218, 155.248407063442]
383 3 [151.0846629953012, 58.83527315459651, 232.775033191451, 156.1821827292021]
384 3 [152.2083646869287, 58.66329275868338, 233.861768995532, 156.0509828251178]
385 3 [149.2367775058374, 57.86787097952765, 230.8903959612634, 155.237657034951]
386 3 [146.3316247081384, 57.8713760423052, 227.9721161989953, 155.2252823212507]
387 3 [143.2788412189111, 57.87574795405817, 224.9497334151055, 155.2192694945584]
388 3 [140.2502922629938, 55.82984450976801, 221.9343328993108, 153.1703463573705]
389 3 [136.7872466659173, 56.05123097221804, 218.4702637504872, 153.3984833319436]
390 8 [136.3515303647146, 58.1130662612195, 218.0192233573731, 155.4860818298112]
391 8 [133.5585854565725, 57.70387316267443, 215.1867394673165, 155.0912764783154]
392 8 [130.697118810378, 57.71698001358163, 212.312262377673, 155.0938934922914]
393 8 [126.4074121033773, 58.52704379293573, 208.0272709482249, 155.8952090723018]
394 8 [122.6831462895498, 57.97219696972024, 204.3139457910593, 155.3502167452077]
395 2 [119.428637794219, 62.55847826931131, 201.0955539887484, 159.9471611762742]
396 2 [118.5462129032239, 62.14527577492845, 200.2194780402716, 159.5476949227552]
397 2 [118.468175730668, 63.59778637025011, 200.1499669867094, 160.9748905027608]
398 2 [118.8759542917833, 62.59328133198869, 200.5479565429028, 159.9331667125921]
399 2 [118.8667530436069, 62.53527334290993, 200.558235812829, 159.8889691375891]
400 2 [118.9252967704088, 62.6392091806556, 200.5857889557342, 159.9877986036937]
401 2 [118.8601483795792, 63.72260871488106, 200.5297814152102, 161.0757058500449]
402 2 [120.8532803747803, 58.81799903470528, 202.5196625328522, 156.1518233906428]
403 2 [125.8637312147766, 55.25016251164925, 207.535653144167, 152.5928860860268]
404 2 [127.9314764235169, 49.7945145662452, 209.584476329134, 147.1436865430275]
405 2 [125.8129280302674, 45.18841209966195, 207.4504652798634, 142.5570916741291]
406 2 [126.576112696901, 40.89679565984261, 208.2115496603112, 138.2942649548451]
407 2 [127.553170690313, 35.01187363225472, 209.2120845094781, 132.4262451332012]
408 2 [132.8242564294487, 30.92223587590706, 214.4932957092385, 128.3083446829716]
409 2 [132.2813798878342, 25.37141600209725, 213.9551879188876, 122.7379686003128]
410 2 [135.969153592363, 25.40944876480353, 217.6397139960985, 122.7928458382884]
411 2 [139.9862935040146, 25.61433637845767, 221.647148312972, 122.9696070261995]
412 2 [140.4590497408062, 25.17723176586878, 222.1020193988542, 122.5200597020189]
413 2 [140.7686503324658, 25.59897638070834, 222.4173127162914, 122.9433740401963]
414 2 [143.8070645723492, 25.36368914652121, 225.464842828558, 122.7213301999072]
415 2 [143.8201311035082, 25.23086244571459, 225.5011733362909, 122.5894542306612]
416 2 [143.7673579035327, 25.25589638906968, 225.4201596439715, 122.6238821080277]
417 2 [143.9157901732251, 25.57141712266457, 225.5820658452149, 122.9157281675885]
418 2 [143.7518733320758, 25.52194827753556, 225.4220660031672, 122.8944773867677]
419 2 [143.5377902863547, 25.48748624655855, 225.1982607633705, 122.8719398312221]
420 2 [143.7356809554622, 25.13791263434541, 225.4112428040143, 122.5144917683254]
421 2 [143.3834678707644, 25.32524316343915, 225.0798016686078, 122.7078815291772]
422 2 [143.5766307888553, 25.55253173741949, 225.2762800941702, 122.9391822062383]
423 2 [144.7712361393496, 25.57007403444004, 226.4804472378727, 122.9637008448641]
424 2 [141.8309309063479, 25.13538484047604, 223.5368328646655, 122.5144807168047]
425 2 [141.4752243636176, 25.05742116044712, 223.1733236447807, 122.4203343959848]
426 2 [141.3416325477883, 26.39560599397373, 223.0460667661662, 123.7479700656931]
427 2 [140.5262004164979, 26.08427320193005, 222.2248880688186, 123.4507495566408]
428 2 [140.6253207726404, 26.26967550586414, 222.3451532561417, 123.6382150535981]
429 2 [140.8614468229935, 25.5855848915453, 222.6202703929777, 122.9760703211228]
430 2 [140.462858046405, 25.42724996577454, 222.2333030773039, 122.8415731548468]
431 2 [140.3441903842613, 25.31145386170101, 222.127550817811, 122.6991681473653]
432 2 [141.7634519590065, 25.28223482477915, 223.5407024336691, 122.6624112334798]
433 2 [140.8328690780327, 24.58786616432917, 222.613585832798, 121.9393019023488]
434 2 [141.3796441210434, 25.44155297386897, 223.1803078789349, 122.7929953876263]
435 8 [145.188872541301, 25.47083506505442, 227.0127419371243, 122.8108762189126]
436 8 [147.8636836661026, 20.54749760549021, 229.6859676281448, 117.8697211333489]
437 8 [150.3918904913589, 16.42645344655466, 232.203509978437, 113.7642218157029]
438 8 [155.0039214743301, 13.3814614764924, 236.8354155341621, 110.7321801134324]
439 8 [156.0065635098144, 7.681342457937717, 237.8477819875713, 105.0546416636681]
440 8 [156.0693837357685, 13.55760798375559, 237.9002911666866, 110.9064234133935]
441 8 [154.7116489363834, 17.46196160237741, 236.528422100925, 114.8181922420239]
442 8 [152.2688229037449, 22.38657317082834, 234.0754360822673, 119.7757370361066]
443 2 [148.9442431880161, 19.5520120612855, 230.7453599003788, 116.9195371612286]
444 2 [145.7149443579838, 16.06336960713816, 227.5011816874977, 113.4320526559031]
445 2 [141.3575310660526, 16.5332272104497, 223.1352683667179, 113.8962969834482]
446 2 [136.4600348426029, 15.44198084394884, 218.2457783637281, 112.8106372053301]
447 2 [135.7904202891514, 15.42143366258097, 217.5463972268339, 112.7870519686615]
448 2 [135.7964900019579, 18.08535215775919, 217.5644760512832, 115.4736818648255]
449 2 [135.9920637044124, 18.38455448071909, 217.7636816483262, 115.7772145775831]
450 2 [135.9379322114401, 18.47757481555891, 217.6749575507167, 115.8762003073966]
451 2 [135.6409442010336, 18.23116183798265, 217.4136160766605, 115.6224136934554]
452 2 [134.8003198090009, 18.37057754914713, 216.5911484515194, 115.7882916782176]
453 2 [134.4982464197092, 18.33844635407877, 216.3151739215377, 115.7354134033]
454 2 [135.4906950476579, 23.09759018342447, 217.3328752111915, 120.5032910166061]
455 2 [138.629263210576, 25.4122438184495, 220.4719915425676, 122.8222343058264]
456 2 [140.9220350268297, 26.06530979793024, 222.7755606830019, 123.4978076905882]
457 2 [140.501734900754, 26.21468437235308, 222.3626019358534, 123.6512048126137]
458 2 [140.9944535079412, 26.39359929184866, 222.8578361305493, 123.8332451126849]
459 2 [141.6729135098867, 25.53267212729406, 223.5279193535346, 122.9393859408176]
460 2 [141.3631462040357, 25.07520340900373, 223.2139975315232, 122.5303750453269]
461 2 [141.4694945919327, 25.47309111576033, 223.3312351491946, 122.9249574402844]
462 2 [140.7730811941437, 26.37067442159605, 222.6456075456638, 123.8304521820819]
463 2 [141.1498640882783, 25.08460359792662, 223.0171773645181, 122.5383081505572]
464 2 [141.9911756622605, 25.50865157465887, 223.8887591740388, 122.9734269855296]
465 2 [141.1988442051224, 25.47306668530655, 223.0946203336019, 122.9353560433661]
466 2 [141.853610645514, 25.47485221019451, 223.7498366144571, 122.928144911121]
467 2 [141.7418707790785, 25.11165106883709, 223.6292382252488, 122.5714850379931]
468 2 [141.9321458968334, 25.41781697264378, 223.8232017046485, 122.8820415048705]
469 2 [141.9245728338137, 25.44701806484227, 223.8374877605673, 122.9002962398188]
470 2 [141.4840931976214, 25.11165858088498, 223.418769529843, 122.5588252180474]
471 2 [141.6044488856569, 25.38238651333813, 223.5367585539158, 122.8450682347672]
472 2 [141.3002344081178, 25.19345120368962, 223.2415051304635, 122.6719010847466]
473 2 [141.4140988746658, 25.45142016588216, 223.3585452314552, 122.93365357634]
474 2 [141.3344450155273, 25.32855223892693, 223.2403950592216, 122.8001458888905]
475 2 [141.9609124818817, 25.30431329114799, 223.8867230161365, 122.7860439566927]
476 2 [141.1859743753448, 25.11776219709282, 223.1498772104915, 122.5996934722582]
477 2 [142.6092524686828, 25.09517396828596, 224.5513951858219, 122.5540986707279]
478 2 [141.5746722379699, 25.2857067420191, 223.5334044500526, 122.7387028607199]
479 2 [142.1351103940979, 25.53058260521357, 224.0998410233196, 122.9473832001755]
480 2 [141.5339865842834, 25.4494563697881, 223.4835985764202, 122.8880435758302]
481 2 [141.6272306898609, 25.25631206324761, 223.575551635259, 122.6765348350475]
482 2 [141.3547026673332, 25.36783372452919, 223.3061589040693, 122.7976304578254]
483 2 [141.6619194010273, 25.27302081725065, 223.6285845627721, 122.6828504535029]
484 2 [141.7008880088106, 25.13429391226237, 223.6480808945831, 122.5251585414479]
485 2 [141.9238144913688, 25.47039607009356, 223.8750024040874, 122.8660946151087]
486 2 [141.0711989561096, 25.37795018246834, 223.0064460238155, 122.7832259433935]
487 2 [141.5663593569771, 25.58262804737751, 223.5043424951371, 122.9912763499687]
488 2 [141.9293459216133, 25.11267525544827, 223.879019061261, 122.4954914581249]
489 2 [141.982409616001, 25.53506607404415, 223.8926335836288, 122.9026823079059]
490 2 [141.4991029994562, 25.55825496865873, 223.4248921359416, 122.944310608677]
491 2 [141.6595202730969, 25.03052957011823, 223.5682456202146, 122.4280263574639]
492 2 [141.4419981585816, 25.52319167210226, 223.3707128173944, 122.9061188705483]
493 2 [141.2737417863682, 25.58485271810059, 223.203428361946, 122.9241575372437]
494 2 [141.7894160198048, 25.42903111158375, 223.7421366863783, 122.7978509944895]
495 2 [141.0478633688763, 25.44603253184323, 223.0168657260474, 122.813856391705]
496 2 [141.9170207427815, 25.36645728378062, 223.9146622853812, 122.7557716650734]
497 2 [141.7013776199892, 25.56453695921664, 223.6958390190538, 122.9339139218101]
498 2 [141.4472022252157, 25.19490897683863, 223.424629650348, 122.5656888201305]
499 2 [141.6474693762139, 25.26754038809304, 223.6403292163547, 122.6501272725532]
500 2 [141.7989408718422, 26.03434085129265, 223.7484400256809, 123.4154398357341]
501 2 [141.8691483037546, 26.39619328855042, 223.8431242170271, 123.8075783895919]
502 2 [141.241038848646, 26.06990589974885, 223.2224803634819, 123.4351990866134]
503 2 [141.3915108786896, 26.35761200665002, 223.376545367771, 123.7272080322573]
504 2 [141.2113745259121, 26.20542506156926, 223.1798930054243, 123.581657278783]
505 2 [141.46028064657, 26.56599441944127, 223.433117197388, 123.9475655027697]
506 2 [141.2891073571518, 26.07196668563847, 223.3160397865709, 123.4740242048571]
507 2 [141.9909309493378, 26.05820632568066, 224.0659096195634, 123.4723276008883]
508 2 [140.9109011041001, 26.29930160036747, 223.0054396250184, 123.6979809345523]
509 2 [139.9433688269928, 29.21769092074101, 222.040610383683, 126.6230738051453]
510 2 [140.8579059587792, 26.06961987009709, 222.9107406961258, 123.4640362866441]
511 2 [141.5212212549523, 31.05425236216252, 223.5708245381053, 128.4447942795077]
512 2 [142.9651001440361, 32.59034380903904, 225.0190129973825, 129.9705340685168]
513 2 [143.9488987671211, 30.28030548086827, 226.0234306576188, 127.6520233310977]
514 2 [144.0142788188532, 25.74831304541294, 226.0920980801519, 123.1471496404925]
515 2 [144.9607794778422, 26.00833851686184, 227.0754641308721, 123.4071279589398]
516 2 [145.9676169650629, 26.08609820744459, 228.09096295976, 123.4807078431112]
517 2 [145.9982367502525, 26.56447072169249, 228.1262600716289, 123.9611100194914]
518 2 [146.8653487907723, 26.23036558768217, 229.0455633600886, 123.5972983787519]
519 2 [146.8545632697642, 25.17194838664, 229.0500278257291, 122.5638857696516]
520 2 [143.8329143859446, 25.58919705292647, 226.0055988453786, 122.9975915358526]
521 2 [140.821921620518, 25.35604522964422, 223.0075954638879, 122.7333538232309]
522 2 [140.8280275636353, 25.14977334281866, 223.0308683231372, 122.5188643078072]
523 2 [139.927822726313, 25.22011409542029, 222.0940380099315, 122.580386318968]
524 2 [140.968499081675, 25.19210264487629, 223.1080156567592, 122.5517041921926]
525 2 [139.8845044546761, 24.2442099194086, 222.030228985836, 121.6105249327732]
526 2 [139.970144698862, 24.60988188190822, 222.1271002757449, 121.9649442118717]
527 2 [140.9419691064395, 24.10515153808956, 223.0972000604767, 121.4478434855056]
528 2 [142.8310373523273, 26.59076917572384, 225.0291478401322, 123.9514172905994]
529 2 [143.8180568912067, 26.39482251210575, 226.0036672729153, 123.7776524597717]
530 2 [147.8378012874164, 26.30371959163313, 230.0171368831295, 123.6853197986943]
531 2 [150.9965632655658, 26.57463483168249, 233.1620062810082, 123.9157495994432]
532 2 [155.9425376155414, 24.74081663443212, 238.1208062654633, 122.1126737875802]
533 2 [157.8040209510364, 26.12730280710821, 240.0041779070992, 123.5189412672383]
534 2 [159.8750861384906, 26.33380739046697, 242.0709533387322, 123.712059975372]
535 2 [160.9026468493976, 26.23599696560268, 243.0939421480794, 123.6246980182392]
536 2 [161.8976371386088, 26.53770968718891, 244.1283846920628, 123.9262733487071]
537 2 [162.7838807799853, 26.31463228567009, 245.0031450265545, 123.702202409956]
538 2 [163.793339560274, 26.13380952580337, 246.0165108513731, 123.5682133273812]
539 2 [163.8751710527577, 26.34553578896885, 246.113640781929, 123.7517042647334]
540 2 [165.9075561636128, 26.5760548601902, 248.1166243615646, 123.9753958086701]
541 2 [167.9986535185017, 26.37270673020248, 250.201411704709, 123.7929999630185]
542 2 [167.9455547616817, 26.23689678712253, 250.1621026660401, 123.6536386834116]
543 2 [168.4496219442226, 26.37470712168579, 250.6686734281379, 123.7946993179651]
544 2 [168.5619314746, 26.49738874687319, 250.7834197974104, 123.8945975373717]
545 2 [168.3460737452842, 26.00213813437586, 250.6019021445412, 123.3982552884551]
546 3 [170.8530453429557, 25.41837471379404, 253.0982012611527, 122.8114294607969]
547 3 [170.8181657777168, 25.46092179073457, 253.1032814627785, 122.8957193155618]
548 3 [170.9768221811391, 25.17980932845239, 253.2459104764361, 122.6070832701059]
549 3 [171.7262968854047, 25.37725969804887, 254.0396550714869, 122.8472547729345]
550 3 [172.9594594077207, 25.46686252607469, 255.272051462521, 122.919026670012]
551 3 [172.8012150959112, 25.51179709313874, 255.1728992098469, 122.9434822756083]
552 3 [174.8592297271825, 25.33885700284009, 257.2451335149902, 122.7572984218629]
553 2 [175.5743440822698, 26.57286889134412, 257.960062774447, 123.9922956667127]
554 2 [170.2497266964056, 24.95334930001263, 252.6647107565675, 122.3868601975621]
555 2 [165.2326640323736, 23.87567860661511, 247.6476666147219, 121.2962195692243]
