Girl 0
2 1 [57.31976214051247, 22.61929476261139, 88.33088994741439, 67.61776809126138]
3 3 [58.37760272622109, 21.63607329130173, 89.38979577831924, 66.66215145260095]
4 1 [59.18178108334541, 21.98849529027939, 90.18630788676441, 67.02029271394014]
5 5 [61.20073202252388, 20.26661711931229, 92.21997027747334, 65.29744003824888]
6 9 [63.15922823548317, 18.92232376337051, 94.17695945225657, 63.95487978436051]
7 7 [66.11292806267738, 19.9348891377449, 97.12953018710019, 64.95700228907167]
8 3 [67.37504747509956, 18.94664198160172, 98.38603053495289, 63.97784319199621]
9 4 [68.86217013001442, 19.97961682081223, 99.88072903439404, 65.00335367418825]
10 4 [69.61081340909004, 20.99125176668167, 100.6372948358953, 66.0203821978718]
11 4 [71.0684212744236, 21.68445283174515, 102.1036225531995, 66.68763609506189]
12 4 [73.0913328230381, 20.92125791311264, 104.1288096737862, 65.93493237115442]
13 4 [72.96344947814941, 21.02267728000879, 104.0087277823687, 66.03719625242053]
14 2 [72.42989337444305, 18.47796425968409, 103.4797124835849, 63.49704770840703]
15 8 [70.96506071090698, 16.30349741131067, 101.9960843476653, 61.33333120979368]
16 8 [68.69616603851318, 18.43934450298548, 99.71708825677635, 63.48085615195333]
17 3 [67.46096074581146, 20.32786009460688, 98.46887834876777, 65.3900124529749]
18 3 [64.79014885425568, 21.1142545118928, 95.80980409592391, 66.18578790701923]
19 3 [61.64635455608368, 19.56995502859354, 92.67062057256699, 64.64582969047126]
20 3 [58.95701801776886, 20.26819393783808, 89.97253771364689, 65.34145126022395]
21 7 [56.94767081737518, 18.43819437175989, 87.94980274975299, 63.50840014882382]
22 8 [54.46914398670197, 18.00465885549784, 85.46805825024842, 63.07896750725803]
23 3 [54.94728818535805, 20.96279803663492, 85.95631086617706, 66.050385473147]
24 1 [55.51764568686485, 19.93340841680765, 86.53413894563911, 65.02871235646305]
25 1 [53.97038468718529, 18.84967175871134, 85.00601487666367, 63.9482987181097]
26 1 [51.80837950110436, 18.60439156740904, 82.85612213522194, 63.71431421376762]
27 7 [52.02381081879139, 18.72110546380281, 83.08217128962276, 63.83588544346389]
28 9 [50.09256060421467, 20.60475719720125, 81.15797023802993, 65.71189668811854]
29 4 [47.87378366291523, 22.43799210339785, 78.9456194540858, 67.54795786000784]
30 4 [45.2241063863039, 21.97460458427668, 76.296016847291, 67.08494148071851]
31 4 [43.9983721524477, 21.12951991707087, 75.04839042107106, 66.23417779561129]
32 5 [45.99030502140522, 20.11316023021936, 77.03688890556336, 65.21056808944789]
33 5 [45.99229274969548, 21.53284583240748, 77.04417652747125, 66.63042997937646]
34 5 [43.5290082572028, 20.94278297573328, 74.58783703705758, 66.0343250898644]
35 1 [41.97283517103642, 20.26869592815638, 73.03357015585989, 65.35864445295181]
36 1 [38.74788628797978, 20.52413515001535, 69.80103859520048, 65.61677025821055]
37 1 [35.66227351408452, 21.38627246767283, 66.70880639886946, 66.49585046675051]
38 1 [35.02270208578557, 23.92385701090097, 66.07716298019976, 69.03586826723064]
39 1 [31.79688440542668, 24.89582929760218, 62.85336738309354, 70.01675095301117]
40 8 [32.95053290110081, 25.62765113264322, 64.01361924788446, 70.7419903717562]
41 8 [35.40757940988988, 27.34128514677286, 66.46874135559888, 72.46191035609687]
42 8 [37.65287779550999, 27.31014505028725, 68.70705693489404, 72.43135356582695]
43 8 [39.20733903627843, 25.83466747403145, 70.24964864260049, 70.95420375294978]
44 8 [41.52803920488805, 25.14263013005257, 72.55938984400125, 70.26033454440528]
45 8 [44.04136179666966, 25.10731009021401, 75.06480786329598, 70.23625018395478]
46 8 [45.9819290516898, 24.76864612475038, 77.00973661905617, 69.88959563590581]
47 8 [47.60499953012914, 23.34995508566499, 78.63718139356465, 68.46598942615086]
48 8 [47.97519915085286, 21.72100794687867, 79.00676818578035, 66.85409724809223]
49 8 [48.76005934458226, 18.76550782099366, 79.79244010737628, 63.90492572762066]
50 8 [49.9820614932105, 15.74172628298402, 81.02275128057688, 60.88741195715958]
51 8 [50.97836660128087, 15.79778450354934, 82.0217961602518, 60.92868461258703]
52 8 [52.94231497030705, 14.63841622695327, 84.00047589114398, 59.76620173372322]
53 8 [54.39181743841618, 13.97920220717788, 85.45730318716258, 59.094688200131]
54 8 [52.94116519670934, 15.73962062224746, 84.00464220023245, 60.87465578712516]
55 8 [55.38560150843114, 14.50086050853133, 86.45663033461661, 59.65264343060547]
56 8 [56.3954976676032, 15.40963083133102, 87.47589179670901, 60.54650734223419]
57 8 [56.63980715256184, 17.10349267348647, 87.7379016867885, 62.24505125798278]
58 8 [57.43189667444676, 19.25285118445754, 88.53121636784167, 64.38890480794007]
59 2 [56.76604245882481, 20.64958053454757, 87.88599115765184, 65.77243761457497]
60 2 [57.222287225537, 21.99459129199386, 88.33987167409151, 67.1215233150869]
61 2 [58.39733343105763, 19.97952061519027, 89.51286531171292, 65.11230858184391]
62 6 [59.06968014221638, 23.00754290446639, 90.18262138804883, 68.14279958181076]
63 6 [59.52318488340825, 25.23624068126082, 90.64239112636537, 70.38851068906479]
64 6 [61.31058095674962, 26.68338411673904, 92.41947974225968, 71.83211480431251]
65 2 [62.37527393084019, 28.25784974917769, 93.48740336349695, 73.39748259596519]
66 2 [62.38154039671645, 26.92405861243606, 93.48112654328807, 72.05318622522049]
67 6 [61.82986889174208, 26.14895432814956, 92.92009059906467, 71.26575281076126]
68 5 [58.91610083868727, 27.78765922412276, 90.0064739097142, 72.90687121711665]
69 5 [59.10058657219634, 25.26919513568282, 90.18529345939396, 70.38595849283033]
70 5 [56.8686567931436, 25.44399672374129, 87.96245336721179, 70.53970836408429]
71 1 [55.81769446423277, 24.31424218043685, 86.91097419700114, 69.41755291648201]
72 5 [54.72176794102415, 21.77047615870833, 85.84119110307185, 66.88497907824805]
73 5 [53.51101795723662, 23.03607469424605, 84.61088726601092, 68.14660785473873]
74 2 [54.008287796285, 23.59084128960967, 85.12147437653033, 68.6954286030679]
75 6 [55.48364163329825, 25.18995725736022, 86.60187968692272, 70.28267940320065]
76 4 [56.48510099342093, 27.0318399630487, 87.60435940107792, 72.11908796228458]
77 4 [56.75844142725691, 27.20071823522449, 87.89001634201496, 72.28553741715838]
78 4 [55.65781007101759, 28.20993192121387, 86.79050731769293, 73.28435784958293]
79 2 [54.64635191252455, 26.82519526407123, 85.78299261859148, 71.90087875969698]
80 2 [54.64454130013473, 27.35308439657092, 85.77526694615833, 72.44197604544451]
81 4 [56.38232568581589, 27.84249250218272, 87.51488441353193, 72.94106083758166]
82 1 [57.97269312222488, 27.50879348441958, 89.1026089942967, 72.61705577917388]
83 5 [58.94620422204025, 27.52779393270612, 90.08427692478053, 72.64748694874336]
84 1 [56.91631344635971, 25.83761935308576, 88.06990402524821, 70.93885279037048]
85 1 [55.98227915843017, 25.90211127325892, 87.1303441238915, 71.01245216853906]
86 1 [54.90276334364899, 25.99159027263522, 86.05680656378618, 71.10842722304155]
87 1 [52.88355681975372, 25.88462738320231, 84.03648026680104, 71.01509734995652]
88 1 [51.9375805624295, 24.9589227847755, 83.09204935987941, 70.07879132397461]
89 1 [48.90591356833465, 27.15933648869395, 80.06874735852233, 72.26415614850808]
90 1 [46.99672792037018, 29.27760640904307, 78.1480289342021, 74.38024747885753]
91 1 [46.98633566708304, 31.07491533085704, 78.15510079891881, 76.16196805752803]
92 1 [44.9033590874169, 32.64982322975993, 76.05531677873334, 77.74013545550395]
93 1 [42.41064754338004, 32.01644442602992, 73.58182025463781, 77.12701824225474]
94 1 [40.96562770218588, 31.93650199100375, 72.1446536371251, 77.03413865245867]
95 3 [42.54072192520835, 31.95341521129012, 73.72640526862344, 77.04515774883318]
96 3 [40.29757979721762, 34.14831333979964, 71.48454806984863, 79.24949052371073]
97 3 [38.98803737969138, 31.84427004680038, 70.17556234633079, 76.94305792368937]
98 5 [38.89876010478474, 31.93208725377917, 70.07227295284621, 77.03063849644724]
99 7 [36.87248852313496, 30.25484294816852, 68.06703091268889, 75.32741424279276]
100 3 [35.86942079127766, 30.94300563260913, 67.07079570656173, 76.01485626408818]
101 7 [34.8480215317104, 29.99267525598407, 66.03455644493452, 75.06355643095436]
102 7 [35.89892854751088, 29.9810738703236, 67.0781858718907, 75.04214013678941]
103 7 [34.95018007815816, 30.96191133465618, 66.12759239514818, 76.02638775898132]
104 1 [32.56191017688252, 33.15205515827984, 63.73702969600907, 78.20287952734145]
105 7 [31.31050159991719, 31.97702349629253, 62.46685303380242, 77.04699313594017]
106 1 [29.91122510493733, 33.54616190399975, 61.06316884507885, 78.63034447265778]
107 7 [29.55971592129208, 33.95565731730312, 60.72807071676006, 79.03861619686697]
108 1 [28.37352531612851, 36.36480052676052, 59.53942924072494, 81.44535001015279]
109 1 [25.2788810080383, 35.20225520338863, 56.4347599868988, 80.27936126863573]
110 1 [23.46468322933652, 35.93432022538036, 54.60725328972091, 81.02526755964372]
111 1 [22.46631287992932, 39.34408952202648, 53.60395288666238, 84.42273010646913]
112 1 [19.5363871997688, 41.17742146458477, 50.68181160768022, 86.26494589900587]
113 1 [21.27579974592663, 43.15984333958477, 52.42354889845004, 88.23143045520399]
114 1 [18.51975655020215, 44.0006764670834, 49.67062631314148, 89.07645433580493]
115 1 [15.90797161520459, 44.99733991827816, 47.06084734832396, 90.06492634570216]
116 1 [12.26413034857251, 46.58264692034572, 43.42500281964888, 91.66075202977275]
117 5 [10.99130725325085, 47.93975777830929, 42.15879237686743, 93.00799407815552]
118 5 [9.913923615822569, 48.99577779974788, 41.08429354106535, 94.06342563251025]
