girl_vot 1
2 1 [329.4386940002441, 305.9911252316088, 294.4484160862863, 133.039988559112]
3 1 [329.7710291966796, 308.9471105989069, 294.7832533288747, 136.0074297804385]
4 2 [330.7313434705138, 309.7833720352501, 295.6614468503743, 136.859637305513]
5 2 [331.2551368698478, 310.0813235100359, 296.1797018419951, 137.1001594606787]
6 2 [332.8037233576179, 308.8782466705889, 297.734331427142, 135.9608633343131]
7 2 [332.6964066661894, 307.98008752428, 297.7014783892781, 135.0410547439009]
8 3 [330.4853397347033, 308.4693511705846, 295.5033180657774, 135.4270008195192]
9 3 [332.3933107890189, 308.0815252047032, 297.3715197596699, 134.9946590412408]
10 3 [333.5900067277253, 308.5313356053084, 298.4906308714301, 135.4839252341539]
11 3 [332.5360756851733, 305.3602299224585, 297.5360762510449, 132.254058502987]
12 3 [331.7562190182507, 306.9541275631636, 296.7307826254517, 133.8027828473598]
13 2 [332.658114630729, 306.4801886435598, 297.6747024420649, 133.3568368528038]
14 3 [326.570553380996, 308.1133647020906, 291.5657401625067, 134.9805665347725]
15 3 [325.2423114068806, 305.1585452016443, 290.2044311437756, 131.9885748688132]
16 3 [321.2716037519276, 308.243710225448, 286.0740912947804, 135.1141926947981]
17 3 [322.1355299390853, 307.8249609973282, 286.9319238513708, 134.6923705333844]
18 3 [319.9409040547907, 304.9013004209846, 284.7841603606939, 131.779248506017]
19 3 [319.7638280056417, 306.4036408569664, 284.6100407132879, 133.2563041212037]
20 3 [316.3672355674207, 308.0276094879955, 281.1692569801584, 134.8728461505845]
21 3 [314.6912340186536, 308.4248263146728, 279.4182431766764, 135.3579051854089]
22 3 [312.0761463902891, 308.6830971520394, 276.8067655438558, 135.5883919553831]
23 3 [315.5048052333295, 307.9027053844184, 280.2224997276441, 134.8127881383523]
24 3 [318.0425075553358, 309.9381834398955, 282.6889935130254, 136.8274563184008]
25 3 [315.2751196287572, 309.0309484433383, 279.8992656910792, 135.9805239429697]
26 3 [315.0724284648895, 311.4348943661898, 279.7281161578372, 138.4696012904867]
27 3 [312.7895361483097, 311.0150220002979, 277.4250199543312, 138.0601951917633]
28 8 [311.3313252031803, 311.49904438667, 275.9919202612713, 138.5208074381575]
29 3 [312.3590881675482, 312.0526966210455, 277.042249542661, 139.119896713458]
30 2 [305.5740649551153, 311.3818702604622, 270.3068379672244, 138.4614892756566]
31 8 [305.8085084632039, 315.0738043095917, 270.5359438093379, 142.1025604164227]
32 8 [303.8764112368226, 316.3224445041269, 268.6004328360781, 143.3325529923662]
33 8 [306.1254955008626, 316.870977928862, 270.8276385685429, 143.8564434459433]
34 8 [303.7949339225888, 318.318463018164, 268.505801503174, 145.2700519075617]
35 8 [301.6725801602006, 318.5828525144607, 266.3510190172121, 145.5543656988069]
36 2 [297.0479234233499, 319.1568674463779, 261.7157721204683, 146.1166646664962]
37 2 [295.0126124098897, 318.9263086523861, 259.7149103684351, 145.9260899467393]
38 2 [303.6418420746923, 320.2876724805683, 268.3401027364656, 147.325125019066]
39 2 [294.0102840140462, 319.4491366799921, 258.768299566023, 146.440499885194]
40 2 [297.0644760802388, 319.1084406282753, 261.731862298958, 146.1350929690524]
41 2 [297.0293541038409, 319.355218032375, 261.6691724531352, 146.4074809839948]
42 2 [295.1828925097361, 321.2128571365029, 259.8069907687604, 148.2873172005638]
43 2 [295.0958908041939, 320.5863042119891, 259.7236036028713, 147.6391804700717]
44 2 [294.1718205502257, 329.0075983051211, 258.827672823891, 156.010820547305]
45 2 [295.8972878446803, 322.8787173274905, 260.5270423140377, 149.9258209830149]
46 2 [296.1410699477419, 327.0687203053385, 260.86512751244, 154.1925176387652]
47 2 [297.0664292266592, 325.0290618781, 261.849480875954, 152.2111874347552]
48 2 [297.0975385112688, 330.8027206305414, 261.9215649653226, 157.9104387467726]
49 2 [297.7247280878946, 330.7028607968241, 262.6154342103749, 157.7706733023747]
50 2 [298.8664354635403, 330.7623907867819, 263.8485234696418, 157.7677559947594]
51 2 [297.4350101007149, 329.8418456260115, 262.3669457871466, 156.7964634692295]
52 2 [295.2218823386356, 333.1372964326292, 260.2287529963999, 160.0728711253031]
53 2 [293.6510731531307, 341.483525628224, 258.7397182244807, 168.3752880251034]
54 2 [292.7898735804483, 347.8517901841551, 257.9211586225777, 174.707406133972]
55 2 [292.4218348665163, 348.1613980736584, 257.608252691105, 174.9745962826534]
56 2 [291.3432592405006, 349.9838710334152, 256.5390138011425, 176.7638226388021]
57 2 [289.2479409528896, 346.5096316244453, 254.4488532476127, 173.2263924239202]
58 2 [289.7428851826116, 342.6813072469086, 254.9174734167754, 169.4697133956476]
59 3 [289.4186666859314, 335.7994390036911, 254.5778522618114, 162.6372156141325]
60 1 [284.3940648688003, 327.797634055838, 249.4536618418991, 154.6863453028723]
61 1 [283.9249958349392, 323.9427918698639, 248.8622481949627, 150.8784272549673]
62 4 [279.6030225111172, 315.0315100457519, 244.5220059491693, 141.9775475902482]
63 4 [278.7778813643381, 310.7062909509987, 243.6982864752411, 137.7106695873662]
64 4 [279.9853001786396, 299.4291779901832, 244.8771061256527, 126.4401669634505]
65 4 [280.0512751117349, 301.6270567979664, 244.8705166237428, 128.5898152483626]
66 4 [280.8878374770284, 293.3218278493732, 245.6840014966205, 120.2192350758239]
67 4 [280.0716110989451, 294.7312252726406, 244.8576233023777, 121.6278180683962]
68 1 [281.0666751042008, 300.5431525912136, 245.8872529024258, 127.5584032501093]
69 1 [287.4385397806764, 299.2939445134252, 252.1958716327324, 126.3082825373858]
70 2 [287.8932680487633, 300.0354076679796, 252.6202408233658, 127.0348831515759]
71 2 [290.5114613771439, 299.3662589546293, 255.3023485938087, 126.369848074764]
72 2 [289.1821910738945, 299.7938112672418, 253.958468153514, 126.8369523249566]
73 2 [295.0444533228874, 298.3471394833177, 259.8805540526286, 125.372009191662]
74 2 [295.5162537768483, 300.0283747669309, 260.3739207262174, 127.2075319446623]
75 2 [298.727308280766, 299.5282711964101, 263.6294036233798, 126.6224641941487]
76 2 [297.8571252450347, 305.8314546328038, 262.6895304316655, 132.8907966963946]
77 5 [297.6306045539677, 290.6596406679601, 262.4710233138874, 117.7011862270533]
78 5 [297.4248145073652, 285.594173906371, 262.2370288500562, 112.6897969298064]
79 5 [296.1289253383875, 286.6519899051637, 260.9938983270898, 113.7899455063044]
80 5 [297.6020843833685, 276.1715824287385, 262.510099885799, 103.3537356249987]
81 5 [297.1970798745751, 260.4807097595185, 262.1886351073161, 87.73052605316036]
82 5 [297.1395287122577, 250.7059473674744, 262.1826315378771, 77.94992007352406]
83 5 [295.120504071936, 242.464603273198, 260.1378684943542, 69.73136148042971]
84 5 [297.0128798689693, 244.1611378770322, 261.9997170066461, 71.43251988925033]
85 5 [295.5541220512241, 247.7446224670857, 260.5852276718244, 74.99585199542338]
86 1 [293.857215365395, 259.2963232975453, 258.8805680437013, 86.52639256753022]
87 1 [298.3788407053798, 263.8463484626263, 263.4164346484467, 91.09401924498374]
88 1 [298.0419403892011, 273.0323868375272, 262.9940571768209, 100.2280933726578]
89 1 [304.1718793492764, 265.0662278514355, 269.1319065218791, 92.21547818072133]
90 1 [306.0296989064664, 261.4004390817136, 270.9573268687352, 88.59370266385369]
91 1 [303.7683120947331, 260.8646740149707, 268.7116674965247, 88.07020510248833]
92 1 [302.6959061454982, 247.7340723704547, 267.739423588477, 75.01848336867982]
93 4 [301.1689045857638, 241.1285252999514, 266.2249952768906, 68.40951827354724]
94 4 [301.4228042978793, 250.3071327637881, 266.333173768036, 77.59294735863799]
95 5 [302.8524298984557, 260.4532857369632, 267.6469856364652, 87.81391597464673]
96 5 [303.043075690046, 272.6592739056796, 267.806917607598, 100.0826174862682]
97 5 [301.100115666166, 263.9820517729968, 265.8221118478105, 91.42305277064438]
98 1 [301.3029060531408, 276.0506786536425, 265.9166199905798, 103.4720860250294]
99 4 [299.2301068473607, 288.1218125056475, 263.859690621309, 115.5206754319369]
100 4 [295.3630889225751, 302.7145685385913, 260.0030462099239, 130.1379137836396]
101 4 [283.9689923096448, 296.8548001479358, 248.7295124484226, 124.2737040337175]
102 4 [295.2895689774305, 285.177391929552, 260.1045326722786, 112.5848953146487]
103 4 [296.2321238983423, 289.4117470216006, 261.1079509450123, 116.8123987529426]
104 1 [303.5993599165231, 300.6738765668124, 268.4026089502499, 128.0100744340568]
105 3 [308.936759756878, 294.5169647168368, 273.8429747773335, 121.9157589945941]
106 3 [315.9616421926767, 294.7064504157752, 280.8278479797766, 122.0134381208568]
107 3 [319.9383240211755, 307.8708335887641, 284.7829686013982, 135.0893596503883]
108 3 [326.5152817238122, 310.754098309204, 291.3646800136194, 138.0714727614075]
109 1 [334.1558658350259, 314.6830821167678, 299.0597531056032, 142.0224291417747]
110 5 [328.7341206539422, 314.7623003683984, 293.6710283553228, 142.1055187236517]
111 1 [343.2886426914483, 316.3338993154466, 308.1977932190522, 143.6302685361355]
112 5 [345.43652199395, 314.8070175610483, 310.3479103313759, 142.1333372097462]
113 5 [350.0669252146035, 325.2309186421335, 315.0163787113502, 152.526288966462]
114 5 [354.0959372390062, 329.9282149635255, 318.9804312156513, 157.2059989850968]
115 7 [359.3086000550538, 333.1955222450197, 324.1584685670212, 160.4502856280654]
116 5 [365.4588320124894, 323.8884685598314, 330.3505498634651, 151.1083584275096]
117 7 [368.6164879072458, 330.56209724769, 333.5033953426405, 157.7149850811809]
118 7 [382.6628946531564, 337.2934321723878, 347.5746466128155, 164.4524852778762]
119 7 [393.1154059637338, 344.5801673494279, 357.9358301190659, 171.744162485376]
120 7 [397.1862991917878, 334.3538866601884, 362.0029978146776, 161.5445723358541]
121 7 [403.0667331088334, 333.5386412255466, 367.84837707486, 160.7033633653074]
122 1 [410.2400525677949, 335.7546708397567, 375.0968278666958, 162.9580060575157]
123 5 [410.1973034925759, 338.4574845843017, 375.1265089610591, 165.716878548637]
124 4 [407.4099691696465, 327.2465077452362, 372.3937307635322, 154.4742043677717]
125 4 [407.2731206957251, 326.9959625080228, 372.346766350232, 154.3242671933024]
126 4 [415.0288860145956, 326.1573764160276, 380.1114752477035, 153.4547596152871]
127 4 [417.0709082130343, 328.775625474751, 382.0835335021839, 156.1030497398227]
128 4 [426.7656299117953, 329.1721693649888, 391.7945428242907, 156.5023184344172]
129 4 [433.1543799880892, 323.3593825474381, 398.2393784454093, 150.6863099712878]
130 4 [433.0251431390643, 322.9753129780293, 398.0479352744297, 150.3406342122703]
131 4 [440.5946308299899, 316.070266276598, 405.6411597417668, 143.5243956003337]
132 4 [444.4720125123859, 308.2503741085529, 409.440486340411, 135.66897646524]
133 4 [455.0314164087176, 308.4264414608479, 419.9809149907902, 135.8504401654004]
134 5 [461.272668235004, 315.7743804752827, 426.2496941672638, 143.134668752551]
135 5 [475.0015586540103, 313.394110262394, 439.9752380380407, 140.7989042520522]
136 5 [479.1181501671672, 310.5328590273857, 444.098843802698, 137.9448723740875]
137 5 [480.1869425103068, 314.2105779647827, 445.2433795945719, 141.7071330614387]
138 5 [482.0295123681426, 320.1742289066315, 447.0999748962, 147.5958835430442]
139 7 [485.9394510015845, 325.442772269249, 451.0169638784603, 152.8569941513239]
140 7 [490.7071150764823, 327.4745652675629, 455.7412053020672, 154.8561904661356]
141 9 [487.2627343162894, 324.5659232735634, 452.4253400119022, 151.8952235154807]
142 4 [476.7142690643668, 326.3149431943893, 441.9202863069252, 153.5938158266245]
143 4 [482.1136487945914, 335.8781257867813, 447.4127595337108, 163.1975292794405]
144 4 [481.2011099532247, 336.7987797260284, 446.4078587235883, 164.2090019933878]
145 4 [469.0719307139516, 338.3246204853058, 434.2640990229324, 165.7536755122243]
146 4 [460.1042092517018, 342.3560059666634, 425.281447439082, 169.796623328328]
147 4 [466.7717081978917, 354.341466486454, 431.923440177925, 181.7717957630752]
148 4 [466.8634900003672, 343.5364318490028, 432.0054869027809, 170.9842171415685]
149 4 [470.2357616573572, 332.4875558018684, 435.3590703310446, 159.8712080463766]
150 9 [481.4053728729487, 333.7195246517658, 446.5972251834348, 161.1105711236595]
151 9 [481.5129020549357, 344.8020141422749, 446.7055195432157, 172.2125802055]
152 4 [481.3496659807861, 347.5852953493595, 446.5667032238097, 175.0110413312911]
153 9 [481.8793617300689, 355.5586676895618, 447.1511517222971, 182.9500621169805]
154 9 [488.3016418032348, 349.0643917620182, 453.6733379956335, 176.5439113408326]
155 9 [494.8574976734817, 346.2255736291409, 460.171570616588, 173.7296949073671]
156 9 [497.7978347353637, 345.1672188788652, 463.146007585153, 172.6152290716766]
157 9 [498.4351355694234, 349.1143704801798, 463.7533150192351, 176.6348463252186]
158 4 [501.2812966965139, 349.8732068985701, 466.5462363298983, 177.3934714657254]
