Skating 0
2 5 [591.9459833670408, 135.4130289554596, 674.0630170404911, 340.881196141243]
3 1 [588.0569494534284, 132.3937313556671, 674.4530039727688, 331.7717305421829]
4 5 [585.7735650707036, 131.7797978073359, 671.0110091865063, 326.6455792188644]
5 5 [589.2580374646932, 122.0173401981592, 672.347323089838, 323.5518792867661]
6 4 [590.560556428507, 115.5357842594385, 678.7660867273808, 320.1167727708817]
7 4 [593.8444045949727, 120.7794613987207, 679.2064601629973, 319.1010372936726]
8 4 [597.5106256175786, 124.068661108613, 682.5275227278471, 326.2532413303852]
9 9 [596.9605940449983, 120.1052899509668, 679.2722386568785, 321.0052869617939]
10 4 [602.4694332946092, 119.9109291508794, 686.0649058073759, 323.7135055363178]
11 9 [598.4958904851228, 119.5000355169177, 681.3575342148542, 326.7893587648869]
12 4 [591.8787070382386, 119.2459593787789, 679.3735714405775, 322.7685103714466]
13 9 [590.3081390131265, 114.5748154893518, 678.470387712121, 313.8495760262013]
14 1 [589.0776738394052, 113.3239584639669, 673.7715970426798, 317.4098394215107]
15 3 [592.368892358616, 112.6369386538863, 677.6657979637384, 314.8406052291393]
16 4 [585.8378421533853, 111.4709597751498, 677.6828431282193, 318.9214950501919]
17 9 [590.5936308372766, 119.2876835986972, 674.2842218074948, 315.8281506001949]
18 8 [583.8656306732446, 119.64802262187, 671.0490793380886, 315.6724696010351]
19 8 [582.6329653728753, 127.507759064436, 668.6815116796643, 318.4239196628332]
20 8 [576.1751459110528, 120.8641504943371, 672.1905942354351, 319.6290815025568]
21 9 [575.224353061989, 117.9894536435604, 668.020445862785, 314.3143190294504]
22 8 [573.7757646609098, 111.9245534837246, 669.4953156206757, 316.8005236536264]
23 5 [576.1820181775838, 121.6354003846645, 670.4207410309464, 317.5180922150612]
24 5 [574.3369693327695, 116.0767517983913, 674.1408154461533, 308.4069378972054]
25 5 [580.0912596751005, 115.2132774591446, 669.6943995449692, 307.9367233663797]
26 5 [583.4316091109067, 121.0211215019226, 666.8447378966957, 314.4993671327829]
27 5 [587.8402291107923, 116.9416807889938, 664.0647065732628, 317.256023183465]
28 5 [592.7567175198346, 113.6272747516632, 669.3153342101723, 311.9901591688395]
29 5 [597.2049451638013, 112.4794764220715, 673.0897698495537, 308.9881246238947]
30 5 [594.8947249222547, 116.6426034867764, 675.4501971099526, 310.8619623333216]
31 6 [595.6935202945024, 122.5517699420452, 673.8801814410836, 305.5782308727503]
32 4 [589.1270913947374, 124.9513690769672, 677.2187556121498, 299.9817774444819]
33 5 [593.6196488011628, 129.0869151651859, 681.9437368009239, 300.7339380532503]
34 4 [598.7744014132768, 131.1471476256847, 687.2557022664696, 296.9968144446611]
35 2 [598.9958249423653, 134.3014068305492, 697.2795851323754, 296.4228801876307]
36 2 [598.7292467597872, 136.8021935522556, 703.3010327909142, 291.7891473919153]
37 2 [604.8782824520022, 138.0489477813244, 709.6105439756066, 289.2889614850283]
38 8 [606.2994530443102, 139.8133202493191, 716.1374549958855, 294.229191377759]
39 1 [607.5613343957812, 140.0660222247243, 715.7811944056302, 285.3185275346041]
40 2 [614.2562546972185, 137.5712152197957, 716.8984627593309, 282.4122167378664]
41 2 [616.6787050012499, 147.756300278008, 716.979905789718, 277.4501719027758]
42 2 [622.2921107057482, 146.1951831057668, 713.4455421622843, 268.768665984273]
43 2 [628.6098616365343, 137.8077238276601, 711.8959264811128, 267.3086808770895]
44 2 [633.0800769571215, 139.1593952551484, 708.7745940741152, 261.9372823089361]
45 1 [631.778022730723, 134.7249130383134, 707.7558654304594, 268.021266207099]
46 1 [625.3024356011301, 138.5742638483644, 706.7497440632433, 270.5140955299139]
47 1 [620.5830030087382, 137.9041827246547, 707.8203615602106, 279.2948131412268]
48 1 [615.8817143086344, 137.9580493997783, 705.1971243079752, 276.6776478737593]
49 1 [609.751845324412, 134.400557262823, 706.1312304195017, 281.0192416161299]
50 5 [607.7085973266512, 131.7234288882464, 699.8878625091165, 286.0731245726347]
51 8 [605.7927683833987, 139.7361842822284, 698.0978229101747, 289.3054618090391]
52 9 [605.6729677971453, 141.554764373228, 692.4484795387834, 292.12543605268]
53 9 [608.9907419737428, 143.9460967611522, 689.2187007721514, 298.4661323875189]
54 9 [607.8660984393209, 155.3155251573771, 690.0478568729013, 301.6536012738943]
55 4 [608.4266417231411, 151.7985400985926, 691.5953555759043, 297.9040869325399]
56 5 [608.9236758407205, 154.7539217304438, 686.3906448539347, 293.1774785369635]
57 5 [608.2669006194919, 154.6506333816797, 690.4423593934625, 299.3685726970434]
58 5 [611.5517923440784, 157.5988615620881, 693.8674240764231, 306.3574080318213]
59 2 [613.4329945053905, 159.1161416042596, 698.6823293622583, 310.1106985658407]
60 8 [610.7338680829853, 163.3325613010675, 696.7732828315347, 315.7044558376074]
61 8 [615.7637760248035, 162.4980269242078, 702.4117918666452, 317.1193988770247]
62 2 [613.8483113255352, 161.2990397978574, 695.601015156135, 321.2716958969832]
63 1 [605.8599411454052, 157.9498619604856, 698.1464200671762, 323.7426637858152]
64 5 [597.7986077275127, 153.3572095204145, 697.9536704476923, 316.6756610125303]
65 2 [594.7462098803371, 151.1582980919629, 697.2207026090473, 323.9919261187315]
66 2 [601.1467094626278, 153.9916470814496, 699.6388234701008, 321.9932736009359]
67 3 [599.1546435561031, 146.7018199730665, 699.3423347231001, 322.5655852109194]
68 7 [605.6308465208858, 145.9445948172361, 700.6188359912485, 325.1764581948519]
69 3 [603.7033115234226, 143.746542410925, 701.7912874873728, 333.8127964287996]
70 3 [612.499773344025, 135.5535447169095, 701.1464684363455, 333.0769951045513]
71 3 [608.4125746097416, 138.0395526457578, 695.912539517507, 330.5530004799366]
72 7 [607.0928588416427, 138.5625246185809, 701.177743351087, 335.2641146481037]
73 3 [597.0288064982742, 138.0751354116947, 703.3132056947798, 330.6017744839191]
74 7 [599.6243254449219, 135.6516088265926, 697.4634244199842, 327.6015184223652]
75 7 [596.3984387423843, 140.4112259168178, 694.2508886810392, 329.5238198935986]
76 7 [591.8078684117645, 138.0712780375034, 696.9059147592634, 326.7420116961002]
77 5 [591.3126125987619, 140.6944552082568, 698.7140360232443, 318.4384805262089]
78 5 [590.4309828337282, 146.0253753084689, 695.6122511979193, 316.394111007452]
79 5 [590.9984654393047, 142.7551874537021, 687.0040790196508, 310.9859071671963]
80 5 [592.2219829764217, 139.1968920845538, 685.5441215392202, 301.1538966596127]
81 5 [593.6081761326641, 146.0683217663318, 688.3271256443113, 299.5424322783947]
82 9 [593.6432939236984, 153.1375196594745, 683.6824794765562, 301.0984319746494]
83 9 [587.9490725463256, 148.648902239278, 682.1002928372473, 300.4404179751873]
84 9 [582.6166668599471, 142.7001699823886, 679.9132340904325, 293.9555625617504]
85 9 [575.2736511891708, 142.9747958872467, 682.6553756352514, 293.5263194441795]
86 9 [573.829243815504, 136.5266109202057, 689.8333646412939, 291.1131091713905]
87 9 [567.2880791788921, 134.9179537389427, 686.4717485066503, 293.5818014740944]
88 9 [562.1940650111064, 129.4445629213005, 689.2249763365835, 289.5697196125984]
89 9 [559.3361916905269, 121.4408526513726, 682.5345077868551, 291.6566300392151]
90 9 [558.0303348070011, 112.527380714193, 676.4803300257772, 291.6709858449176]
91 9 [559.3963143890724, 117.7740165088326, 668.2231023665518, 288.2718613417819]
92 9 [558.1397469406948, 122.8307601306588, 663.0194051619619, 287.8957321317866]
93 7 [557.7051440542564, 125.6175552699715, 663.2479714360088, 281.9333585174754]
94 7 [559.7508518164977, 134.1465150211006, 659.9695878233761, 283.7536001475528]
95 5 [561.2439637249336, 138.0865767095238, 663.1848304476589, 283.5111214118078]
96 5 [565.0979390209541, 135.5855560991913, 667.3155864682049, 285.6754781203345]
97 5 [572.0074882572517, 137.6733180377632, 669.6607390847057, 288.2548206644133]
98 3 [572.1360065368936, 135.9834337327629, 665.8192764725536, 287.8075872110203]
99 1 [576.7594135431573, 137.703165659681, 665.9938086066395, 289.7420496391133]
100 3 [579.6098195938394, 139.4608985874802, 661.6666426453739, 291.2295243488625]
101 8 [585.5538372425363, 136.0504018757492, 668.0600554738194, 293.142973815091]
102 2 [591.2473959354684, 135.8290372211486, 668.1497389208525, 295.1961329327896]
103 8 [588.7016181973741, 131.167328985408, 667.3360927831382, 297.1935024606064]
104 8 [589.0173616064712, 133.9610508400947, 674.1170976888388, 301.4314678059891]
105 8 [592.1180395735428, 131.7018015105277, 680.0028398763388, 302.7495296346024]
106 3 [590.5618088496849, 136.2310729939491, 683.098073316738, 302.3947927402332]
107 5 [586.0610782159492, 138.7108401376754, 684.2366416286677, 309.6494357036427]
108 5 [585.391289989464, 140.5342008192092, 693.1184599231929, 308.8068586336449]
109 5 [587.7755095167086, 134.8110863287002, 694.9866587352008, 311.5316804395989]
110 5 [585.971134047024, 124.6324292737991, 695.5296477656812, 309.2917784200981]
111 5 [586.8156199557707, 115.3039630968124, 693.8084661941975, 309.4362961323932]
112 8 [580.183449040167, 118.2816138584167, 688.0057440977544, 314.7843101294711]
113 8 [571.0692162616178, 116.6710272748023, 692.9766420107335, 313.4879274340347]
114 3 [573.3296613199636, 114.7131929714233, 688.7524002771825, 315.2214019270614]
115 5 [575.3640247685835, 116.2752485591918, 681.4469355326146, 310.2087366553024]
116 1 [578.7065607411787, 120.4457853157073, 685.9134154301137, 315.2343137236312]
117 3 [575.6072013480589, 118.4272840935737, 679.6500918846577, 322.5881276102737]
118 3 [578.1622464759275, 126.2068160492927, 677.3015798907727, 323.2283045621589]
119 5 [573.9711961848661, 128.6531748492271, 676.9033855777234, 324.7405747743323]
120 3 [567.2920265300199, 124.4641523081809, 676.7505984250456, 325.3275698693469]
121 3 [567.6046862928197, 128.797748060897, 678.9648603145033, 323.1804445656017]
122 3 [561.6442435113713, 137.022744866088, 678.8112908173353, 325.0853599580005]
123 3 [559.6778554646298, 142.5475067812949, 676.0830120015889, 321.5721532376483]
124 3 [555.9262089459226, 144.6949303466827, 675.0945370662957, 312.6790389092639]
125 7 [559.9807004658505, 149.6211108285934, 671.2974710930139, 308.6003306182101]
126 3 [564.0409015147016, 147.6512739975005, 667.4772304762155, 311.6943502696231]
127 8 [568.9720902172849, 150.1835904438049, 661.0379769075662, 313.2775652678683]
128 8 [575.3040168015286, 151.4997702557594, 660.1318015325815, 309.832082179375]
129 3 [579.8336537806317, 159.0271209198982, 660.3788379002363, 304.3140540393069]
130 8 [573.06966337841, 157.4040187913925, 667.4258671570569, 306.4101724894717]
131 2 [573.9131401507184, 159.9677596408874, 671.0031146574765, 298.7065806658939]
132 4 [576.6179224578664, 156.4335329849273, 676.6855325270444, 299.9534737439826]
133 2 [572.5179245797917, 155.7783391941339, 679.194182055071, 291.6542777391151]
134 1 [574.9741984335706, 153.3309597242624, 686.3667100835592, 290.2625917764381]
135 1 [580.6202730862424, 146.6415769327432, 690.2714717555791, 288.4173072548583]
136 4 [578.9838194577023, 152.9117547739297, 685.2378119397908, 286.0721473069862]
137 6 [586.2913462845609, 148.2709495294839, 682.5915037561208, 290.0282697053626]
138 2 [590.6423871247098, 149.5627527106553, 679.4948347974569, 297.9626681180671]
139 3 [587.3273766962811, 148.8667330611497, 684.5319972205907, 293.8607676597312]
140 4 [586.750355171971, 150.6588077414781, 691.6159422565252, 289.3016088576987]
141 2 [591.0944966552779, 149.6422699261457, 696.2864728141576, 288.8527068467811]
142 8 [595.3776726005599, 154.497093277052, 697.726690934971, 294.3868926139548]
143 1 [596.3265621541068, 150.9160874653608, 703.2912772167474, 297.5685285897926]
144 2 [591.7343646166846, 154.3812121916562, 708.3153651226312, 294.8467630716041]
145 1 [589.7665750263259, 153.780392633751, 712.440980957821, 293.3162096710876]
146 5 [588.0438848016784, 149.9077112544328, 711.8956814277917, 286.9942029686645]
147 5 [581.5578649519011, 152.2675841916353, 705.8108628261834, 290.1658160658553]
148 9 [579.8083705184981, 152.4933687914163, 700.7693187464029, 281.9065427752212]
149 5 [583.2072743652389, 146.3952106703073, 694.5515977609903, 285.3935729237273]
150 5 [587.5936545608565, 147.5439269412309, 696.7989604342729, 280.4894226761535]
151 5 [587.5566754145548, 152.4290478099138, 699.3921823371202, 284.0656623812392]
152 5 [586.8658307297155, 155.9989406932145, 701.420051978901, 289.9839615793899]
153 5 [595.5099087459967, 158.4017200339586, 704.1421204078943, 293.0707864733413]
154 5 [595.8194444505498, 161.6682572234422, 705.0178040731698, 302.3998391600326]
155 1 [601.8817775575444, 166.109010444954, 700.6563480366021, 309.8488357039169]
156 1 [604.7224704353139, 163.9596476424485, 699.5439686346799, 317.0732004614547]
157 1 [601.4680496780202, 160.532788740471, 697.402990417555, 322.5230207415298]
158 1 [605.3384365169331, 154.9011171925813, 695.3897481132299, 318.7806403608993]
159 2 [611.0566636649892, 153.6895435322076, 695.7439454589039, 323.4506648750976]
160 1 [613.7981850830838, 155.4805381763727, 694.4475026819855, 330.5567778320983]
161 4 [609.2957678763196, 155.1412955764681, 686.9884854052216, 336.6553558083251]
162 4 [609.4675405202434, 150.6100503448397, 692.0881947968155, 340.9293056698516]
163 4 [609.791326331906, 146.4529675487429, 692.8017024490982, 341.2035974832252]
164 4 [610.4425959168002, 144.1675217989832, 688.9680876228958, 343.6698369951919]
165 4 [608.0216033039615, 140.67956324853, 688.1281785462052, 337.758587715216]
166 4 [605.4972721515223, 133.6609775666148, 688.2706486601383, 336.5200499864295]
167 9 [602.2206169543788, 128.7602841500193, 695.2896906752139, 334.1275383206084]
168 5 [608.8817299781367, 130.6695985440165, 702.3819891829044, 333.9288486586884]
169 5 [614.7252681432292, 133.5509678367525, 704.7780969757587, 336.1857004510239]
170 9 [617.2759230313823, 130.7970397714526, 704.6301986519247, 334.7890052841976]
171 9 [612.8876184402034, 129.0913694147021, 699.2211722675711, 333.229582731612]
172 9 [613.3176078377292, 127.8733772281557, 695.2397001329809, 327.1252054618672]
