Spiderman 0
2 4 [526.942273363471, 86.83627727627754, 662.8990605157613, 471.8566611027717]
3 1 [535.4572656005621, 91.51268365979195, 671.4240912124515, 476.5861540067196]
4 1 [539.2798361629248, 94.92492273449898, 675.2543093982339, 480.0239043653011]
5 1 [539.4533260911703, 87.9551217854023, 675.4625214341284, 473.0224323892593]
6 2 [531.7208644002676, 84.93937113881111, 667.7497640231252, 470.0265922218561]
7 2 [527.227150067687, 82.67333492636681, 663.2444099843502, 467.7430711483955]
8 1 [525.4585184305906, 86.49781414866447, 661.5108002972603, 471.5320653319359]
9 1 [532.1207644194365, 88.18786349892616, 668.1679684013128, 473.2255633746833]
10 1 [538.8750545233488, 85.83038738369942, 674.9605518347025, 470.856363407895]
11 8 [540.1757367104292, 79.6731598675251, 676.2929342490435, 464.7039472686499]
12 1 [534.3897780627012, 86.0693579018116, 670.5019191898406, 471.0728523188084]
13 1 [528.4750515669584, 92.72646620869637, 664.6187046088278, 477.7583710538596]
14 1 [520.0358571261168, 96.97100082039833, 656.1666581229865, 482.0748214470596]
15 1 [513.783778116107, 99.32321909070015, 649.8632700745761, 484.440391862914]
16 1 [511.2570705264807, 107.3766517937183, 647.3196266399324, 492.475985256359]
17 5 [510.2803915888071, 118.3322117626667, 646.3899430654943, 503.4297429287062]
18 5 [505.8971631675959, 111.285522967577, 641.9473998306692, 496.3643723618612]
19 1 [511.3831854015589, 105.341854006052, 647.4321458441019, 490.4636336433516]
20 1 [518.8432755619288, 108.8427061140537, 654.8803642228246, 493.9676997460798]
21 1 [522.2818052917719, 100.4446503221989, 658.316525965333, 485.5145779385046]
22 1 [520.002815797925, 94.75792160630226, 656.0886404031514, 479.832636945136]
23 1 [512.9075675755739, 92.79156574606895, 649.0019018375873, 477.8199560808018]
24 1 [507.5869385749102, 87.97968778014183, 643.6811890178918, 472.9975443344191]
25 1 [504.4181718379259, 83.39986523985863, 640.4934840685129, 468.4402066253498]
26 5 [512.0221814662218, 82.20174929499626, 648.0901925079525, 467.269349575527]
27 5 [518.9430431872606, 89.58288738131523, 655.0285208044946, 474.6454221558944]
28 5 [519.8652627319098, 91.52395287156105, 656.0084920679033, 476.574364023842]
29 5 [529.3492748588324, 95.87797132134438, 665.4984979431331, 480.9095245647803]
30 5 [531.9565885514021, 102.5276981890202, 668.0785763995349, 487.5068588281051]
31 9 [538.8050921410322, 98.12989965081215, 674.8957079391181, 483.086557850875]
32 1 [530.6423776596785, 100.306241363287, 666.747100867778, 485.300658167638]
33 1 [518.542369171977, 99.55387529730797, 654.6246155114471, 484.6010078120605]
34 1 [513.8505154103041, 93.82451018691063, 649.9566825087368, 478.8657128462568]
35 1 [508.2235713452101, 87.93529185652733, 644.3359034648537, 472.9899562144652]
36 1 [506.7798799425364, 81.63365563750267, 642.8847076213359, 466.6549240577594]
37 5 [506.8796962276101, 77.87864956259728, 643.0239969751237, 462.9283788651601]
38 2 [501.0117789283395, 71.76871332526207, 637.1049169394372, 456.8242105305568]
39 2 [500.7035215646029, 64.98525580763817, 636.7975546276196, 449.9843913793937]
40 2 [507.7357793599367, 59.27369591593742, 643.8235823219641, 444.2881096542255]
41 1 [510.1660459786654, 65.90205737948418, 646.2340555917842, 450.9230728875474]
42 1 [513.9714765101671, 75.06867405772209, 650.0733934831245, 460.0716247700528]
43 2 [522.5429002791643, 69.06264159083366, 658.6861067199333, 454.0638923360781]
44 1 [532.0518340617418, 67.17561313509941, 668.2030754690989, 452.1797352208571]
45 1 [533.817874327302, 75.6328692138195, 669.9783463728054, 460.6171305485444]
46 2 [528.5537766367197, 70.29373368620873, 664.6812933241947, 455.2631113545971]
47 1 [534.1571340709925, 72.88408204913139, 670.2363236248119, 457.8068973701076]
48 2 [540.995320096612, 72.94647722132504, 677.1130320155246, 457.8624946596847]
49 2 [543.0276633054018, 65.65307097323239, 679.1284402054174, 450.5303107323871]
50 2 [548.5812518149614, 62.65523158200085, 684.6523569655044, 447.5313292537631]
51 2 [556.9076761752367, 61.10345153696835, 693.0285893106086, 445.9972670929136]
52 1 [563.2467667609453, 66.03574888594449, 699.3533247682078, 450.9136334167422]
53 2 [569.839457705617, 64.30378501303494, 706.030057739876, 449.2209816692771]
54 2 [573.8799684792757, 58.44803886301816, 710.0378925916178, 443.3338031052055]
55 1 [581.8398214131594, 53.18527834303677, 717.9928161260111, 438.035206935257]
56 1 [586.0151425153017, 56.87874953635037, 722.1829256429894, 441.7748428760471]
57 1 [587.2019693106413, 61.06454126723111, 723.395177993439, 445.9563952946665]
58 1 [591.3191919773817, 66.77606718428433, 727.5007089584692, 451.6222842514517]
59 1 [597.4343667477369, 74.12754647620022, 733.6220193414016, 458.9496860074999]
60 1 [598.5078587681055, 79.7647891510278, 734.6307580153271, 464.6033070909979]
61 1 [603.4493428617716, 79.05169290490449, 739.6216430489345, 463.8507397860291]
62 1 [602.5423142760992, 84.87514811940491, 738.7016346592827, 469.7120379477742]
63 1 [609.3733248561621, 84.25078636594117, 745.5253335786982, 469.1150641661885]
64 5 [610.7014231532812, 75.74680620618165, 746.835744001977, 460.5733326083424]
65 5 [617.5681049674749, 72.96953791566193, 753.6828997690602, 457.7839348840716]
66 1 [623.4431079477072, 73.98154583759606, 759.5414208234473, 458.7915978983047]
67 1 [628.6021571010351, 78.12453738041222, 764.6970805868133, 462.9151395061614]
68 1 [631.1369504779577, 82.12996772117913, 767.224569790922, 466.9680510190132]
69 1 [628.1710758656263, 89.09906986542046, 764.2908470683917, 473.9402962761375]
70 1 [626.6114215701819, 94.15774181671441, 762.7224812852963, 479.0253961258384]
71 1 [632.6868030875921, 89.87390354461968, 768.8022459086403, 474.745786924884]
72 1 [634.7868847697973, 88.02855357713997, 770.9197276368365, 472.9418935375663]
73 1 [633.005406960845, 86.5278134662658, 769.1754124882444, 471.4721268074962]
74 1 [633.3445400819182, 86.6019526515156, 769.4846444093809, 471.6089322086427]
75 1 [628.2483676299453, 82.46646056510508, 764.3938141533361, 467.44856416069]
76 1 [626.3517678007484, 83.18745417334139, 762.4915893223511, 468.1431956865641]
77 1 [620.2322879061103, 84.85886503197253, 756.3717089473084, 469.7750044729563]
78 1 [614.7775380834937, 87.90644670464099, 750.9219926305489, 472.8305477296564]
79 1 [607.1828553900123, 90.22123868204653, 743.3455516137556, 475.2055137216302]
80 5 [600.3109271749854, 85.35057384707034, 736.518270505853, 470.3328559434416]
81 7 [596.3276880010963, 79.02504880167544, 732.5108700003102, 464.0087492287162]
82 7 [601.3734749779105, 73.64860768057406, 737.5441395260766, 458.6863164246085]
83 7 [595.7792034372687, 67.86543960310519, 731.9275709410384, 452.9093597066405]
84 7 [589.7614944204688, 65.98915285803378, 725.9027050149814, 451.0312232903394]
85 7 [581.6829469427466, 63.38250435329974, 717.8664659655467, 448.3953769431266]
86 5 [575.041692994535, 68.10059798695147, 711.2118137833849, 453.1338245753202]
87 5 [571.8312787041068, 73.55751467682421, 708.0330950281397, 458.5527377966794]
88 5 [564.5826381668448, 78.25441385246813, 700.7400203761831, 463.2818604270372]
89 5 [557.9121595844626, 79.28108728863299, 694.050385283567, 464.3637246874723]
90 5 [554.7784854397178, 77.21803242899478, 690.93285134051, 462.2968273582312]
91 5 [551.9404027089477, 74.17540998198092, 688.081235483028, 459.2755475773665]
92 5 [552.8631980344653, 75.37276069261134, 688.9764328554645, 460.4220281126353]
93 5 [553.7645268365741, 75.88953188993037, 689.8209792104735, 460.9692518308017]
94 5 [554.386462263763, 79.88041643239558, 690.4250317243113, 464.9644672100994]
95 5 [557.3755324408412, 80.11217471398413, 693.4024414304271, 465.1676550751183]
96 5 [554.744760684669, 85.30586692132056, 690.8202917006984, 470.3232511525604]
97 5 [560.5129319950938, 92.92905041016638, 696.5565835264697, 477.9640205734226]
98 5 [561.3950521573424, 100.2221512440592, 697.4065839103237, 485.2921831040832]
99 5 [557.4813036546111, 106.3104853276163, 693.5222385427728, 491.4064772569391]
100 5 [560.127146743238, 106.4811150934547, 696.1895778414979, 491.5827085655185]
101 5 [558.8689650520682, 108.910037746653, 694.923487058021, 494.0333783476802]
102 4 [562.5867649540305, 115.3085796739906, 698.6126305053009, 500.4528602343055]
103 4 [559.4288150295615, 125.4922614004463, 695.4397996449841, 510.6099780260774]
104 4 [559.877288646996, 131.0512207653374, 695.912725801505, 516.1657088933142]
105 4 [561.2556350901723, 135.3590183164924, 697.2514496052636, 520.4496600059422]
106 5 [554.2656832411885, 135.6610688697547, 690.2428021675719, 520.7315192616733]
107 5 [555.2267968729138, 134.4386751782149, 691.1656906336916, 519.4651855433734]
108 5 [555.6683330461383, 129.5440921913832, 691.6456404531373, 514.563618443236]
109 5 [561.5884518548846, 129.5614106059074, 697.5561016714944, 514.5644479832056]
110 5 [558.8486037775874, 128.7005463242531, 694.7940908265484, 513.694478530884]
111 1 [563.0000589415431, 124.2221917510033, 698.9363031617178, 509.2371403008701]
112 1 [566.5267557427287, 122.7274524569511, 702.4446226522697, 507.7703832471373]
113 1 [573.3024656102061, 122.1755546033382, 709.2240584708376, 507.1969945997002]
114 1 [578.4252005144954, 116.7991410195828, 714.3357048208637, 501.8876598447563]
115 1 [579.7830434367061, 110.2873483598232, 715.6638830996676, 495.4221827870609]
116 1 [578.4677899703383, 105.1240677535534, 714.3073678315802, 490.2983006805184]
117 1 [576.1206353530288, 100.5064800679684, 711.9728653023764, 485.6406759721043]
118 1 [576.0290329251438, 103.572230309248, 711.9472494291141, 488.7158490881326]
119 1 [574.0128108654171, 108.5600282847881, 709.9226057489589, 493.7360978838804]
120 1 [581.8031667862088, 108.5342031130567, 717.7063816593959, 493.6858187765258]
121 1 [585.7828239593655, 111.1734061250463, 721.6909584768488, 496.3380323118346]
122 1 [585.0603483412415, 111.7247102269903, 720.9804152788593, 496.9062014431136]
123 1 [584.6587127540261, 108.2751770028845, 720.6027722408248, 493.4824933356421]
124 1 [587.0200015399605, 110.5782082090154, 722.9616025472803, 495.8258267814296]
125 1 [586.0044014248997, 111.3030430981889, 721.9358042363449, 496.5580468979853]
126 1 [583.0142644438893, 113.543524117209, 718.903604302816, 498.8408266857641]
127 1 [577.8236506972462, 109.9503349969164, 713.759960184507, 495.2840428880232]
128 3 [569.8002959284931, 111.1433019945398, 705.7315929522738, 496.4965381178635]
129 1 [563.2272795233876, 110.189576418139, 699.1121278288588, 495.555697434582]
130 3 [560.6916534099728, 113.2351321289316, 696.5790472209826, 498.6006322960744]
131 3 [560.3470082823187, 118.8171745846048, 696.2224481994286, 504.2233194916139]
132 3 [561.1313971523196, 121.1252816030756, 696.9777153587714, 506.5365489995668]
133 3 [559.2894895318896, 117.669436247088, 695.1828658116237, 503.0562253034304]
134 3 [560.0195188317448, 114.9495525667444, 695.9407703048364, 500.3177457213591]
135 3 [562.0510918889195, 113.2577152559534, 697.9710414936394, 498.5988844520043]
136 1 [562.2551886159927, 109.4173698732629, 698.2167554794997, 494.7409716284464]
137 1 [561.8935750741512, 110.090925575234, 697.8558422974124, 495.4497711241434]
138 1 [563.1655323226005, 101.090530754067, 699.1670597759262, 486.4169458174894]
139 1 [569.3880934435874, 95.0688399085775, 705.4098895439878, 480.3989338737915]
140 1 [572.3047125060111, 90.47653615567833, 708.3526869145408, 475.8490849191139]
141 1 [567.5442013461143, 90.0567773738876, 703.4971634570136, 475.4163179984877]
142 1 [561.69532594271, 91.72656406555325, 697.6427267471328, 477.0804512086699]
143 1 [554.0836595017463, 95.97306205425412, 690.0269846310093, 481.2876739791224]
144 1 [545.6069677788764, 100.2215795675293, 681.550160261211, 485.5781538728068]
145 3 [538.6816349942237, 100.8557934770361, 674.6734698055359, 486.2101139017383]
146 3 [532.9685344416648, 101.8795108506456, 668.9279010341736, 487.2492867645065]
147 3 [529.8603487927467, 107.8540752837434, 665.8225042634876, 493.1752306982318]
148 3 [536.0935035664588, 107.5985366711393, 672.0910025840672, 492.8891625496189]
149 3 [535.6263996381313, 113.0420970330015, 671.6306347420485, 498.3240730073491]
150 3 [535.0062848944217, 111.8373100766912, 670.9995749503048, 497.1407383766214]
151 1 [541.9159464258701, 109.6886882791296, 677.8921233427199, 495.019371018056]
152 1 [542.8706552106887, 104.2805827865377, 678.8555677443417, 489.6452365466395]
153 1 [542.3896497953683, 98.84741187188774, 678.3699271383556, 484.1855257817546]
154 1 [542.303873712197, 97.02677041385323, 678.2593593239459, 482.4178847380915]
155 1 [542.5653273332864, 87.78614908549935, 678.4959019520553, 473.1808062321135]
156 1 [543.6638108361512, 87.43369772378355, 679.6116026386293, 472.8509318658897]
157 1 [547.4080569613725, 87.30790636781603, 683.3504724944802, 472.7672842076609]
158 1 [547.772363441065, 88.31637144926935, 683.7361710537643, 473.8065966060946]
159 1 [555.7653999496251, 90.03817350510508, 691.7404068837733, 475.482568246443]
160 1 [563.6685080695897, 90.0152817745693, 699.6112265537352, 475.4465493102373]
161 1 [568.7829638887197, 88.7040653009899, 704.7189679248304, 474.1391844172778]
162 1 [570.4987642336637, 88.20332119660452, 706.4199160085292, 473.6498226781191]
163 1 [577.4142415095121, 88.01336310850456, 713.3544969908567, 473.5012148438396]
164 1 [582.6818096209317, 82.22159729944542, 718.5920278302999, 467.6841868136825]
165 1 [580.891783611849, 83.20800264226273, 716.8337522880407, 468.6395640943946]
166 1 [586.0492248702794, 82.83761289017275, 721.9542356280657, 468.2693632573683]
167 2 [594.525960939005, 76.71309115784243, 730.468315198836, 462.1419871535201]
168 2 [600.5102138686925, 71.88655760185793, 736.4144674853656, 457.304441892137]
169 2 [595.1316101718694, 68.72902824776247, 730.9757830218646, 454.1645656736989]
170 6 [590.0890972781926, 66.88759502070025, 725.9341979615065, 452.2926670547623]
171 6 [588.7683663833886, 63.28190930979326, 724.5993610272976, 448.6655200078387]
172 6 [585.7289754617959, 58.47424098150805, 721.5574260876747, 443.8631697440941]
173 6 [583.0675224531442, 52.02415629522875, 718.9625565002533, 437.4086685682137]
174 6 [585.0517697203904, 46.31989236967638, 720.977745355186, 431.6704148782093]
175 6 [576.5035381186754, 39.06129261152819, 712.454843720016, 424.4137455787558]
176 6 [577.660904513672, 41.39952119486406, 713.6248740549059, 426.7635675688882]
177 6 [580.8037578929216, 42.57853391068056, 716.7437657858105, 427.9400306657751]
178 6 [577.7021915782243, 34.32360365288332, 713.6341023094626, 419.6929537666638]
179 6 [578.3961420822889, 34.62326337443665, 714.307431545374, 419.9957660044778]
180 6 [576.2548257280141, 35.62550617801026, 712.1717369563552, 420.9610780586351]
181 6 [575.2191992569715, 37.01186759816483, 711.1740117723914, 422.4051443661798]
182 6 [577.8050518799573, 38.38617114769295, 713.7234008152457, 423.7909516723503]
183 6 [581.2957566548139, 39.33365325676277, 717.2550729496451, 424.7340453776766]
184 6 [590.2366486359388, 37.10945878969505, 726.2163534707995, 422.4756677946497]
185 6 [597.1096075344831, 36.41133834468201, 733.0788827068777, 421.7914744669247]
186 6 [603.0177379418165, 31.2068797503598, 738.9822758261532, 416.5905830228377]
187 2 [596.1384969521314, 36.86633755313233, 732.1587038771481, 422.2205989539672]
188 2 [594.0173572469503, 33.43095780955628, 729.9963716892571, 418.7890275247444]
189 2 [593.8535548206419, 29.45106674777344, 729.8395885140867, 414.7913620360245]
190 2 [586.7433162685484, 28.92589268134907, 722.7470159060927, 414.2514040662397]
191 1 [582.6695546861738, 33.27032348560169, 718.6522543598385, 418.6587220574965]
192 1 [574.6101803537458, 40.33160206722096, 710.6023119483562, 425.7189991074105]
193 1 [571.4971209522337, 46.64900323795155, 707.4941420882614, 432.0047328346272]
194 1 [562.2024227138609, 45.8550245766528, 698.2346895390422, 431.1941217183371]
195 3 [553.279176807031, 46.6959175770171, 689.3138940100789, 432.037614955162]
196 3 [545.7592211719602, 39.397592515219, 681.7871568896294, 424.7315073217501]
197 3 [536.7458022590727, 39.8000185941346, 672.7770158053606, 425.0653593082776]
198 3 [529.8753260131925, 42.48430167185143, 665.8962243987292, 427.7123219330658]
199 2 [523.4534538742155, 43.83142165886238, 659.497309138295, 429.0700646068205]
200 7 [517.5876630302519, 43.37828484224156, 653.6462079806297, 428.575266060387]
201 7 [512.9655084367842, 49.01199415372685, 649.038171632406, 434.200053564166]
202 7 [509.1846955772489, 56.70186737226322, 645.2791024024456, 441.9035740687002]
203 1 [505.2229612823576, 62.29614391969517, 641.3471124948233, 447.535479158317]
204 1 [500.7106191869825, 66.70249405549839, 636.8630079431503, 451.9518416433086]
205 1 [496.7955292221159, 71.14315000222996, 632.9914967365234, 456.3886513152768]
206 1 [497.3210499640554, 77.27168074296787, 633.5158716480477, 462.5013749811103]
207 1 [492.4707298632711, 87.04016867326573, 628.6781703133923, 472.242096787398]
208 1 [491.6982531305403, 96.33846107171848, 627.9066903705565, 481.5146912702967]
209 1 [494.2724274154753, 110.8444897239097, 630.4892856527534, 496.0207513297061]
210 1 [499.6901684757322, 106.2405301635154, 635.8887972975937, 491.4205031303029]
211 1 [502.4797388073057, 113.1782855098136, 638.7320323694912, 498.393788193808]
212 1 [500.7879969831556, 116.532226592768, 637.0363124301699, 501.7330503228764]
213 1 [497.5731670614332, 120.0448460881598, 633.7952430960206, 505.2791421846013]
214 1 [493.5498006101698, 120.5324318562634, 629.7865596595077, 505.7810643697242]
215 1 [488.1319926735014, 122.1542620812543, 624.3696668106361, 507.3437010455589]
216 1 [488.5992527063936, 117.0803365861066, 624.8753782552524, 502.2770469962518]
217 1 [494.6531372126192, 121.487750664819, 630.961305624847, 506.7051960687797]
218 1 [491.5793224629015, 122.6961113964208, 627.9417564767642, 507.948742919461]
219 1 [492.1847055312246, 122.6183431935497, 628.6014090412898, 507.8925185376863]
220 1 [487.4551470633596, 119.8226368618198, 623.8606947913809, 505.0550870615701]
221 1 [486.5262437220663, 121.3501790356822, 622.9893869605703, 506.5770314822058]
222 1 [484.974866008386, 121.1023660344072, 621.4175383380098, 506.3484680942158]
223 1 [482.7526606675237, 118.5910056871362, 619.2008182781976, 503.8449601695399]
224 1 [482.7414619643241, 119.0055724275298, 619.2150984989148, 504.2590216300908]
225 1 [482.6096081901342, 117.209837068338, 619.1028363625746, 502.5104790375653]
226 1 [474.2201175857335, 118.3216195893474, 610.7006465481263, 503.6093272904578]
227 3 [466.2313175369054, 121.757019717712, 602.7591511891824, 506.9922198228064]
228 3 [456.5335440803319, 122.9066325617023, 593.0745953296166, 508.1554429812256]
229 3 [452.7488852906972, 128.5946948719211, 589.3266426025373, 513.8634162838284]
230 3 [450.5245393682271, 134.1575666856952, 587.0824255667669, 519.4352214146677]
231 3 [452.6685577798635, 132.2319065523334, 589.2201603767318, 517.4894692147796]
232 7 [458.2054339814931, 134.2861262154765, 594.7599239023816, 519.5322084511344]
233 7 [462.6730239558965, 137.9397204709239, 599.1966948481691, 523.188727071685]
234 5 [468.1109327245504, 145.2061129403301, 604.7227685924661, 530.4704021296923]
235 3 [474.6273766923696, 150.3877076697536, 611.1873170336378, 535.6746307925407]
236 3 [478.0033322740346, 153.6452015233226, 614.5450155767095, 538.9312196787346]
237 1 [483.7134938407689, 146.1811395478435, 620.2786344005954, 531.4059340008248]
238 1 [487.8368187118322, 138.7634154153056, 624.3958794865798, 523.9840851332892]
239 1 [491.0594381261617, 138.2817165148445, 627.614939999361, 523.4858940502156]
240 1 [489.3821782637388, 137.055237818975, 625.9334704671096, 522.2402505936374]
241 3 [485.4459718037397, 138.172036786098, 622.0009540472221, 523.3368247999896]
242 1 [485.527317436412, 135.8206573319621, 622.029188418765, 520.9424075891723]
243 1 [490.2877774555236, 141.5676549267955, 626.7823075362336, 526.6709414937247]
244 1 [498.3227279502899, 140.1154447388835, 634.8667533739697, 525.204816383635]
245 5 [497.3206923026592, 147.4966843915172, 633.8922019948851, 532.5389740877499]
246 3 [498.9255580920726, 146.8120017242618, 635.4914185787034, 531.8534543974413]
247 7 [498.0370272714645, 145.2834862661548, 634.6303797746491, 530.3131681643142]
248 7 [491.0293191988021, 147.2005964112468, 627.6000282592368, 532.1598953066482]
249 3 [489.020534189418, 147.4797442299314, 625.5298353261542, 532.3956860105409]
250 3 [487.3202191311866, 155.3091130596586, 623.8511488146376, 540.2219328263118]
251 3 [478.7631483990699, 155.142228261102, 615.264653704245, 540.122063670875]
252 3 [471.1463020760566, 156.5452563022263, 607.658167326827, 541.5301646959497]
253 7 [463.9129708725959, 157.7880389844067, 600.4534951261472, 542.7423929369165]
254 5 [457.9811755139381, 157.5225647767074, 594.5018108139228, 542.4707893103077]
255 7 [450.6870811898261, 154.888869591523, 587.2162777692865, 539.8396192172631]
256 5 [443.2143202740699, 151.5239200075157, 579.7418439459096, 536.4532349172696]
257 5 [436.6856676060706, 148.9019761164673, 573.1904264902364, 533.8168499199016]
258 7 [428.2824820000678, 147.7705328245647, 564.7755194600712, 532.6912527524396]
259 7 [419.985568376258, 149.4587328811176, 556.4912459831726, 534.4155641864702]
260 7 [411.6838818509132, 149.5291218240745, 548.2111517839919, 534.5135397510692]
261 7 [403.905570121482, 150.1536420066841, 540.4233968889008, 535.1427250582441]
262 7 [394.4325772244483, 145.3414622028358, 530.913687729765, 530.288540377067]
263 5 [386.7122741658241, 149.0811196048744, 523.1892923358868, 534.0154374951585]
264 5 [380.3969694096595, 140.9201689441688, 516.8427057591865, 525.8581302910759]
265 5 [372.937605233863, 145.5256230314262, 509.3555013070295, 530.4268104129745]
266 5 [370.6285581905395, 147.1242312272079, 507.0723348698805, 532.0137397369458]
267 5 [364.7794252950698, 151.8279060204513, 501.252965612788, 536.7460469272448]
268 5 [354.9069720823318, 150.5671819527634, 491.327523926873, 535.5493372609926]
269 5 [345.2548619825393, 152.6433038194664, 481.6367865053604, 537.5992501207901]
270 5 [336.176409156993, 152.6238554459997, 472.6002177826355, 537.5504914362443]
271 5 [330.7769743520767, 152.3643675711937, 467.1877402804087, 537.2586868087662]
272 7 [321.3434127885848, 155.0695425537415, 457.7791319779346, 539.9637318323501]
273 7 [314.057257803157, 154.3351375428028, 450.461064523835, 539.1585792885669]
274 7 [307.5603181440383, 153.225436237175, 443.9669697139452, 538.0081557629951]
275 7 [301.2043189126998, 153.6216118750162, 437.5959862817119, 538.4029386691698]
276 7 [304.3164538461715, 153.444281314034, 440.7284337396214, 538.2604377438076]
277 7 [302.0278366524726, 150.6799722057767, 438.4502125913689, 535.5286683119782]
278 7 [304.8077174145728, 141.8646076065488, 441.2122479302476, 526.7454379285821]
279 5 [305.9981334526092, 140.4024227303453, 442.3956531607399, 525.2765384371528]
280 5 [305.8606637027115, 139.4064187449403, 442.2632056684087, 524.3220904131183]
281 5 [299.1053758170456, 139.5380360041745, 435.4819935888837, 524.4624492677996]
282 5 [297.9323559608311, 141.5665177260526, 434.3483695466111, 526.4975677511045]
283 5 [299.7579646911472, 148.9777988349088, 436.1973299194167, 533.844910597498]
284 5 [307.9298888053745, 151.8989075575955, 444.3067840195487, 536.7692702086963]
285 5 [313.7775597181171, 154.3940848861821, 450.1231248391459, 539.3066066952742]
286 5 [320.6717931833118, 155.5742965494283, 457.0361146146844, 540.4612468715704]
287 5 [325.7547981347889, 155.5340030281805, 462.0433904559205, 540.4302883004717]
288 5 [333.0818936433643, 154.1104983775877, 469.371548342448, 538.9849911307863]
289 5 [341.3387336339802, 158.2113441913389, 477.6076560268219, 543.0960048618488]
290 5 [347.1367386188358, 157.6453651427291, 483.4219636801298, 542.4987997325829]
291 5 [353.9180446472019, 162.6517297266983, 490.1874981978949, 547.5301687541179]
292 6 [359.0339939203113, 165.065670275595, 495.331211370569, 549.9288970169]
293 5 [364.0139423217624, 165.5474729328416, 500.3076664768572, 550.425749995964]
294 5 [371.8035808410496, 162.7502393512987, 508.1026330666657, 547.6585765423946]
295 5 [382.6115992870182, 164.9196196584962, 518.8488382821198, 549.8440493812732]
296 5 [389.5257054176182, 160.3573484211229, 525.8203853349801, 545.1974461879902]
297 5 [396.8993540611118, 162.646947839763, 533.1856167139526, 547.4954624947482]
298 5 [403.5776961650699, 166.5915549783967, 539.839976870608, 551.4297724085623]
299 5 [406.2871440853924, 171.3500054865144, 542.562379484963, 556.205984240132]
300 5 [414.0192867722362, 173.5368296294473, 550.2626755388494, 558.3575069254214]
