surfing 1
2 1 [39.30655486881733, 65.64447128772736, 58.31150807693601, 112.6765122485161]
3 1 [41.4737852960825, 67.5983881354332, 60.50523337379098, 114.6376157806814]
4 1 [41.39783420041204, 65.88841640949249, 60.4123471519351, 112.907450491637]
5 1 [41.20292283222079, 61.95809650421143, 60.23994842588901, 108.9690648405254]
6 4 [41.55218075588346, 58.75100779533386, 60.64059509962797, 105.7791791300475]
7 4 [41.41084184125066, 58.08722119033337, 60.50759326577187, 105.1369879464805]
8 4 [41.97296364977956, 57.23931063711643, 61.08702926814556, 104.2483235947788]
9 4 [45.19653685763478, 57.76519741117954, 64.30398505911231, 104.7527143375575]
10 4 [45.37188790366054, 56.07709802687168, 64.42008895829319, 103.0813718162477]
11 1 [43.8813552968204, 56.50464075803757, 62.92531502842903, 103.5197419913113]
12 4 [44.01600034534931, 58.55187237262726, 63.05682465665042, 105.5153870125115]
13 5 [45.57878352701664, 62.42144811153412, 64.60074698798358, 109.4230289192498]
14 1 [44.47570307552815, 63.61232101917267, 63.46250708930194, 110.6313246662915]
15 4 [45.83655793964863, 67.57341194152832, 64.84450114183127, 114.6074675036967]
16 1 [47.17746870219708, 70.85058498382568, 66.18968375049531, 117.9082331581414]
17 1 [46.00034131109715, 72.51949977874756, 64.94403234206139, 119.603930503875]
18 1 [47.48076029121876, 74.40405237674713, 66.40355425857007, 121.4647383226454]
19 1 [46.16478951275349, 78.5836306810379, 65.13736287973821, 125.6549093006551]
20 1 [49.82733197510243, 81.44179511070252, 68.82353465221821, 128.4940717743337]
21 1 [48.52075903117657, 81.66612396389246, 67.54240764997898, 128.6934265221655]
22 2 [49.78757493197918, 82.68568650633097, 68.81827401421963, 129.6789463676512]
23 1 [53.473857447505, 84.43855015188456, 72.48001977823674, 131.4446532122791]
24 1 [56.46193180978298, 86.44500897079706, 75.48394563995301, 133.4422619779408]
25 1 [59.12710539996624, 87.00632723420858, 78.15149713829159, 133.9791269780696]
26 1 [59.38306467235088, 85.73706694692373, 78.4166253222525, 132.6524630583823]
27 3 [60.6599199026823, 85.32587241381407, 79.69882279723882, 132.2398321845755]
28 3 [60.76909126341343, 85.4369411021471, 79.81229226022958, 132.365131742321]
29 1 [62.88597537577152, 87.15314503014088, 81.88591437608002, 134.0739634190127]
30 1 [63.39599451422691, 88.19696216285229, 82.3419705197215, 135.0662383220717]
31 1 [65.05370160937309, 86.09275703132153, 83.97049782365559, 132.960059726648]
32 1 [63.0137400329113, 85.88818749785423, 81.90348619431256, 132.8091050015017]
33 4 [67.93513724207878, 87.24635407328606, 86.80991439819334, 134.1435328827426]
34 1 [67.32351477444172, 81.69586333632469, 86.202049485445, 128.620051218085]
35 1 [69.07273419201374, 74.59849581122398, 87.95026024702935, 121.4722823069617]
36 1 [66.21286530792713, 74.24910522997379, 85.06431722644715, 121.1896449915692]
37 2 [67.75144208967686, 71.2519818097353, 86.62400128189472, 118.1672757760808]
38 2 [64.68527735769749, 71.57046695053577, 83.54432946924118, 118.4302667633817]
39 6 [65.93221424520016, 67.98540349304676, 84.78506578955796, 114.8533782524988]
40 6 [63.94535665214062, 67.87499181181192, 82.77075721774247, 114.7552763737366]
41 6 [63.73543841391802, 65.3676193729043, 82.60190668944266, 112.2705340040848]
42 2 [68.90208751708269, 65.26966689899564, 87.72385196212676, 112.1680562479422]
43 2 [68.63843189179897, 67.45262347534299, 87.44553032014515, 114.3353321100399]
44 2 [68.22150833904743, 64.61714141443372, 87.05745552036908, 111.5515714038536]
45 2 [68.00873989611864, 65.60564656928182, 86.82247728172686, 112.5220047391578]
46 2 [66.05240476876497, 70.76926012709737, 84.88723665539172, 117.7339079047367]
47 2 [68.05663055926561, 71.90442426875234, 86.90099046681073, 118.8688660079101]
48 2 [67.83714409917593, 68.01757510378957, 86.66889629129317, 114.9637892353395]
49 2 [68.96441557258368, 73.08875044062734, 87.83184783939268, 120.050976138697]
50 2 [67.7796488031745, 75.6475265212357, 86.66233567599203, 122.5648173540691]
51 2 [68.80820398777723, 71.57695354893804, 87.65312871936703, 118.4605968314269]
52 2 [69.84147583693266, 77.17617287114263, 88.68677051334636, 124.0278590065101]
53 1 [66.72327052801848, 80.76656712964177, 85.52181811003939, 127.5960527980188]
54 4 [66.75615903455764, 86.34530081227422, 85.59415457981632, 133.1837262448528]
55 4 [69.18289407808334, 83.52772714570165, 87.99920736986206, 130.3488786300877]
56 4 [68.25559121090919, 86.76402761414647, 87.07772751229808, 133.6075168159464]
57 1 [68.76372806448489, 88.11623503640294, 87.55160379487083, 134.8998648789385]
58 4 [68.6457597957924, 86.20357503369451, 87.40895110833452, 132.9519804516294]
59 1 [66.74313787091523, 85.92345777526498, 85.4954856445174, 132.6603297892073]
60 1 [66.01264834869653, 85.21625563874841, 84.74103635686443, 131.9778594776848]
61 2 [65.83700217027217, 84.0895847119391, 84.57216091486619, 130.8597890952089]
62 4 [65.16482870001346, 87.45178485289216, 83.8820037821214, 134.2012182792881]
63 4 [64.19528890866786, 85.49994814768434, 82.93483329030678, 132.2416276118019]
64 1 [62.7681299271062, 81.19258726015687, 81.52319042119191, 127.9847398468712]
65 2 [63.40131123084575, 82.36945331469178, 82.1785478160064, 129.1794836202124]
66 1 [65.20522983092815, 75.23675859346986, 83.98369817554013, 122.0370242196181]
67 1 [61.82859153766185, 72.41475391760469, 80.6030771380569, 119.2854871326545]
68 1 [59.54527903813869, 71.1382765211165, 78.30259463130489, 118.0200978371361]
69 1 [61.73115063924342, 78.48948902264237, 80.51695596276775, 125.3389469870785]
70 1 [60.67321105021983, 74.35316259041429, 79.47943046270862, 121.1758034840086]
71 1 [61.01168231386691, 78.06926769390702, 79.88208462058559, 124.8954499033698]
72 1 [60.24051503557712, 76.21308982744813, 79.11731315418139, 122.9978224090346]
73 1 [60.67271515447646, 76.12392776273191, 79.52843731506721, 122.9113697723904]
74 1 [60.03227212745696, 76.18676619231701, 78.91442887946025, 122.9773094028839]
75 1 [60.61826649028808, 75.6796103566885, 79.48546799852505, 122.4734496512123]
76 1 [60.37299758661538, 74.96444442868233, 79.24574417530552, 121.778317637653]
77 1 [57.91934997308999, 68.51748397946358, 76.79215785430736, 115.3438196077057]
78 2 [53.31055206526071, 68.42306470125914, 72.23420740889378, 115.2470708092907]
79 2 [55.82894266117364, 67.38095130771399, 74.73395534144707, 114.1986695417621]
80 2 [56.62357408273965, 68.20791085809469, 75.50041262673207, 115.0264346380205]
81 4 [57.63073587883264, 70.07097788900137, 76.51952372567722, 116.8025420565576]
82 1 [58.43551230896264, 68.01499011367559, 77.32037796201178, 114.7308340562553]
83 1 [58.0725975157693, 69.08727826923132, 76.96371154012152, 115.7928333259792]
84 4 [57.28189651388675, 67.00196769088507, 76.19068076314399, 113.6879891349048]
85 1 [59.76607285160571, 66.97259985189885, 78.65880734505126, 113.672180890669]
86 1 [61.95923344511539, 65.31873493175954, 80.83559972586104, 112.03310426109]
87 1 [61.36661688704044, 61.68850414734334, 80.22347105743359, 108.4009060924546]
88 1 [63.62973074335605, 60.88128699641675, 82.46394968213508, 107.6266188829438]
89 1 [63.20225712377578, 63.97025443892926, 82.00339593173931, 110.7076446916954]
90 1 [63.58205443341285, 63.14057432394475, 82.44607519986103, 109.8659119855658]
91 4 [63.10756893176585, 63.04304943885654, 81.97089130289848, 109.7461380944447]
92 1 [65.81729383487254, 61.60168699827045, 84.654387082532, 108.3058019994617]
93 1 [65.58484200108796, 59.07956741657108, 84.37442042745644, 105.7917921026469]
94 1 [69.58889654744417, 60.00170390214771, 88.34191996254022, 106.6731667145015]
95 1 [68.37048155535013, 59.90982425678521, 87.09298565544182, 106.6109290854306]
96 1 [70.39404196012765, 59.08354670275003, 89.09860718704755, 105.7711611877055]
97 1 [71.44761804211885, 60.05456305015832, 90.16112139619881, 106.7468918142886]
98 2 [72.38056445587426, 65.84935081470758, 91.06971937455231, 112.5156761292786]
99 1 [77.03503931034356, 70.19699132908136, 95.74026983954006, 116.7915582184166]
100 1 [74.48503065574914, 67.83740467298776, 93.17699851430946, 114.4296772313536]
101 2 [77.84889626968652, 70.78783154953271, 96.50220923699432, 117.3872097534359]
102 1 [76.52079099882394, 66.47324228752405, 95.13651953734451, 113.0690142129035]
103 1 [77.73281661141664, 67.97644699085504, 96.36750293172889, 114.5800193781824]
104 1 [82.02590886224061, 72.66582060325891, 100.6685397819429, 119.2490769095392]
105 1 [83.55839702952653, 73.9861654387787, 102.2007577861007, 120.5498962290258]
106 1 [84.88731813896447, 73.19757166970521, 103.5568363387044, 119.7457105071516]
107 1 [85.45281975436956, 76.37158301938325, 104.1151804699655, 122.9052628530235]
108 1 [85.76953810174018, 76.06059098709375, 104.342298666751, 122.5641308273048]
109 1 [87.67883693892509, 76.35095459688455, 106.2434579705353, 122.8875442017288]
110 1 [87.46075079310685, 72.47018510568887, 106.048793809032, 118.9534135104389]
111 1 [86.6116901980713, 75.14999479521066, 105.237383979177, 121.6283852369756]
112 1 [88.70593342650682, 77.10941410530359, 107.3303157737012, 123.522328141448]
113 1 [91.88857576716691, 73.69988656509668, 110.5283594497199, 120.116890485403]
114 1 [89.94013777840883, 72.98313263524324, 108.5656371047254, 119.3562065137596]
115 1 [91.81213155854493, 72.87596980202943, 110.4270157422777, 119.272862812397]
116 1 [92.13313437718898, 71.65705430973321, 110.7335303871985, 118.0743318833084]
117 1 [94.52934230584651, 73.67080623377115, 113.1693985562678, 120.0677344883652]
118 1 [97.44492335338146, 77.93015808332712, 116.0637191133853, 124.316770577249]
119 1 [98.07080144900829, 73.61707622278482, 116.7152124982234, 120.0246127293677]
120 1 [100.8764500143006, 71.51156270969659, 119.5234408780839, 117.9264258043141]
121 1 [99.51483384985477, 72.54705095756799, 118.1637267377879, 118.9174408916802]
122 1 [103.8378169955686, 74.7039682911709, 122.4862814112845, 121.0920613340707]
123 1 [105.0944895865396, 74.04082528222352, 123.7654524376336, 120.3763131539197]
124 1 [105.9627136709169, 74.61517930496484, 124.6689558961335, 120.9541317552001]
125 1 [105.9330626353622, 71.63864344824106, 124.6333097465802, 118.0377831381233]
126 1 [107.7025874480605, 72.12594861257821, 126.382130080061, 118.5579620676906]
127 1 [109.0788837000728, 71.01859325636178, 127.7568120475951, 117.3996052294643]
128 1 [108.4382200166583, 70.70343577582389, 127.1800966902915, 117.0534301367075]
129 1 [110.8609480187297, 70.074926299043, 129.603493419094, 116.3877247866661]
130 1 [112.7220466658473, 69.01852880138904, 131.4431947348546, 115.3249069863231]
131 1 [112.3444366529584, 67.65605111140758, 131.0826148823928, 113.9619464332842]
132 2 [113.7903083339334, 71.05885131377727, 132.5620928971003, 117.3566917456173]
133 2 [116.3926733508706, 77.94411046523601, 135.096563829584, 124.2366429614507]
134 1 [118.7450266256928, 85.69654710311443, 137.436671995921, 131.9973284050309]
135 1 [119.2330153509975, 91.0427057268098, 137.9208040336798, 137.3130101569974]
136 5 [120.3064712509513, 90.18187488336116, 138.9645009533595, 136.4381333314859]
137 1 [122.9130192622542, 91.58525411505252, 141.5322086648177, 137.8662396585428]
138 1 [124.0897123143077, 90.62029312271625, 142.6690614501666, 136.9173089169943]
139 1 [125.8066543862224, 87.03724454063922, 144.3798780482541, 133.2959002828085]
140 1 [128.1689227148891, 83.88097868580371, 146.7885819309484, 130.1211094295465]
141 5 [127.7083556428552, 80.96500478405505, 146.3626830863487, 127.1881943308794]
142 1 [127.9378134161234, 77.79337416309863, 146.5740367105137, 123.9821128379785]
143 1 [126.9150341004133, 75.65475861448795, 145.5668503400217, 121.8108242070162]
144 1 [127.6307333856821, 74.85253198165447, 146.2923750191461, 121.0225421884143]
145 1 [127.9195250198245, 80.95237238425762, 146.5859228710364, 127.1770882608973]
146 5 [128.6747604236007, 74.61583168525249, 147.34917434345, 120.8503941729152]
147 1 [127.3828279599547, 79.80046660918742, 146.0376419986318, 126.035921715279]
148 1 [127.625781558454, 79.93671550694853, 146.2581089294981, 126.2047391214267]
149 1 [127.8263015151024, 84.08354761544615, 146.5068273846339, 130.363118081619]
150 1 [127.5509237870574, 83.06872838083655, 146.2194762719702, 129.3800099032418]
151 5 [125.6815047487617, 79.41115265432745, 144.3198411763738, 125.6967541765467]
152 9 [128.9218410477042, 76.88933097664267, 147.5604910059925, 123.1777403083489]
153 4 [126.8436061367393, 70.30550348106772, 145.4970766024943, 116.5776801016973]
154 1 [127.8318369910121, 65.88397454563528, 146.4475707500334, 112.1246838012384]
155 1 [128.4793500974774, 69.44990526977927, 147.055702905571, 115.6426241770433]
156 1 [131.8969235494733, 66.12897574249655, 150.4746180091332, 112.293062562053]
157 1 [128.6958018615842, 70.31073164287955, 147.2443616733979, 116.4597308453963]
158 1 [131.9112583473325, 69.87478403095156, 150.4551362211536, 115.976047698562]
159 1 [128.4914733245969, 75.1772727156058, 147.0280843404959, 121.3188105776952]
160 1 [132.7721784189344, 68.87098804954439, 151.3374950740765, 115.000590614383]
161 1 [132.8250426519662, 75.62749473098666, 151.3798927615862, 121.7635606327699]
162 1 [131.726342247799, 77.75995890144259, 150.3617424200754, 123.8956860176799]
163 1 [135.146924065426, 76.90959922317416, 153.7526141040306, 123.0257321981666]
164 1 [135.9904271233827, 74.5790893221274, 154.5988348959665, 120.7101544712064]
165 3 [134.9020919371396, 70.09958640579134, 153.5475586222391, 116.2098934261081]
166 2 [135.5667603183538, 73.49406246189028, 154.2468239520769, 119.585336085367]
167 1 [136.3117344845086, 79.57135657314211, 155.0260696684103, 125.68177219789]
168 1 [139.9155018795282, 74.77051929477602, 158.6376181142311, 120.9266302088973]
169 1 [141.4557970631868, 74.98164182249457, 160.1520161174516, 121.1245575905917]
170 1 [143.8836357463151, 77.91553574148566, 162.5765933998208, 124.0843064952967]
171 1 [147.1579903233796, 83.0723407799378, 165.8556850794236, 129.2569879258749]
172 1 [145.401655184105, 79.73013418260962, 164.076665997831, 125.9001649255631]
173 2 [148.0117229688913, 79.32745213154703, 166.7050584826152, 125.5271289051649]
174 1 [151.4405684936792, 85.73112816456705, 170.1195999217312, 131.9080633891699]
175 4 [153.8985235560685, 89.85889227036387, 172.563953335015, 136.1132922233221]
176 1 [158.1527681220323, 91.96828854922205, 176.8684912547747, 138.2468530363915]
177 5 [157.3255893457681, 90.91166681889445, 176.0826558122317, 137.1891001209569]
178 5 [159.2612889874727, 94.4895641291514, 178.0604461691062, 140.7749582195235]
179 4 [160.8885599840432, 90.83929724339396, 179.6804045877139, 137.1369464924884]
180 1 [164.5808721054345, 88.18611420039088, 183.3180016514937, 134.5082426211191]
181 4 [164.7428047861904, 79.73547852877528, 183.5026627867202, 126.0972279474092]
182 1 [167.0354837384075, 78.89701274875552, 185.7795236866454, 125.2866432365728]
183 4 [170.0813577380031, 78.74378638435155, 188.8294334787409, 125.1589561475766]
184 4 [169.529510801658, 79.50265305209905, 188.272350142626, 125.9177220334857]
185 2 [173.8205463346094, 76.91338132787496, 192.5333452278654, 123.3211521602421]
186 1 [173.5055087264627, 73.55241536069661, 192.2199225108231, 119.9433604634552]
187 4 [177.8002253230661, 72.98634690511972, 196.4959326879586, 119.3825098561495]
188 1 [175.3468723949045, 70.22172290552408, 194.0420328627992, 116.6146607570349]
189 4 [178.2831375654787, 72.91152221430093, 196.9268590544629, 119.3236735390126]
190 1 [175.7575995977968, 69.94352186191827, 194.3773759340214, 116.3593959874659]
191 1 [176.6077835019678, 76.76027310360223, 195.2311424030828, 123.1851282260566]
192 1 [176.1240000333637, 69.05853522289544, 194.771315273838, 115.4896112727373]
193 1 [177.7583177294582, 64.71663535106927, 196.4127415985334, 111.1499724791943]
194 2 [178.9089978244156, 66.73526961077005, 197.5583618049788, 113.16300948143]
195 5 [181.6990298535675, 66.37903438974172, 200.3135268800425, 112.8454033130406]
196 5 [176.9709122683853, 75.04574810434133, 195.5431864648032, 121.5089325407892]
197 1 [175.676652899012, 72.69796942640096, 194.2375895999836, 119.125720662251]
198 2 [175.5681150648743, 81.16498016286641, 194.1194343388545, 127.5638236335664]
199 1 [173.9894140455872, 79.33329372573644, 192.546096542673, 125.7609885207563]
200 1 [174.3255816046149, 80.92428713012487, 192.8754213139879, 127.320077606812]
201 1 [170.654786163941, 80.6680537359789, 189.1466386995184, 127.0544481331854]
202 1 [170.5179557409138, 75.27041100431234, 189.0473168702887, 121.6738160533457]
203 1 [170.104063084349, 79.79877375531942, 188.660670114355, 126.2010005967691]
204 5 [168.5466865208, 79.28937443066388, 187.119445908265, 125.6341638331487]
205 5 [166.9613945987076, 76.29285003710538, 185.5617829151915, 122.6994580917432]
206 5 [165.8384374585003, 76.72817859519273, 184.4927158029841, 123.1266877036168]
207 1 [165.9332557935268, 70.06382832396776, 184.5767029488551, 116.4822535764053]
208 1 [165.3000873643905, 62.43103179801256, 183.9649945611226, 108.8509626923873]
209 2 [165.2077314089984, 57.73504600394517, 183.8882003103661, 104.1576202591135]
210 1 [163.1851893495768, 56.79411232937127, 181.9147941206859, 103.1977225710823]
211 1 [161.4450486730784, 54.60994214285165, 180.1766780446189, 101.0206236008181]
212 1 [161.4459181292041, 59.99157172907144, 180.1743627266735, 106.4200888237729]
213 1 [159.8812080485805, 59.14416721928865, 178.6093002191242, 105.5952048400416]
214 1 [158.9659244282229, 55.85666981805116, 177.6784094539341, 102.2496182230487]
215 1 [158.060479329346, 55.62023675907403, 176.7683068139908, 102.0673557547107]
216 1 [157.56463240218, 51.05919433105737, 176.3042765362617, 97.54100394163272]
217 1 [161.9837487800105, 52.94578326214105, 180.8144628723022, 99.417010651566]
218 1 [157.7996758086665, 48.85381663311273, 176.6113816310522, 95.3101531204953]
219 1 [161.9981551034434, 55.53618419636041, 180.8443240000364, 101.9850715312734]
220 1 [156.8577884299739, 53.42903900612146, 175.6475969018099, 99.84679290745399]
221 1 [157.5157695723756, 59.68357205856592, 176.2959064696786, 106.1070520680025]
222 1 [158.2742784334405, 57.77800292242318, 177.0947417281625, 104.2204387627914]
223 1 [158.9393362714036, 52.22781187761575, 177.7516546960232, 98.6577008654549]
224 1 [159.4489188803418, 50.17048371303827, 178.2787329055425, 96.60143994893872]
225 1 [159.7030739871843, 49.15276688802987, 178.5518571166751, 95.57725578423583]
226 1 [160.1526583967789, 56.35063928831369, 179.0323805211541, 102.7965182363614]
227 4 [163.13487034422, 57.5559382783249, 182.006495685136, 104.0435025703534]
228 2 [161.7522040246113, 59.33256933558732, 180.640854810631, 105.8620526134595]
229 1 [164.7664494155033, 56.57816473115236, 183.6310913176891, 103.1296457582339]
230 4 [163.7124040363415, 51.43454292882234, 182.5886667530295, 98.01921071346843]
231 1 [165.0363563535793, 56.01648369897157, 183.8493411462065, 102.6401732867583]
232 1 [162.2463929889782, 55.61072484124452, 181.0335814897773, 102.251117751561]
233 2 [161.2574221132381, 55.67410945799202, 180.0856416313407, 102.3065432778373]
234 1 [158.8358538983448, 53.5785508742556, 177.6181086580512, 100.2079954649135]
235 1 [158.4228733269556, 54.71137237455696, 177.2273354594466, 101.3248600603267]
236 1 [157.3898924974783, 53.74503174331039, 176.1740274749753, 100.3373757399246]
237 1 [157.3900047301031, 51.92341235186905, 176.1122884111752, 98.53190149974073]
238 1 [157.7173989175535, 54.98373058345169, 176.4461448389938, 101.6060236449167]
239 1 [157.6718618201739, 59.0488053848967, 176.4400333996018, 105.6728787791356]
240 1 [157.9578837382323, 56.70153525378555, 176.706261932989, 103.3742562198266]
241 1 [157.3564345317609, 58.10946592595428, 176.130899540921, 104.8004613470658]
242 4 [157.603326395405, 62.58839592244476, 176.3067263625463, 109.2518616366014]
243 4 [157.328911870969, 63.29045545961708, 176.0452462975582, 109.9763183039054]
244 4 [155.2768256368763, 60.81358939316124, 173.9659374140104, 107.4703018700704]
245 4 [153.82667207743, 63.18061900045723, 172.5125647745927, 109.8261400729045]
246 1 [153.6941858607061, 66.11279576923698, 172.363575898548, 112.787968227826]
247 4 [152.7217183488137, 67.61191779281944, 171.3831886906823, 114.2942409857735]
248 4 [152.6544328893251, 67.91605561878532, 171.360782968094, 114.6001134183257]
249 4 [150.8823960984773, 70.15907061006874, 169.6664400592347, 116.7844704797118]
250 4 [149.7565680111475, 70.06403177510947, 168.5172919759055, 116.7080363602191]
251 6 [149.7590760889179, 71.00690325628966, 168.4931490902504, 117.6807633454352]
252 6 [149.6415006632633, 69.05902102123946, 168.3288459643622, 115.776251457408]
253 6 [149.377936501307, 72.20797839295119, 168.0797416663071, 118.8908371502906]
254 2 [155.2685395667977, 67.40597882401198, 174.0027047788998, 114.100365518108]
255 3 [154.9576956147976, 71.36453595291823, 173.6819461503526, 118.0678690550476]
256 3 [157.474432003004, 78.23536696564406, 176.1701978739997, 124.9398368498683]
257 3 [152.4416869993038, 76.72473826538771, 171.1512287878891, 123.4059436395764]
258 3 [150.2755425090618, 77.55303006898612, 168.9685203176638, 124.226794886738]
259 3 [148.7043883318729, 76.26315244566649, 167.3402959567209, 122.9522429586947]
260 3 [148.7542763578422, 82.3746379269287, 167.4230362294515, 129.0630926176719]
261 3 [143.3093838321693, 86.82284733187407, 162.0338924489816, 133.5494475588016]
262 1 [143.9279953765399, 89.7982561243698, 162.6627749083837, 136.5722016605548]
263 1 [143.3322489487655, 82.70564075838774, 162.0601428110798, 129.4971288087778]
264 2 [143.9427742141015, 82.4060262767598, 162.6933297510346, 129.1922120237164]
265 2 [143.7827105859942, 82.3802453558892, 162.4591357880731, 129.1951173407771]
266 2 [143.6737489516563, 82.6635545771569, 162.4033761665125, 129.503963943813]
267 2 [145.8704824263878, 85.13042744807899, 164.6301342102786, 131.9898265899159]
268 2 [143.6658721978492, 85.57994811050594, 162.4118544521828, 132.412077086661]
269 2 [143.5691386202998, 85.2001052480191, 162.3922423231502, 132.0242388541437]
270 2 [145.5671729783244, 95.65267950110138, 164.3682056093116, 142.4893085856177]
271 1 [142.7494360546298, 100.9554635863751, 161.5666927564045, 147.8070910928584]
272 1 [141.6013455430693, 107.3466791491956, 160.4084055384894, 154.1946979864128]
273 1 [135.9898788968749, 111.6871045213193, 154.8296349200507, 158.5105097581632]
274 1 [135.3690684775538, 121.3639124017209, 154.2110066196968, 168.1590921290405]
275 1 [135.8091807554192, 125.1406643968076, 154.6888681713392, 171.9408465883322]
276 1 [136.1863468180127, 119.3403927665204, 155.048998971944, 166.1500924718566]
277 1 [139.5899781475491, 124.561369119212, 158.4977163038303, 171.3462128544039]
278 1 [141.4335557113118, 121.9813156109303, 160.3552269402792, 168.7484738290495]
279 1 [141.8808860371537, 121.4554005842656, 160.846134640341, 168.1835198903269]
280 1 [143.0854695926137, 122.2318144422025, 162.0107667890837, 169.0011321067996]
281 1 [143.6160811672635, 124.8818494658917, 162.5295341104915, 171.5862502336688]
282 1 [143.3353822047538, 124.6398761477321, 162.2377042532613, 171.3463627809472]
