Tiger1 0
2 1 [238.233201622963, 96.25567305088043, 314.3157220840454, 180.2683668315411]
3 1 [238.8515633419156, 114.7556589841843, 314.9101107656956, 198.8611461639405]
4 1 [246.9916057661176, 117.1338475048542, 323.1361792802811, 201.2563086256385]
5 1 [246.2950160428882, 122.8003454506397, 322.3663216501475, 206.8682931050659]
6 1 [252.2834130451083, 136.4239013493061, 328.1913882523776, 220.5491229340434]
7 1 [252.4626579768956, 136.9154647290707, 328.2827021054924, 221.0336848452687]
8 1 [251.5230287499726, 136.4561031684279, 327.4824060909451, 220.7564012765885]
9 1 [249.2832398302853, 137.9505054578185, 325.3191919617356, 222.2530437823385]
10 1 [253.5374873764813, 137.1068464890122, 329.7224888615311, 221.503343429789]
11 1 [258.714327801019, 137.9657168611884, 335.0226827673615, 222.2489963050932]
12 1 [258.8980501964688, 137.9833776941523, 335.2595226347448, 222.4402696849779]
13 1 [255.8006960228086, 137.8438924038783, 332.2683892190457, 222.386231819354]
14 1 [259.7341713383794, 129.6680132830516, 336.12155880332, 214.2827066814527]
15 1 [260.9336005225778, 126.8660999620333, 337.4144730448724, 211.4527551895008]
16 1 [245.4407630935311, 118.0459292018786, 321.8893714845181, 202.5664627199993]
17 1 [245.6681286431849, 118.1862884545699, 322.1556166611613, 202.5575493520126]
18 3 [251.4729469157755, 94.1497093224898, 327.9992151163519, 178.4625477856026]
19 3 [238.8613729812205, 82.73443875554949, 315.2971477113665, 167.0487665115856]
20 1 [239.8775171376765, 76.97201667074114, 316.2100000105799, 161.2457116960549]
21 1 [239.5544270314276, 83.22919068578631, 315.9561571083964, 167.5675451396965]
22 1 [228.2766083516181, 88.84292302373797, 304.7449340187014, 173.4372582792305]
23 1 [222.970093254, 97.87117121461779, 299.3088566385211, 182.5124311386608]
24 1 [216.890922550112, 96.42883343342692, 293.1808764420451, 180.9581862687134]
25 1 [222.7432427443564, 104.3935195887461, 298.9333420716228, 188.8479822455906]
26 1 [227.8132811821997, 99.06406206730753, 303.9118375442923, 183.5152342121117]
27 1 [238.0664411820471, 109.929740854539, 314.2119576744736, 194.3352488021367]
28 1 [245.198428992182, 110.4135786900297, 321.3552119791509, 194.9073055352085]
29 1 [243.9129426218569, 116.3930475125089, 320.1151663452388, 200.8773840296083]
30 1 [247.9897852875292, 117.6630882332102, 324.0807641774418, 202.0559573876672]
31 1 [249.059474978596, 116.2032614061609, 325.1882988899948, 200.5863636325114]
32 1 [250.5680484212935, 117.0568214515224, 326.7314193040135, 201.5255610565656]
33 1 [249.7634699083865, 120.5587883451954, 326.0025990992787, 204.983466572594]
34 1 [250.5068958438933, 114.2430247524753, 326.7733002066614, 198.7357557247393]
35 1 [249.8447209484875, 114.5053881006315, 326.0817103356125, 199.0797993886285]
36 1 [249.4316884763539, 114.5672477614135, 325.5608906954528, 199.0426301759668]
37 1 [249.2423448227346, 113.6077283155173, 325.4581207141281, 198.0153333527036]
