Woman 0
2 1 [212.8669277094305, 120.1499761343002, 233.6897327452898, 213.367117524147]
3 1 [212.9400512874126, 120.86443798244, 233.087060675025, 211.5542886257172]
4 1 [210.5914395153523, 119.6980092078447, 231.02298425138, 209.0596632957459]
5 1 [207.0265645086765, 117.7963437587023, 229.2854973524809, 202.8845987319946]
6 1 [206.1663512885571, 117.3226423114538, 228.9835013821721, 202.032224804163]
7 1 [206.6861726492643, 113.7023027986288, 227.917253293097, 205.2622449696064]
8 5 [206.0316697508097, 113.5925802439451, 229.4258358255029, 205.5262328088284]
9 1 [207.5162238031626, 118.8521249741316, 230.6407805755734, 207.7109222710133]
10 1 [207.2124478965998, 117.2050437182188, 230.3124429211021, 210.4033966362476]
11 1 [208.0771398693323, 114.5371476858854, 232.4215420112014, 208.571967869997]
12 1 [210.8778662234545, 115.7825897783041, 234.6094302758575, 212.715433627367]
13 1 [216.6697328835726, 114.5633754879236, 236.8009938821197, 213.0332498699427]
14 5 [220.6136161834002, 115.6556123048067, 239.671226285398, 213.2102934904397]
15 1 [220.9413554370403, 114.9443226158619, 240.7560423240066, 209.9750837869942]
16 5 [218.154150635004, 115.536153331399, 238.4544375166297, 211.4618122167885]
17 5 [218.9481174051762, 119.1426834017038, 236.6214310750365, 208.4216820783913]
18 5 [217.892768651247, 115.9095225483179, 236.2355071082711, 205.7868916578591]
19 5 [217.9897860623896, 114.9428073912859, 235.4413815513253, 207.4971881099045]
20 1 [214.630601439625, 111.9085269719362, 233.3979990854859, 214.3832090087235]
21 1 [214.6131485626102, 116.9769321233034, 234.2259682193399, 215.1552818901837]
22 1 [216.5440238043666, 117.5189836770296, 237.6625774875283, 217.5829574950039]
23 1 [217.3211498782039, 118.4055985063314, 237.1884915009141, 221.4436687119305]
24 5 [217.9979051426053, 116.4350709170103, 236.2349187210202, 219.6581987030804]
25 1 [219.1078384593129, 116.5870846658945, 237.8557622507215, 215.5016655810177]
26 1 [219.2209298573434, 116.7501072734594, 239.0810265317559, 219.4397667534649]
27 1 [218.1986530981958, 116.6678060758859, 240.499052233994, 215.9626425392926]
28 1 [220.7859482131898, 114.8084524739534, 240.0149161443114, 216.3525413610041]
29 1 [219.5598725639284, 113.1211541760713, 238.3899167999625, 215.4817217923701]
30 1 [218.0335672460496, 113.924681769684, 237.6784143224359, 217.4815696813166]
31 5 [221.7944859825075, 113.2274424750358, 238.2137059047818, 218.6301498748362]
32 4 [221.6019691117108, 111.3355014640838, 239.3131350651383, 216.4901876784861]
33 1 [221.0908063687384, 116.4680732805282, 238.6504362300038, 217.766107622534]
34 1 [223.2032580412924, 118.3077764827758, 240.0103124454618, 221.1654062904418]
35 5 [225.9201612509787, 112.5530466157943, 243.0212293937802, 218.4022056497634]
36 4 [225.4248147346079, 108.6442247945815, 243.2437995001674, 214.3015665449202]
37 4 [224.2404106892645, 113.9773392993957, 243.3499673008919, 209.273975674063]
38 4 [224.484443295747, 113.9150575175881, 245.6646988391876, 203.519312325865]
39 4 [224.053165499121, 108.7290575280786, 244.2037096917629, 205.5224013961852]
40 1 [226.8768408335745, 109.2998211011291, 244.6096360981464, 212.2255221046507]
41 1 [226.2186047919095, 111.6692065820098, 245.6159859001637, 216.3159856237471]
42 5 [223.0054557211697, 105.4659144505858, 243.3404897153378, 218.2205396331847]
43 9 [227.6803643591702, 98.90562459081411, 244.7462443113327, 215.9333783425391]
44 9 [226.5013827569783, 97.07068785279989, 244.0376870781183, 207.0556741990149]
45 9 [226.2177364043891, 101.1638178452849, 245.0935509949923, 204.3360746540129]
46 4 [227.0260929577053, 97.4931937083602, 249.0765881091356, 205.3281464315951]
47 4 [225.9525544457138, 100.3196960911155, 247.0874640494585, 198.4660014845431]
48 9 [223.872056286782, 103.1514017805457, 243.1706435233355, 195.137811396271]
49 9 [224.8991773836315, 105.2221839055419, 241.8746085315943, 200.8770599104464]
50 9 [222.0521972291172, 106.3184739872813, 239.7607494145632, 204.3452244736254]
51 9 [220.8216360323131, 105.832714445889, 237.5042405873537, 212.5471485592425]
52 9 [215.5542821399868, 105.3115657940507, 233.7774191647768, 201.9760135151446]
53 9 [210.5080492012203, 106.4920243993402, 229.4848544150591, 198.9335623718798]
54 9 [206.8418457023799, 105.7726815119386, 223.9989155083895, 193.3415149189532]
55 9 [204.8832662813366, 101.5258548632264, 221.9907506257296, 196.2599174715579]
56 9 [193.9127059690654, 102.7936216965318, 216.71686001122, 193.9314018823206]
57 9 [196.316175531596, 100.8530277386308, 222.927838280797, 187.0662700273097]
58 9 [193.9948484413326, 106.3810966387391, 218.55903442204, 187.5467019863427]
59 9 [192.0702050440013, 106.6389557868242, 221.0127235203981, 181.9206462688744]
60 9 [190.305839728564, 105.7425232678652, 219.354474619031, 177.7736249752343]
61 9 [192.9878565184772, 106.4038186818361, 220.6512928158045, 173.9402969665825]
62 9 [195.1577258817852, 108.1928143650293, 225.3546371608973, 177.1921764202416]
63 9 [196.7169973365963, 112.5828033834696, 227.9982985407114, 175.6954114325345]
64 9 [197.719345998019, 116.64549459517, 227.3624623864889, 173.6729648597539]
65 9 [194.8843984119594, 118.3881753236055, 229.650112375617, 169.5944253690541]
66 9 [195.1576676554978, 122.3716519623995, 230.279758349061, 163.4854361303151]
67 9 [195.2277604881674, 124.2581792026758, 224.7522906213999, 165.1796511299908]
68 9 [196.9732214156538, 125.5278720408678, 227.3341914564371, 169.5413811095059]
69 9 [199.4942836705595, 126.7069506496191, 227.2902041086927, 166.6026842482388]
70 9 [207.3535759393126, 126.8263301178813, 226.3887402126566, 169.9554583914578]
71 9 [212.3767955247313, 127.1458694785833, 230.7643293449655, 171.1433818526566]
72 4 [214.4838218037039, 124.5675935596228, 238.5909387180582, 173.3148344345391]
73 9 [217.9807500187308, 123.9429261237383, 243.1445825407282, 171.2119786329567]
74 9 [215.9518389645964, 121.5500616580248, 240.5566215226427, 174.9334338493645]
75 9 [221.9228006545454, 121.2041539922357, 243.6346198031679, 179.5830685682595]
76 9 [218.6990218106657, 122.6629000082612, 238.5923379370943, 179.1350965686142]
77 9 [215.7764176670462, 121.7594544067979, 232.4250346133485, 175.9902129359543]
78 5 [207.8579851929098, 124.8384172096849, 231.3876061448827, 179.0039383359253]
79 4 [204.2818456236273, 126.5822410956025, 223.2054903516546, 184.5403152890503]
80 4 [200.5178916994482, 127.9469114020467, 218.1281352052465, 185.6856853254139]
81 4 [200.5735536441207, 126.7529754117131, 218.0030815461651, 179.2508455999196]
82 5 [201.0144809111953, 120.7044538930059, 218.4714921126142, 176.9537808783352]
83 4 [207.5713468417525, 117.7948686555028, 226.2562068114057, 178.3610735423863]
84 9 [204.8872025236487, 116.7471833303571, 228.5159076461569, 177.6304382421076]
85 9 [206.189004085958, 111.5759594514966, 226.5842186221853, 181.9981649257243]
86 9 [195.8135265335441, 109.6876056268811, 224.3245852002874, 186.5839723683894]
87 9 [190.6751958355308, 106.6964479759336, 225.8322091111913, 188.5958465673029]
88 9 [193.1873774752021, 102.6877832487226, 227.9376460919157, 180.5972260572016]
89 9 [192.1225573047996, 101.3717433586717, 228.350924433209, 175.4775964356959]
90 9 [202.3934744819999, 92.94549361616373, 227.7250870624557, 178.3275297023356]
91 9 [203.7762280628085, 92.19659904390574, 223.8112648883835, 175.8593334294856]
92 9 [204.180998660624, 86.30138329416513, 226.7807801524177, 173.5934120155871]
93 9 [207.3283116593957, 81.31269589811564, 224.7875753799453, 177.5155275799334]
94 9 [207.5443732067943, 73.23254910856485, 227.9758929172531, 179.9742560125887]
95 9 [214.8090748116374, 69.51372245699167, 228.8687638202682, 179.9245222583413]
96 9 [220.285819105804, 74.09560600668192, 228.4174313256517, 172.7015930190682]
97 2 [217.1304616257548, 74.78733693808317, 227.3613989660516, 172.496672026813]
98 1 [218.2603826746345, 76.99800878018141, 230.0186900803819, 177.8244603797793]
99 4 [217.0069783553481, 70.96849303692579, 227.5881863543764, 176.1625354215503]
100 4 [214.7989289984107, 69.29815470427275, 228.0873929271475, 175.4177526757121]
101 1 [208.8820320591331, 75.68646132200956, 225.0902233729139, 175.1031537652016]
102 1 [205.9414032921195, 81.70778810232878, 223.0630380520597, 172.8024607300758]
103 1 [203.4424937590957, 82.58448304980993, 225.2124364385381, 173.0751336067915]
104 1 [204.8538546189666, 89.03611554950476, 226.8551458725706, 175.0091105550528]
105 1 [206.9338488802314, 88.22532515972853, 227.7393202492967, 183.1636983007193]
106 1 [207.0162839703262, 87.60871552675962, 226.2234830567613, 184.1132618039846]
107 1 [206.7695906795561, 91.50700985640287, 226.8786809155718, 192.1480470746756]
108 1 [206.0764755941927, 92.75702600926161, 226.4714564541355, 195.4435396045446]
109 5 [208.2413735724986, 98.67505376785994, 225.9951583156362, 193.3093849271536]
110 5 [208.4131526872516, 102.3210266157985, 224.8127720961347, 195.3441830724478]
111 5 [210.7947965785861, 106.1758308932185, 227.1188923129812, 195.9832692593336]
112 4 [211.2782710120082, 98.95328288525343, 226.2317432770506, 199.4985162466765]
113 4 [212.7291655763984, 99.54197496920824, 227.4582256386057, 197.639992877841]
114 4 [209.1144601330161, 102.9100520089269, 230.1212740251795, 199.8612608760595]
115 4 [210.3937412425876, 98.76545757800341, 227.7842361638323, 198.7105035334826]
116 4 [214.549379222095, 96.27201420813799, 228.6979376384988, 194.2428402453661]
117 1 [215.3607149943709, 96.49135833233595, 231.5915710637346, 195.7044161707163]
118 4 [214.4214181825519, 99.93497460335493, 232.5554967233911, 197.8231869488955]
119 4 [215.4344068989158, 100.7868314906955, 229.9273792812601, 196.698297008872]
120 4 [217.863525711, 103.9489749595523, 236.3154505798593, 198.7050253003836]
121 4 [217.73117852211, 110.6635333225131, 241.7297848770395, 196.9720026701689]
122 4 [219.6957117319107, 116.2432826682925, 244.4050929257646, 189.6378812044859]
123 4 [218.161529481411, 113.6559718176723, 249.1078157136217, 192.4395268410444]
124 4 [218.4419285058975, 116.6901166960597, 252.151923389174, 195.2213221639395]
125 4 [218.7523595988751, 117.9850331172347, 256.1517049977556, 200.3813422769308]
126 1 [221.1776031553745, 118.6769011542201, 260.7206109473482, 209.0920799821615]
127 9 [220.5340159088373, 121.2023532912135, 256.6768278786913, 213.2914980500937]
128 9 [222.3081880956888, 121.4122905954719, 252.8301464030519, 215.337388202548]
129 9 [218.8435983806849, 118.8611566647887, 246.3853574702516, 211.5171450823546]
130 9 [222.3235546499491, 122.191434584558, 245.326290817, 212.4357518702745]
131 9 [223.8603279143572, 123.8998940810561, 247.2336080381647, 207.4683422595263]
132 9 [220.2818977385759, 128.7052660807967, 246.2054379293695, 203.6236592084169]
133 9 [223.258163407445, 130.7987427338958, 247.9600603887811, 200.3000564128161]
134 9 [223.3508687764406, 125.837384544313, 250.6510502407327, 206.193604901433]
135 9 [229.5299959927797, 126.6754888519645, 256.2954612085596, 205.0336508899927]
136 9 [230.9453564733267, 122.8230420574546, 256.9148133555427, 208.171737447381]
137 9 [232.141928896308, 121.3526069745421, 255.5653857747093, 211.6766443401575]
138 9 [234.1354675143957, 119.7564605101943, 257.1982330838218, 218.5670783668757]
139 9 [236.1700171083212, 123.3604324683547, 254.6667096773163, 214.9597082287073]
140 9 [238.8980491608381, 125.7604848966003, 258.1195620456711, 210.1712291389704]
141 9 [236.7841641157866, 119.7213167771697, 258.7076905528083, 204.4561848789454]
142 9 [237.8191802054644, 111.7404131516814, 254.3860317030922, 205.3189113289118]
143 9 [236.9373045712709, 103.9176833257079, 254.0381195107475, 207.3933083564043]
144 9 [237.5162530392408, 97.03953667730093, 255.1137100914493, 203.4127724915743]
145 9 [239.5579353421927, 93.59962328523397, 256.1204497078434, 208.7873618155718]
146 9 [242.9053658097982, 91.25791605561972, 258.1713427165523, 207.1644172221422]
147 9 [241.1603653281927, 87.02667590230703, 256.6209273794666, 207.300407063216]
148 9 [239.4546772688627, 93.78475042432547, 254.3427775958553, 203.8096039406955]
149 9 [237.7062862962484, 95.64938708394766, 254.8429848561063, 204.0125006698072]
150 9 [238.9153191894293, 98.39809235185385, 252.996468664147, 200.2527470849454]
151 9 [239.8940526098013, 97.24925779551268, 253.2631711447612, 197.9393326900899]
152 9 [238.8582121878862, 96.54232307523489, 253.3769937576726, 198.2508576326072]
153 9 [238.2825175076723, 96.91465921700001, 254.3478691102937, 194.8292572908104]
154 9 [237.8052394241095, 97.65544100105763, 254.8039988698438, 198.6472223214805]
155 9 [237.337759539485, 96.36667256057262, 255.5501553090289, 202.9559911899269]
156 9 [236.6956516206265, 97.70772252976894, 255.3957335399464, 198.6912323646247]
157 9 [238.4005818665028, 97.37334038317204, 255.971087266691, 188.7030171565712]
158 9 [236.8377580940723, 94.21910764276981, 256.7616650657728, 194.3047563247383]
159 9 [235.126472979784, 102.4665806442499, 254.4380759792402, 197.2569525651634]
160 9 [236.4373784065247, 114.7719047218561, 258.6935003595427, 191.1410181932151]
161 9 [237.85116943717, 121.9219737201929, 263.7839504079893, 193.7906124405563]
162 9 [239.3287788927555, 121.1096272915602, 267.3409719066694, 191.9628781490028]
163 9 [241.5044802725315, 121.7498577535152, 269.7560366587713, 191.0786976926029]
164 9 [242.3667551279068, 120.2749748528004, 268.3043216066435, 186.0616693608463]
165 9 [241.426401078701, 119.0423052608967, 265.5923921065405, 183.6373288147152]
166 9 [243.000650703907, 118.4043736308813, 269.0600967602804, 183.8142936900258]
167 9 [240.1135128736496, 117.6948115974665, 269.0911280661821, 186.2617945745587]
168 9 [237.9154053926468, 117.9455463737249, 263.7521588355303, 187.9461075738072]
169 9 [232.2920211553574, 116.245505079627, 256.6659328490496, 187.0515424087644]
170 9 [230.1272419095039, 117.0433040112257, 254.9426913410425, 181.2874412611127]
171 9 [226.1474030613899, 117.9727336913347, 254.2821807414293, 183.948438115418]
172 9 [225.9675146788359, 117.5234207212925, 252.5183525830507, 180.3066319897771]
173 9 [226.5179155915976, 117.4411552250385, 258.457743242383, 176.5403345301747]
174 9 [234.2436467260122, 119.0128295719624, 259.0258117765188, 178.5403202846646]
175 9 [233.3924695104361, 117.4892162978649, 260.0056613534689, 183.0518670156598]
176 9 [232.2512906044722, 119.0489841401577, 264.7023498862982, 183.9733700528741]
177 9 [227.1725328415632, 117.9442680776119, 264.8718423843384, 188.510399915278]
178 9 [226.8655993938446, 117.3198344856501, 262.9291180372238, 190.9705146923661]
179 9 [227.6319302916527, 117.6106207668781, 262.7642094455659, 189.5674499049783]
180 9 [226.007572889328, 116.6377301812172, 260.3733518086374, 190.5082881823182]
181 9 [228.4350727200508, 119.606100320816, 261.1930289827287, 189.9546344205737]
182 9 [233.8249495625496, 115.0483738183975, 266.5785052143037, 194.3329014703631]
183 9 [232.6778986752033, 119.1988698244095, 265.3283864222467, 194.3878255728632]
184 9 [230.8146419227123, 118.5974756479263, 258.9135931693018, 196.7179778460413]
185 9 [223.4640552699566, 118.9060139507055, 258.4600132070482, 192.024652088061]
186 9 [222.3431279361248, 118.8775775674731, 256.9246552549303, 192.0700406720862]
187 9 [222.1207001879811, 120.2090188805014, 256.2298341058195, 184.3862328222022]
188 9 [222.7235006019473, 115.5452042166144, 257.8833760879934, 188.3674392392859]
189 4 [226.5571765825152, 120.4350647274405, 256.4828155003488, 184.7528332164511]
190 9 [232.3872557803989, 123.056289607659, 263.5893640480936, 186.4258194258437]
191 9 [232.5176589824259, 124.343470716849, 266.5172428451479, 186.0900623342022]
192 9 [235.9403679706156, 119.836707258597, 267.1648214422166, 180.1627444764599]
193 9 [231.7519891597331, 121.5889963749796, 269.1661048494279, 177.8896658560261]
194 9 [227.5940351821482, 120.8446583393961, 274.0609642826021, 182.285871877335]
195 9 [232.3795312978327, 120.4394458476454, 272.7488055489957, 182.4922775169835]
196 9 [234.3637345768511, 111.9980498496443, 270.6271860860288, 185.4376287600026]
197 9 [234.3596448224271, 108.0439380351454, 269.9415882490575, 190.3138232370839]
198 9 [235.6701618653024, 103.7330205384642, 268.6672695837915, 194.6107041975483]
199 9 [239.8638521652902, 99.63195835985243, 270.1363683007658, 197.8527056118473]
200 9 [238.6607522290433, 93.15154110826552, 269.750830616802, 203.053315772675]
201 9 [237.1900859397138, 93.45181226171553, 265.6248103044927, 206.1976272007451]
202 9 [239.1477904241765, 94.78335344232619, 262.1747992895544, 206.2948963707313]
203 9 [237.7339949231828, 99.65063297189772, 258.7489109896123, 205.2873964374885]
204 9 [236.2803127389634, 100.9478897992522, 259.7455165944994, 199.4253631895408]
205 9 [237.7676270526135, 101.0179775301367, 260.3292762748897, 196.5221288865432]
206 9 [237.7636712836102, 105.2437888924032, 264.8466623537242, 189.5420826142654]
207 9 [236.2577598737553, 109.3826948944479, 265.5143492482603, 184.371201700531]
208 9 [234.4343882845715, 113.8812965694815, 266.6530713401735, 178.9529599612579]
209 9 [234.4341738233852, 116.5239186827093, 258.9898042045534, 180.7827942436561]
210 9 [230.5295480499553, 118.6621179524809, 259.0004315713886, 175.2311447924003]
211 9 [231.7662552604961, 117.618234032765, 257.4531220535282, 171.1848594015464]
212 9 [234.0745112309742, 119.2130715791136, 257.262224499369, 168.1004481380805]
213 9 [231.3428018698978, 121.4073284808546, 260.8006275335793, 163.0511499708518]
214 9 [228.6969516287136, 125.1054513398558, 263.8789970318321, 168.7757175033912]
215 9 [231.6031690845775, 128.3498198930174, 264.8216555456165, 175.7589180534706]
216 9 [231.0579416612673, 135.5974891129881, 267.7592546681408, 177.5325396722183]
217 9 [232.0831236998129, 133.9965175334364, 269.4808142522816, 174.4234538739547]
218 9 [233.537922755866, 135.8779371324927, 268.3084520737175, 175.8377909129486]
219 9 [236.1102717081594, 138.5425746385008, 270.7396485249046, 180.3329071467742]
220 9 [231.2265806356954, 140.0770601574332, 272.9202073852066, 177.4805268114433]
221 9 [232.3925201753664, 140.0440473221242, 278.0747357646469, 172.7670151060447]
222 9 [227.4570671180773, 140.175053037703, 273.986261371756, 172.2846662616357]
223 9 [228.4959816197443, 142.9526367560029, 276.4523490706924, 170.2767971372232]
224 9 [225.0711304406214, 141.084034897387, 274.7915581504349, 174.7456359481439]
225 9 [220.7419975260782, 142.4322554841638, 276.1407420078758, 173.4570820843801]
