10 8 3
    77   221   110   243   136    56   171   208
    23     9    86   251   212   104     5   161
   211   139   185   131   131   161    31     1
   100   255     3   254   141   142   244    97
   198   131    96   117    55    33   250   232
    46   224   236   109   150    43     8   174
    28    18   140    55    37     0   126    97
   232   253   121    49    13   107   221   162
   224   236   127   213   175   125    62    62
   255   144    79   186   156    41   214   146

   251   136   164    82   100   208   159    48
   218   205    42   233   189    62   191   136
    73   189   145   227   209   226   250    91
   175    36   238   203   154   182    98    81
    92   112   200   237    22    97    67   186
   253    90   176    46   236    64   225   132
    22   122   119   132    14    65   206   202
    64   150    67   161   135   196   118    52
   208    37   146   234    30    13    23   174
    22   232    64   170    97   175   144    13

   205    37   191   163   144   240    14   189
   174    95   108    19   127   159   221    10
   242   159   208    31    17    72   113   244
    23   255    97   251   230    53   140   190
   233   132    82   127    74   112   145   240
   131   254   252     6    69     7   174   131
   157    58   184    14   152   224    95    62
    81   102   106    36   122   156    20    67
    20   178    25   229    94    52   117   194
   218    17   188   119   168   133    12   254
