8 9 17
   53.7667  357.8397  -12.4144   48.8894 -106.8870  -10.2242  109.3266  -76.9666  154.4212
  183.3885  276.9437  148.9698  103.4693  -80.9499  -24.1447  110.9273   37.1379    8.5931
 -225.8847 -134.9887  140.9034   72.6885 -294.4284   31.9207  -86.3653  -22.5584 -149.1590
   86.2173  303.4923  141.7192  -30.3441  143.8380   31.2859    7.7359  111.7356  -74.2302
   31.8765   72.5404   67.1497   29.3871   32.5191  -86.4880 -121.4117 -108.9064 -106.1582
 -130.7688   -6.3055 -120.7487  -78.7283  -75.4928   -3.0051 -111.3501    3.2557  235.0457
  -43.3592   71.4743   71.7239   88.8396  137.0299  -16.4879   -0.6849   55.2527  -61.5602
   34.2624  -20.4966  163.0235 -114.7070 -171.1516   62.7707  153.2630  110.0610   74.8077

  -19.2419  141.9310   21.5670   -8.2494   30.3521  135.4594  290.8008   70.1541 -133.3678
   88.8610   29.1584 -116.5844 -193.3023  -60.0327 -107.2155   82.5219 -205.1816  112.7492
  -76.4849   19.7811 -114.7953  -43.8966   48.9965   96.0954  137.8972  -35.3850   35.0179
 -140.2269  158.7699   10.4875 -179.4679   73.9363   12.4050 -105.8180  -82.3587  -29.9066
 -142.2376  -80.4466   72.2254   84.0376  171.1888  143.6697  -46.8616 -157.7057    2.2890
   48.8194   69.6624  258.5491  -88.8032  -19.4124 -196.0900  -27.2469   50.7975  -26.1995
  -17.7375   83.5088  -66.6891   10.0093 -213.8355  -19.7698  109.8425   28.1984 -175.0212
  -19.6053  -24.3715   18.7331  -54.4529  -83.9589 -120.7845  -27.7872    3.3480  -28.5651

  -83.1367   -3.4771  -29.3754  -17.6534  -13.0285   55.2783  -30.3108   18.3227  -16.2338
  -97.9206  -79.8164  -84.7926   79.1416   18.3689  103.9091    2.3046 -102.9768  -14.6055
 -115.6402  101.8685 -112.0128 -133.2004  -47.6153 -111.7639    5.1290   94.9222  -53.2011
  -53.3557  -13.3217  252.6000 -232.9867   86.2022  126.0659   82.6063   30.7062  168.2104
 -200.2636  -71.4530  165.5498 -144.9097 -136.1694   66.0143  152.6977   13.5175  -87.5729
   96.4229  135.1386   30.7535   33.3511   45.5030   -6.7866   46.6914   51.5246  -48.3815
   52.0060  -22.4771 -125.7118   39.1354  -84.8709  -19.5221  -20.9713   26.1406  -71.2005
   -2.0028  -58.9029  -86.5468   45.1679  -33.4887  -21.7606   62.5190  -94.1486 -117.4212

  -19.2240 -150.6160  -94.7961 -106.6701    9.8348  202.3691   42.2716  100.6077   91.1127
  -27.4070  -44.4628  -74.1106   93.3728    4.1374 -225.8354 -167.0201  -65.0908   59.4584
  153.0073  -15.5941  -50.7818   35.0321  -73.4169  222.9446   47.1634   25.7056   35.0201
  -24.9025   27.6068  -32.0576   -2.9006   -3.0814   33.7564 -121.2847  -94.4378  125.0251
 -106.4213  -26.1164    1.2469   18.2452   23.2347  100.0061    6.6190 -132.1789   92.9789
  160.3457   44.3422 -302.9177 -156.5056   42.6388 -166.4164   65.2356   92.4826   23.9763
  123.4679   39.1894  -45.7015   -8.4539  -37.2809  -59.0035   32.7060    0.0050  -69.0361
  -22.9626 -125.0679  124.2448  160.3946  -23.6455  -27.8064  108.2634   -5.4919  -65.1554

  119.2102 -248.6284   85.7733  -14.7201 -101.4944 -213.2095  217.7779  -27.3047  -78.4146
 -161.1830   58.1172  -69.1159  100.7773  -47.1070  114.5362  113.8465  157.6300 -180.5373
   -2.4462 -219.2435   44.9378 -212.3655   13.7025  -62.9091 -249.6887  -48.0937  185.8593
 -194.8847 -231.9280   10.0633  -50.4586  -29.1863 -120.3850   44.1327   32.7512  -60.4530
  102.0498    7.9934   82.6070 -127.0594   30.1819  -25.3945 -139.8138   66.4734   10.3360
   86.1716  -94.8481   53.6157  -38.2585   39.9931 -142.8647  -25.5055    8.5189   56.3167
    0.1162   41.1491   89.7888   64.8679  -92.9962   -2.0858   16.4404   88.0953   11.3597
   -7.0837   67.6978  -13.1938   82.5727  -17.6830  -56.0665   74.7734   32.3213  -90.4726

  -46.7715  -28.4141  -28.8256 -103.5985  -57.0010   26.9649  126.1551  -29.2588   61.1335
  -12.4890   -8.6690   35.0063  187.7865 -102.5734   49.4287   47.5425  -54.0786   10.9318
  147.8958 -146.9395 -183.5859   94.0704  -90.8746 -148.3121  117.4117  -30.8642  181.4015
  -86.0816   19.2182  103.5976   78.7346  -20.9897 -102.0264   12.6947 -109.6593   31.2024
   78.4668  -82.2293  242.4461  -87.5874 -169.8864  -44.6995  -65.6816  -49.3010  180.4494
   30.8623   -9.4241   95.9401   31.9949   60.7601   10.9659 -148.1399  -18.0739  -72.3121
  -23.3860   33.6213  -31.5772  -55.8294  -11.7798  112.8736   15.5489    4.5841   52.6547
 -105.6973  -90.4654   42.8623  -31.1429   69.9160  -28.9963   81.8551   -6.3783  -26.0251

   60.0143   81.2323  -42.5058  -62.6379 -152.1027   79.8887   17.6947   22.9597  -73.7060
   59.3931   54.5540   58.9433   24.9518  -72.3631   12.0205  -30.7503   43.9998 -174.9879
 -218.6022 -105.1632   -6.2791  -99.3019  -59.3250   57.1248  -13.1820  -61.6866   91.0483
 -132.7043   39.7467 -202.1959   97.4950   40.1336   41.2796   59.5358   27.4837   86.7083
 -144.1014  -75.1895  -98.2132  -64.0710   94.2133  -98.6962  104.6833   60.1102   -7.9893
   40.1844  151.6267   61.2511  180.8863   30.0486   75.9568  -19.7959    9.2308   89.8476
  147.0201   -3.2567   -5.4886 -107.9866  -37.3071  -65.7201   32.7678  172.9841   18.3703
  -32.6814  163.6000 -111.8732   19.9189   81.5489  -60.3918  -23.8302  -60.8557   29.0790

   11.2945  -43.3609 -128.3256  -50.7323 -103.2184  101.2802   98.3545  -41.3972  141.5849
   43.9952  -16.8470 -232.8955   23.5810  133.1216   62.9335  -29.7697  -43.8271 -160.4516
   10.1662  -21.8534   90.1931   24.5805  -41.8903  -21.3015  114.3679  200.3391  102.8853
  278.7335   54.1334 -183.5639    7.0045  -14.0322  -86.5697  -53.1620   95.0993  145.7968
 -116.6665   38.9266    6.6757  -60.8581   89.9822 -104.3108   97.2566  -43.2004    4.7471
 -185.4299   75.1229    3.5479 -122.2593  -30.0111  -27.0069  -52.2250   64.8941  174.6257
 -114.0681  177.8256  222.7168   31.6500  102.9366  -43.8141   17.6578  -36.0076   15.5388
 -109.3343  122.3063   -6.9214 -134.2869  -34.5066  -40.8674   97.0738   70.5885 -123.7120

 -219.3494  -76.0090   86.4149   47.5861   14.9809   80.8439 -131.4724 -136.1515  -99.0532
  -33.3407  -81.8793   11.3419  141.2233  140.4933   21.3042  -41.6411   34.7593 -117.3032
   71.3543   51.9729   39.8363    2.2608  103.4122   87.9677  122.4688  -18.1843 -172.5428
   31.7408   -1.4160   88.3970   -4.7869   29.1570  203.8876   -4.3584  -93.9535   28.8228
   41.3610 -115.5529   18.0258  170.1335  -77.7699   92.3932   58.2423   -3.7533 -159.4184
  -57.7086   -0.9525   55.0855  -50.9712   56.6696   26.6917 -100.6500 -189.6304   11.0219
   14.4002  -68.9811   68.2964   -0.2855 -138.2621   64.1662    6.4517 -212.7977   78.7067
 -163.8666  -66.6699  117.0609   91.9867   24.4475   42.5485   60.0292 -117.6923   -0.2227

    9.3109   16.6347  -63.6128  104.8581  -75.7792  -95.2636   31.0508  -16.2502  -41.1251
  -37.8157   37.6266   31.7851   66.0707  -56.3969   31.7317  -24.9489   69.0052  -36.8011
 -148.2676  -22.6950   13.8048  250.8772   55.5139    7.8020   50.3744   55.5757 -136.0963
   -4.3819 -114.8912  -71.0735  106.3460  -55.6778  132.4385  -89.2661 -112.0255   77.9567
   96.0825  202.4333   77.7004  115.6922  -89.5113  -21.3170  190.8512 -153.2693   43.9411
  173.8245 -235.9524   62.2394    5.2979  -40.9328  -13.4479   12.2231 -109.7868   -8.9622
  -43.0206  -50.9972   64.7381 -128.8386  -16.0887 -117.1356  104.7033 -141.5773  102.1180
 -162.7323 -132.1626  -42.5632  -37.1221   40.9334 -138.5263  -22.6920    5.9571  -87.3979

   41.4700  103.7816 -101.4451 -133.7977   12.0501   42.0684   17.3247   17.1586   49.7981
   34.8441  -84.5944  -21.3267    3.0299  -98.9902   40.0738  -50.5543   -6.2139  278.9081
   34.9254  -17.2914  -32.5348   85.3087  119.7771    9.5142 -119.3306  119.9028   72.7572
  -72.9247 -120.8652  194.4398   40.4253  -59.2656   49.6684   64.6971   80.1704  -77.3064
   32.6840  -29.7127  -57.1773  -70.0620  -46.9809  108.2241  -35.3623  105.3305   83.6634
  -51.4882 -323.2038  -25.0032 -163.0543   88.6377   97.0448    4.6435  -74.8877 -112.8330
  -89.6446 -108.6959 -156.9315  146.0013 -138.5220  -56.8570  -79.2948  -93.6326 -142.4470
 -120.3268 -142.6436  -47.7383  205.0043 -195.6754   80.9972 -155.0514 -126.9087   71.7442

  -77.7906   54.1139  -59.9272   -7.1320  -39.8333   27.7799  138.4499  -19.7343  -57.1246
   31.5986 -154.0877  -58.9589  -93.8301  -54.3548   63.9517   -6.2727   40.5605   21.3996
  140.6535  -20.3143   85.3541   16.1364  -91.1899   -8.0978   44.8921 -141.9348   94.2377
   40.1125  -49.9965 -185.3008  -26.8183   65.2699   54.0870  -36.3258  -72.9445    9.3725
   92.9660   38.3024  -20.7303  -40.9873  -73.4271 -126.2565 -102.0583  114.7328 -112.2312
 -160.5802   41.2035   27.0378  -71.1323   54.0633  111.0424 -307.2989   59.7865   30.6158
   66.1536   40.5493  -65.2771    6.1445   97.5841  -98.9563   62.6279 -128.1281 -117.2335
  213.8502  -36.3781   47.7227 -184.6129  -15.6870 -182.8836  -28.6685 -220.3264  -96.0967

  -65.3735  123.3297   25.6981 -199.1997 -116.8723   12.0283  -25.1169  179.8494   54.0364
 -122.9394   61.0305  -97.4240   84.1246   39.2575 -103.6843  -20.4570  -11.6884   -9.1539
  -27.0965    5.9072 -114.6364  -41.4659  130.1840  -85.7103 -220.1522  -32.0196  -76.0252
  -89.9950 -146.6947   54.7640  191.2181  -59.3642  -16.9874  -77.4513   81.7516  -69.3595
  -28.5686 -162.5803  156.5084  -39.0899   43.6375  -19.1668 -139.3273   49.0159  128.1458
  -46.2422 -196.4752 -169.3344   40.9182  -50.4362  -86.5815  -38.6235   76.5251  -80.9738
  -40.9785  260.5196  -44.9397 -114.2428   10.2108   18.0664   52.5586   77.8279 -123.6818
  -50.3539   97.2375   -8.4292  -62.4864  119.6251  126.6528  152.3269 -148.0305   21.4686

  201.0772   85.4043 -103.2914  -30.1207   50.4732    0.3226  261.7335   64.7755   67.3699
    2.5554   38.9146  -32.3292  -69.8654  -40.0897   36.5617   55.0950  -31.7628  -66.9113
   30.8299 -115.6001   76.6527   83.2771  -51.3848  352.6678   29.4204  176.8992  -40.0323
  -93.8247    3.9740  174.4673  -69.4605   79.6368  -11.2437  -77.7844  151.0582  -67.1802
  167.4216  -45.0599 -116.0520  -46.1883  -67.1190 -155.6594 -106.4930   16.4010   57.5629
   12.4988   10.9248  237.7412   88.3617  118.6659  191.5102 -176.8414  -28.2764  -77.8094
   53.0101  -25.0553  152.6078   43.5944   79.0702   60.9846  -42.2920  115.2166 -106.3561
  -95.2068  -18.9902   16.8508   89.6747   28.7721  -64.7912 -105.3102 -114.6508   55.2978

  -42.3429   91.0897  -48.0653 -166.2543   13.8318  -71.5847   42.8893   39.2935  192.7758
   36.1587  -23.9731   83.6837  194.3684 -190.7066  -28.0516  -29.9131   19.4551  -17.6248
  -35.1889   18.0998  253.8349 -108.4698  -36.4993  116.6475  -89.9869   27.9785  -24.3750
   26.9541   24.4250 -132.3334   22.6819  -84.8110  121.2821   63.4745    5.1220  -89.7601
 -256.4449    9.6393   12.8340  109.8929  -76.4753   48.5541    6.7454  -77.4466  -79.2337
   46.5864  -83.0468 -144.2379   14.7189 -112.7695  102.6016  -18.7121   78.6782  -95.2975
  185.3561  -35.2252  130.2508  229.5666    7.8189   87.0726   29.1727  140.8907   35.3905
  103.9289  -17.4775  140.9912  275.2558  210.6630  -38.1758   98.7695  -53.4099  159.7026

   52.7470 -100.5869  163.2057 -174.2349   82.8387  130.9362   74.4900  -89.8377  -13.4765
   85.4202   79.0683 -153.2190   20.5305   21.7738 -104.4736  -82.8155   15.6245   -1.8328
  134.1847  -11.6571 -133.6852  119.2930 -190.9245  -34.8267   57.4521  159.7254   46.0789
 -249.9533   55.3090 -147.3846  -80.2823  -53.6822  141.2561   28.1841   11.2440  136.2315
  -16.7559  -96.0645   -4.1663 -126.5636  -30.2032  150.2383  113.9306  -30.8625   45.1875
   35.3015 -163.3802  -61.5507  -14.9331  181.3582   73.0376  -42.5868   45.6660  164.8384
   71.7254   76.1200  131.4155 -163.6447   91.4852   49.0752   63.6140  -27.5101 -202.8362
 -130.4852  119.3307 -145.5067    1.7344   -5.7081  -58.6126   79.3178   44.3144  -44.9257

   23.5993  -49.7688  133.9555  -63.0046   65.2125  -29.6348  134.1884   16.0227   71.7441
  -83.5173  -10.6672  -96.9140   -4.6879  -27.8861 -149.6919  -98.8435   28.7400  228.7829
 -127.5955  -68.7829   20.8716  268.3026   24.5192  -90.4834  181.7943   63.2906   16.6728
   61.7035   33.1881  -61.8593 -114.6691  147.2513  -40.4182  -37.4437 -145.9042 -215.6491
   61.2702  236.5225   51.2016   55.2999 -227.5102  -72.5798 -145.1741  -58.1710  168.9399
   28.9381  -48.2231    1.1354 -107.6458 -163.3291  -86.6485  -61.8682 -183.0149  128.2281
   39.5316   64.7448   -4.3989  103.0640   41.5469  -42.1847   93.4501  -44.9103  -58.2631
  -87.0563 -103.4425  294.9093   32.7530  -65.4769  -94.2666  105.5929   94.9275   22.2614

