faceocc1 0
2 1 [116.796026468277, 72.2215633392334, 231.0425867366791, 234.5976868915558]
3 1 [118.3902305364609, 70.91080737113953, 232.8476620760389, 232.9957090577393]
4 1 [118.6171383112669, 70.31765961647034, 232.6923060989329, 232.5001058461311]
5 1 [116.8968641012907, 71.52529191970825, 231.0829791060976, 233.9114503546001]
6 1 [117.3315488547087, 75.21648931503296, 231.2667199675334, 237.8421349387513]
7 1 [117.2757682204247, 70.97627353668213, 230.6924088474492, 233.4493644493995]
8 1 [117.8974249958992, 70.68763515353203, 231.5377439697177, 233.5767845937463]
9 1 [116.520279943943, 69.19405576586723, 230.1854733323708, 233.001969671546]
10 1 [117.8963339924812, 67.83830890059471, 231.5039185788912, 232.2818659420529]
11 1 [117.7035593986511, 67.11762264370918, 231.1392307416148, 231.3706734063392]
12 1 [117.8862814605236, 69.64699319005013, 231.3756531158342, 234.0472076645738]
13 1 [116.9044757187367, 69.07020172476769, 230.1885183386541, 233.4256285700278]
14 1 [116.2473540008068, 70.40493699908257, 229.50817130096, 235.1768411946702]
15 1 [115.3426498472691, 70.50016065686941, 228.4652229730658, 235.9535289200732]
16 1 [114.2012896835804, 70.79517542570829, 226.9301788477641, 236.1794803050343]
17 1 [111.568194180727, 70.41544278711081, 224.5183753616395, 235.7269958564705]
18 1 [108.4669461548328, 70.92139985412359, 221.3491327900551, 236.1987128176226]
19 1 [108.3514463678002, 75.24592377990484, 221.20052232769, 240.3110496561752]
20 1 [103.4617311730981, 75.11826979368925, 216.3484851390078, 240.0324579180551]
21 1 [100.8037624135613, 76.55292486399412, 213.7202983470963, 241.7204506659226]
22 4 [101.7705580964685, 71.01189064234495, 214.8448513591306, 235.9862812357274]
23 4 [97.8826215043664, 70.29276751726866, 211.1788252485406, 235.0662820464001]
24 4 [95.77899572998285, 71.92471193522215, 209.4740480744593, 236.6453983162754]
25 9 [93.88862643390894, 74.33202242106199, 207.5307806852507, 238.7890094689288]
26 9 [90.08420477062464, 75.83295141905546, 203.7336691414372, 240.2503004191675]
27 9 [91.29186580330133, 75.10166721791029, 204.9459817257257, 238.8524228162416]
28 9 [89.87594220787287, 73.38707845658064, 203.4916581334686, 236.7404752579654]
29 9 [89.10313049703836, 71.91582410782576, 202.5488142424099, 235.3375443217268]
30 9 [89.25327219814062, 71.11311011761427, 203.0182265212881, 234.0798973094702]
31 9 [90.92364122718573, 70.88611633330584, 204.5140483712491, 233.5285701201989]
32 9 [89.75148918479681, 69.23816604167223, 203.3523303497061, 231.4577175378477]
33 9 [90.31581016629934, 67.42838747054339, 203.892269922665, 229.7238344184193]
34 9 [90.52978933602572, 67.58556271344423, 203.7359388408917, 229.8464802307716]
35 9 [91.7269821241498, 68.12335092574358, 204.4237339966139, 230.347134621525]
36 9 [91.64540003985167, 68.54856065660715, 204.289449523021, 230.9811743185427]
37 9 [92.38822650164366, 69.72495559602976, 205.1030811552349, 232.0522230710172]
38 9 [92.85661628097296, 68.53260246664286, 205.485224645199, 231.2145190255171]
39 9 [93.51708873361349, 68.87574941664934, 206.3100092486948, 231.7051284256238]
40 9 [93.92766969650984, 68.131362862885, 206.8433667199796, 231.1568410985263]
41 9 [95.72438674420118, 69.98714775592089, 208.3486357085145, 232.6840354967857]
42 9 [96.01892828196287, 74.28133911639452, 208.7798102096514, 237.1908437157168]
43 9 [97.90318333357573, 70.59240884333849, 210.8128649182696, 233.9183692962719]
44 9 [101.4771405383945, 68.95424754172564, 214.4119190590561, 232.8565856148019]
45 9 [103.403090827167, 67.25438780337572, 216.4373914277704, 230.8586848186791]
46 9 [104.9709714576602, 67.00754151493311, 217.9798667214097, 230.2825168541988]
47 9 [107.1151038333774, 64.14336643368006, 220.3223204078053, 227.8661947453722]
48 9 [110.3447941467166, 62.14005122333765, 223.369669691502, 225.5711413834746]
49 9 [113.4139102622867, 61.55995152145624, 226.4854951142045, 224.773623543112]
50 9 [114.0388541147113, 61.17146725207567, 227.2562691050059, 224.2414487064208]
51 9 [116.5436530038714, 61.60446295887232, 229.9391688577517, 224.4936571587091]
52 9 [120.4810159131885, 66.00372491031885, 233.8276068257329, 229.1215588748019]
53 9 [121.7433547899127, 67.75659296661615, 235.1450398059618, 230.8978261421511]
54 9 [123.2901376411319, 67.51877946406603, 236.9889455988958, 230.9531369143345]
55 9 [124.7595207616687, 67.24305439740419, 238.3675330906063, 230.4543100503969]
56 9 [125.1188938245177, 68.78026891499758, 239.0023857959366, 231.903071981976]
57 9 [127.0133686885238, 69.3606348708272, 241.0454145935046, 232.5050520305206]
58 9 [127.5776427611709, 69.43671219050884, 241.6292530163231, 232.538811384419]
59 9 [128.970854960382, 71.52442233264446, 243.06140236814, 234.3962264727585]
60 9 [130.0182449445128, 75.92955605685711, 244.2225397257328, 238.6459266563405]
61 9 [129.9133081808686, 78.05830518901348, 243.8878777102355, 240.8273537795652]
62 9 [129.7701087221503, 73.96123497188091, 243.9184749135754, 236.7667052431843]
63 9 [130.127861790359, 74.81862108409405, 244.185625064782, 237.6661145578834]
64 9 [133.5231893584132, 79.35013429820538, 247.0979496614919, 242.399999067276]
65 9 [132.9132818505168, 81.50335232913494, 246.8467715988572, 244.4630679316084]
66 9 [132.2847582623363, 80.83215753734112, 246.480705436855, 244.0453271953957]
67 9 [132.1689898073673, 78.22575776278973, 246.5737627209076, 241.833702019622]
68 9 [134.6889082491398, 81.4585746973753, 248.8386769320786, 245.2937089392455]
69 9 [134.636799313128, 82.56565968692303, 248.688408884326, 246.274818243076]
70 9 [134.9960233047605, 84.54288129508495, 249.3108344567228, 248.2294404024329]
71 9 [135.037297796458, 81.5314484089613, 249.2886821076813, 245.2180908453597]
72 9 [136.2693061344326, 80.16960923373699, 250.4891828728118, 244.2471248176308]
73 9 [136.3497865609825, 78.23849682509899, 250.2509143601247, 241.8765347253012]
74 1 [137.4424142055214, 73.28734354674816, 251.2399925345843, 236.8857572147926]
75 1 [134.5616046600044, 72.62258212268353, 248.2694596453608, 235.9156877859267]
76 1 [136.2027147226036, 74.046447083354, 250.2364195435023, 236.7041419702052]
77 1 [136.3922730796039, 76.02232007682324, 250.3554323175452, 238.7095224359063]
78 4 [135.6192673556507, 77.61994437873364, 249.5566022024949, 239.8994930121466]
79 4 [135.2844790630043, 77.06366221606731, 249.4614196298402, 238.9477587269228]
80 4 [137.4366549663246, 77.29532653093338, 251.8419186399318, 238.9444673713932]
81 4 [134.0899039916694, 81.84049731492996, 248.6664967579466, 243.3775118270907]
82 4 [131.86296049878, 81.04123032093048, 246.3273230434931, 242.4217810573195]
83 4 [128.745753210038, 82.00149089097977, 243.1230886294796, 243.4234331728782]
84 4 [126.9052654914558, 81.43745350837708, 241.2650386989515, 242.9022356964429]
85 4 [131.7773830108345, 80.07105505466461, 246.3613471569448, 241.1871803957849]
86 4 [132.7114432267845, 82.67816817760468, 247.2040658853024, 244.2255111421125]
87 4 [133.3851864747703, 81.94240832328796, 247.664074670378, 243.0535805538504]
88 6 [128.8173630647361, 81.18368172645569, 242.7601358588938, 242.3497392758532]
89 6 [126.461033385247, 81.71257227659226, 240.5945692939431, 242.8195151999418]
90 6 [125.1628222875297, 83.25642877817154, 239.31818905209, 243.7964346066726]
91 6 [123.2018738202751, 81.23829132318497, 237.4286368096454, 241.1041690938595]
92 6 [122.1368358545005, 80.19330340623856, 236.4709344318056, 240.1819366260189]
93 6 [121.1995735578239, 81.72303289175034, 235.4284384942866, 241.770201561852]
94 6 [120.0396085195243, 82.2007819712162, 234.4405362672797, 242.5626548886201]
95 6 [120.5376564376056, 88.13772311806679, 235.0176577199982, 248.3520336446191]
96 6 [119.1626048199832, 88.50437864661217, 233.7524305320929, 248.172877039354]
97 1 [123.2080221287906, 89.32808336615562, 237.5640373366247, 248.7756120911737]
98 1 [122.1222550980747, 89.81156253814697, 236.5396817240991, 249.430743674477]
99 1 [122.529798489064, 89.85657459869981, 236.9072467519415, 249.8219148919951]
100 1 [121.0626942925155, 89.68168485537171, 235.8432194828941, 250.2160096853326]
101 2 [115.7818915657699, 87.36010897532105, 230.8766506411777, 248.0677585523612]
102 2 [115.6861580945551, 84.0333033837378, 230.5782523173492, 244.4696705355401]
103 2 [114.9744974710047, 84.62995320931077, 229.6902685891388, 244.9668251392183]
104 2 [114.0699650980532, 86.04528409615159, 228.7805257735462, 246.1040986567036]
105 2 [114.1874565817416, 83.55570084229112, 228.8689798466823, 243.4309032341119]
106 2 [114.2381213977933, 83.20218769088388, 228.8781002886097, 242.8747275019864]
107 6 [110.1756647899747, 82.11918321624398, 224.6676059489208, 242.0311204474616]
108 6 [110.0914212688804, 82.32035249844194, 224.594215343472, 242.3020041903485]
109 6 [110.0045128166676, 87.03673309460282, 224.4186828673843, 246.9885084065946]
110 6 [110.1668349206448, 91.47432083263993, 224.6094794821937, 251.6627484883045]
111 6 [110.1708055026829, 89.51778227463365, 224.4734222383007, 249.8765209675684]
112 6 [110.4832242317498, 88.81068474426866, 224.8655786371202, 248.9443249741641]
113 6 [110.7945532687008, 88.05558288469911, 224.9773418856856, 248.2705569025296]
114 6 [110.6370274312794, 90.21634638682008, 224.8308548695404, 250.5585971339413]
115 6 [110.001495052129, 88.32103491201997, 223.9983345142877, 248.689858520443]
116 6 [110.6656121499836, 88.72194469347596, 224.7194701295852, 248.8305916759227]
117 6 [110.7502996809781, 90.27302921190858, 224.8842858091909, 249.8905138454929]
118 6 [110.1701093800366, 92.40527308359742, 224.2402340158259, 251.5264003493809]
119 6 [109.8705138750374, 88.90222180262208, 223.9902335537843, 248.2437986391323]
120 6 [110.0515083409846, 88.8496687784791, 223.8774832535184, 248.5342210387116]
121 6 [109.9663145728409, 88.94680462777615, 223.9387183472119, 249.0181254009192]
122 6 [109.5061693973839, 88.79840044677258, 223.5791994364413, 249.2430227637725]
123 6 [109.8515363819897, 88.82551368325949, 223.4285321596333, 249.1373624368668]
124 6 [109.5445591397584, 88.79056134819984, 223.0850312589261, 249.7955254504305]
125 6 [109.8582571335137, 88.12743952870369, 223.3619990523579, 249.0513093766482]
126 6 [110.3420490212739, 88.14258882030845, 223.861996664258, 248.9606503080019]
127 6 [109.7691034860909, 88.32668156549335, 223.1185730492757, 248.8817857269284]
128 6 [109.4713659472764, 88.75458450242877, 223.1043501853212, 248.9227846496936]
129 6 [108.4720787592232, 88.71945146471262, 222.1970092890646, 249.1892717123057]
130 6 [108.8178148455918, 88.53584114462137, 222.2470276684158, 249.314762631025]
131 6 [108.945172984153, 88.10024289041758, 222.4277914357384, 248.7168134096848]
132 6 [108.7603423334658, 88.66974125057459, 222.2372691926836, 249.1396172226714]
133 6 [108.6941838078201, 88.16603670269251, 222.3644686583679, 248.7906583890564]
134 6 [108.9243474714458, 86.32217691093683, 222.6460245422935, 247.1202028364839]
135 6 [110.3380860798061, 88.07072816044092, 223.6934625293176, 248.6212760563138]
136 6 [109.4787339679897, 88.20065639168024, 223.054076090959, 248.6974324844853]
137 6 [109.1793816499412, 88.31111118197441, 223.0863652563514, 248.826619220983]
138 6 [110.254321616143, 86.46296629309654, 224.1468521007797, 246.8958154269913]
139 6 [110.0632425062358, 88.30479070544243, 223.9110797627823, 248.9475959574495]
140 6 [110.7303823940456, 88.14506459236145, 224.8654743288491, 248.7465628874076]
141 6 [109.308617901057, 87.58383315801621, 223.4561418439784, 247.9750932978378]
142 6 [109.4206613115966, 88.21336764097214, 223.5115644537816, 248.8750336517211]
143 6 [108.4615712575615, 83.56326168775559, 222.3351299132573, 244.4849590604883]
144 2 [111.2846060208976, 87.06174248456955, 225.0837497301609, 248.3070781560289]
145 2 [111.1162742190063, 91.77438324689865, 224.7193241859686, 253.1539747077753]
146 2 [116.8467496447265, 96.42160385847092, 230.364782537618, 257.790796549993]
147 2 [121.4614695124328, 98.8587846159935, 234.6598809148756, 260.6573319791949]
148 2 [124.3697339110076, 95.44302505254746, 237.7069838593803, 257.2537837335378]
149 2 [122.3248339705169, 91.63979309797287, 235.7854171329315, 253.0193248594435]
150 2 [118.1258030943573, 89.48398417234421, 231.7175191549325, 250.7889129124629]
151 2 [115.4368079714477, 87.56863039731979, 228.7222797792918, 248.6788164937914]
152 1 [112.9407094530761, 83.17662209272385, 226.4791080157422, 244.2644477006283]
153 1 [108.3518966250122, 81.81323140859604, 221.6469563487608, 243.3433437743566]
154 1 [105.8374324850738, 80.2965652346611, 219.2025462348096, 241.806904788126]
155 1 [104.7925900034607, 80.42374020814896, 218.3065365976359, 241.9000117664104]
156 1 [104.6614203564823, 80.25336349010468, 218.4402417525985, 241.6157029761604]
157 9 [103.7417786233127, 82.92266166210175, 217.163663355184, 244.1666816305102]
158 1 [104.7792079560459, 79.19126617908478, 218.2647875259899, 240.2476217775461]
159 1 [103.6771466843784, 79.15622712671757, 217.2705326832883, 239.9087183079538]
160 1 [102.5058839432895, 78.97909474372864, 216.1429964683063, 239.2924608770342]
161 1 [103.6258422248066, 79.40372756123543, 217.175154124942, 239.8689664927253]
162 1 [103.8553223721683, 80.08299311995506, 217.4848297904477, 240.4543683084441]
163 1 [103.6709004305303, 81.55132421851158, 217.4322893804069, 241.9771614498278]
164 1 [103.1273249648511, 82.40200451016426, 217.170746332019, 242.7634246414487]
165 1 [102.9325286559761, 78.29880741238594, 217.1073385501314, 238.7507321053152]
166 1 [102.9482858479023, 78.3473516702652, 217.3778442497009, 238.9021271822334]
167 1 [103.8350807130337, 77.43225902318955, 218.2875510960683, 237.9551682509184]
168 5 [101.5666199624538, 80.30402725934982, 216.1058987808416, 241.1777142827401]
169 5 [102.2517617046833, 77.70301932096481, 217.2074642142755, 238.385830898448]
170 7 [98.65780046582222, 77.15414226055145, 213.9147976705493, 237.7876507394014]
171 5 [101.9812102615833, 78.18270337581635, 216.9607938278501, 238.4602525061745]
172 5 [102.8761166036129, 78.07013943046331, 218.2714365111816, 237.9161436552427]
173 5 [101.7559859454632, 73.90248157829046, 216.9823463389602, 234.057564466936]
174 7 [99.44034430384636, 76.43502499908209, 214.4859254024443, 236.5251005527263]
175 7 [97.54295143485069, 79.03035189956427, 212.5302730204242, 239.2079055370725]
176 7 [98.79321894049645, 79.47715171426535, 213.5592346241363, 239.6949340568842]
177 7 [99.17547377943993, 78.15813454240561, 213.7962752691793, 237.9781853322055]
178 7 [99.55552020668984, 76.0336719378829, 214.3125622656489, 235.7142377010237]
179 7 [98.2662253677845, 79.30919345468283, 213.1044415928847, 238.6496203877487]
180 7 [95.61760976910591, 81.03102477639914, 210.3574825235049, 239.7015471607003]
181 7 [95.65021065995097, 81.42044069617987, 210.5440862731866, 239.7410044292281]
182 7 [97.99227837845683, 81.38792734965682, 212.8754516369063, 239.4821074028854]
183 7 [98.01267413794994, 83.35890441760421, 212.8934566906553, 241.9858168345675]
184 7 [97.38480578362942, 82.11935799941421, 212.3634439860218, 240.4660657021393]
185 7 [98.10880790650845, 83.84241741523147, 213.2540231356425, 242.1229722287537]
186 7 [98.37283895909786, 88.19600933417678, 213.5233358384008, 246.3712766451426]
187 7 [98.22505378723145, 88.97847157344222, 213.3326592544493, 247.1876942908644]
188 7 [99.52595067024231, 91.84856229647994, 214.7038852562336, 250.1733522968325]
189 7 [98.11774456501007, 88.71503096446395, 213.0095841722438, 247.0329978563343]
190 7 [98.06066505610943, 88.54273360595107, 212.852722906914, 247.0816144584184]
191 7 [98.54343442618847, 88.88199323043227, 213.315164674403, 247.308496320847]
192 7 [98.19077847898006, 88.08469885215163, 213.1086186743304, 246.3464641552212]
193 7 [98.92057697474957, 89.5737003646791, 213.497531283371, 248.5246272747127]
194 7 [97.51740126311779, 88.53936916217208, 212.2114256189067, 247.9762470854649]
195 7 [97.22581277787685, 88.60204224660993, 212.0893389941849, 248.2223149788956]
196 7 [98.37675832211971, 87.84432231262326, 213.0558217751068, 248.2412451992405]
197 7 [98.86012633144856, 88.40494816377759, 213.3901342237187, 249.0077720495822]
198 7 [98.62348966300488, 88.59954205527902, 213.2137686937249, 249.414955109451]
199 7 [99.54832439124584, 88.49784522131085, 214.0889233039301, 249.2576866234778]
200 7 [99.53690355084837, 88.51917215995491, 214.0149135432213, 249.2032892048224]
201 7 [99.75776117108762, 90.88350149802864, 214.2624967611729, 251.2581199396977]
202 7 [100.3659738209099, 89.93919578008354, 214.9064877813893, 250.5083781108381]
203 7 [99.08825551532209, 88.86420634202659, 213.4160175170993, 249.4773049001151]
204 7 [99.8242173101753, 89.81356540136039, 214.1999686302673, 250.2567422532442]
205 7 [99.20376323722303, 89.83831515535712, 213.2748014902514, 250.1546638523359]
206 7 [100.1259825136513, 91.45951428636909, 213.7612340797134, 251.8654135263771]
207 7 [100.3359853234142, 90.27678802236915, 213.8319252535572, 250.3139117058129]
208 7 [99.13815059326589, 93.03997137770057, 212.5738465881866, 252.5698870266951]
209 7 [98.64491870068014, 93.52776601538062, 211.8501421165291, 252.8628186078542]
210 7 [100.3968839850277, 92.57907661423087, 213.3724915855099, 251.8489293082855]
211 7 [98.73065974377096, 95.03218587860465, 211.9100240888906, 254.6209455835026]
212 7 [98.48077639006078, 95.10453540459275, 211.8351428303132, 254.4993334199133]
213 7 [98.25443889759481, 94.59437507763505, 211.7402618624307, 254.3097403087386]
214 7 [99.176324268803, 96.14043671265245, 212.6996749468576, 255.5328608460723]
215 7 [99.97099699638784, 97.02290022745729, 213.5024387726535, 255.8588889651241]
216 7 [97.54219593666494, 97.3832102753222, 210.9874846458266, 255.8820390248426]
217 7 [97.77118558250368, 97.15959486737847, 211.3297343322898, 255.8631753549315]
218 7 [98.1203201469034, 97.59770813956857, 211.509043439819, 256.4699734057868]
219 7 [96.55683464370668, 97.41302776709199, 209.7359502112058, 255.9491356933458]
220 7 [97.49010098539293, 97.50109503790736, 210.5290589831171, 255.7938807325746]
221 7 [97.32482788525522, 97.50157242221758, 210.2917965566226, 255.6587774258471]
222 7 [99.75876233540475, 94.49072318477556, 212.5785543541417, 252.5042006448357]
223 7 [99.45751166902483, 96.0404989044182, 212.3084042145778, 253.8025434615263]
224 7 [98.65519625507295, 90.59389417571947, 211.5141184803231, 248.0122068987941]
225 7 [97.39749986492097, 85.66537588043138, 210.3016960481067, 243.1975505404815]
226 7 [98.5072339233011, 81.54199474258348, 211.476412268002, 238.7398684349511]
227 7 [99.78860754333437, 76.18007486267015, 212.7342945210391, 233.979707673146]
228 7 [99.99564788304269, 72.37644141120836, 212.9112124603837, 230.3716716549517]
229 7 [99.74670987389982, 71.02135925693438, 212.6991653304149, 228.7843466751896]
230 7 [99.92032769881189, 66.29408960742876, 212.9146588901812, 224.279936388241]
231 7 [103.3462002631277, 66.73869129223749, 216.4325988218206, 225.3234489913515]
232 7 [102.4983277078718, 63.09670253796503, 215.2296256838405, 221.3414857829044]
233 7 [100.9862633701414, 63.1682917396538, 213.6212874679355, 220.912814490002]
234 7 [99.89698836766183, 58.51526039047167, 212.7525013414069, 215.9692443560415]
235 7 [95.44474980793893, 57.91344385547563, 208.0712081893445, 215.3443234880814]
236 7 [91.5360188242048, 58.64658039016649, 204.2914502941392, 215.7264607426342]
237 7 [87.13651034794748, 55.03671067161486, 200.2879855177714, 212.0468955463377]
238 7 [84.80013773404062, 53.20068269176409, 198.0920830055471, 210.7064813613353]
239 7 [86.65939376316965, 52.55484395427629, 199.733440604054, 209.995967303494]
240 7 [89.88972542248666, 54.86539345188066, 203.128630229732, 212.8807445539389]
241 1 [95.52755472622812, 57.07926230831072, 208.5265119235758, 215.0743705030323]
242 1 [100.5789839979261, 57.51694642705843, 213.1494034153876, 215.6634060915457]
243 1 [105.7787091489881, 59.61860834760591, 218.5332843317544, 218.0657911131706]
244 1 [107.7432805057615, 62.92408882780001, 220.4685135508867, 221.2049217910731]
245 1 [108.9384468551725, 62.47475137514994, 222.0162920106007, 220.5104413788183]
246 1 [109.8130219932646, 64.25315120024607, 223.0985916504026, 221.9041168716688]
247 1 [110.9846186395735, 65.03230800433084, 224.3157367483816, 222.8245470716471]
248 1 [110.9012187104672, 65.05505089415237, 224.178040753246, 222.7480510236966]
249 1 [111.9830680470914, 63.63292376650497, 225.0327391703657, 221.1107574641588]
250 1 [111.6540831308812, 65.44480244768784, 225.1772427493084, 223.4315814560351]
251 1 [111.6361206173897, 65.44728673179634, 225.191219916633, 223.5291439940687]
252 1 [111.2855970263481, 65.44726394849022, 225.0486422728097, 223.1031604926083]
253 1 [112.6816309094429, 66.5126527472039, 226.710973276184, 223.8112154052256]
254 1 [112.8836614191532, 66.91373371319969, 227.0331416475453, 224.4715266654568]
255 1 [111.6488794386387, 71.19514440732201, 226.0284090602755, 228.7084537992442]
256 4 [113.3165998756886, 71.37140404420097, 227.863044808589, 228.7644323890788]
257 1 [112.8215966820717, 72.89033042626579, 227.6033039796363, 230.5385554706003]
258 1 [112.9847102463245, 74.10558044152458, 227.5592003811425, 231.9728282992919]
259 1 [113.2808038294315, 72.51366185383995, 227.9059400469077, 230.1408843570905]
260 1 [110.984626442194, 72.96531280117233, 225.4296863292867, 231.3376059254814]
261 1 [108.7768076956272, 77.42498048382004, 223.113397921466, 235.4421774863085]
262 1 [110.2140019237995, 80.30339582996567, 224.8989367095623, 237.8142462085688]
263 1 [108.4344629347324, 79.55904724436005, 223.0801415358188, 236.3358230161873]
264 1 [108.9798051416874, 79.48129057126243, 223.5475249902864, 235.8275761475086]
265 1 [109.7974863350391, 77.35647105412681, 224.1486127692693, 233.7161843665728]
266 1 [108.5291850864887, 76.58662831025322, 223.0960063078731, 233.0081584406795]
267 1 [109.307617276907, 76.88771694140633, 224.0687498477147, 233.4144079163471]
268 1 [109.6102536916733, 76.54787375765045, 224.269460850605, 233.1256648021439]
269 1 [111.1873100996018, 75.44074501829346, 225.857749415165, 232.0131238308155]
270 1 [110.125183224678, 75.49265100421508, 225.1567925918197, 232.1783428068665]
271 4 [109.8978505879641, 74.04288591804107, 224.8724858623124, 230.9660883611565]
272 9 [109.5039660781622, 75.99680664004882, 224.3536378844327, 233.0438357529052]
273 9 [108.2612752765417, 74.28630794944365, 222.8996258825662, 231.5397444408045]
274 9 [109.3998582214117, 74.66944329800208, 223.8161462843543, 232.2297560556256]
275 9 [109.7222376912832, 79.73254745068152, 223.7873827292713, 237.2406159147892]
276 9 [107.9972108453512, 83.55210988583167, 222.1208462538247, 241.1607652386927]
277 9 [107.7143081873655, 85.24913733067115, 222.1385800320393, 242.8726299493354]
278 9 [107.6302004158497, 81.33136718334754, 221.9864561125687, 238.8529229411016]
279 9 [107.790744394064, 78.42742149891456, 222.244206916484, 235.8347912396006]
280 9 [104.9264234006405, 77.21810226502021, 219.2221145236672, 234.5040792214851]
281 9 [104.1222593486309, 80.76356034340461, 218.3954065337893, 237.7953396241962]
282 9 [103.7777197659016, 80.93779430152972, 218.1801755090627, 238.4084935786868]
283 9 [103.4685027897358, 80.58020159961779, 217.9731234679306, 238.1058654049314]
284 9 [101.8713845312595, 81.43420288326342, 216.3208247074132, 239.2947617941594]
285 9 [101.2982739508152, 84.86046192409594, 216.1153539403124, 243.0076119219401]
286 9 [100.9438127279282, 86.13914701702197, 216.1604521065491, 244.1159563050371]
287 9 [100.8567343428731, 89.70383498432238, 216.0621516823742, 247.3908996831197]
288 9 [99.46895677596331, 88.59618482353289, 215.0175190964904, 246.3887443303189]
289 9 [98.78538162261248, 93.53477344276507, 214.1479674357661, 251.0301753038144]
290 9 [97.88319654017687, 96.10721573593219, 213.2225392753158, 253.104511874661]
291 9 [97.95606172084808, 90.54808506729205, 213.1584711993254, 248.0441822787538]
292 9 [95.76842629909515, 84.89865050079425, 211.1959072727017, 242.695038689083]
293 9 [96.13410118222237, 82.05272612335284, 211.5814309474877, 239.9929411354349]
294 9 [96.13824634812772, 84.46598109962542, 211.6257712556362, 242.2664233784583]
295 9 [97.20652251504362, 84.98174474002917, 212.2973514707088, 242.9957042329912]
296 9 [96.40938656590879, 84.35302314521869, 211.3346021773215, 242.1051953114589]
297 9 [97.35214208625257, 81.30703530075152, 212.0832341289255, 238.9249709542584]
298 9 [97.26558689586818, 85.98299441101153, 212.300204636229, 243.6930927879992]
299 9 [96.25098757259548, 83.45282683136065, 211.2610174256622, 241.1242248545328]
300 9 [97.11954371444881, 82.45765945674975, 211.6096761997515, 240.2562626331157]
301 9 [96.74166540615261, 84.20461890461047, 210.9850102646792, 241.7526986024962]
302 9 [97.66435544006527, 88.07248065235217, 211.7205840436137, 245.6250893707676]
303 9 [97.15946183912456, 92.33299872638781, 211.2390833133977, 250.173864153916]
304 9 [96.46588085405529, 88.69141599895556, 210.1728264490127, 246.9503838294968]
305 9 [96.30378329567611, 88.45076434673865, 210.1406315352811, 246.8248066708775]
306 9 [97.82103538326919, 88.66615276398261, 211.5895296496335, 246.8478697993966]
307 9 [96.9569686036557, 87.10075848164161, 210.2393563865069, 245.4728073837944]
308 9 [96.98394627682865, 88.5706733948191, 210.2056771366321, 247.0447869556897]
309 9 [97.88940866105259, 88.543653923889, 210.7675274080521, 247.4266657988182]
310 9 [98.90759689919651, 86.9859773701628, 211.7521291754299, 246.2602215423002]
311 9 [98.10564513318241, 87.99132843675216, 210.7691873986089, 247.4318819429716]
312 9 [98.59195007197559, 86.7992828673323, 211.1087352508373, 245.7566327670245]
313 9 [99.90424836985767, 85.36822243394454, 212.0668731342263, 244.558584272073]
314 9 [98.73552609793842, 85.03892232837279, 211.3373856875205, 244.3912432587649]
315 9 [98.76466335356236, 86.3131617492636, 211.394956618845, 245.4735450886989]
316 9 [97.65725840628147, 81.66357507171233, 210.2077920013461, 240.8969070324375]
317 9 [98.63240166008472, 81.93571226658423, 211.0416764378429, 240.9731450002961]
318 9 [97.86446572840214, 81.75476159514983, 210.4699258779849, 241.10611057589]
319 9 [98.65339536964893, 80.85647680224975, 211.1659604546933, 240.2639298485647]
320 9 [98.52020165324211, 80.48284723224242, 211.1254893522059, 240.3519902728862]
321 9 [99.26143845915794, 79.69773139419158, 211.80451311375, 239.6103463921587]
322 9 [100.1891719996929, 79.47540955605109, 212.6730292737742, 239.6489187328719]
323 9 [100.1996899629012, 79.18022992076476, 212.633066059918, 239.4304483750987]
324 9 [99.96142239216715, 78.29676129283507, 212.3721677995228, 238.9349532635007]
325 9 [100.1572861010209, 78.44958065809806, 212.7665508716708, 238.8803519160873]
326 1 [98.68721395079047, 76.55761705698569, 211.5111822750413, 237.290812761161]
327 1 [100.7123179966584, 80.08540283503135, 213.2944987547483, 241.0400331536171]
328 1 [99.52461569849402, 80.84610371651252, 212.1157909425792, 241.6244481323801]
329 1 [99.70322642568499, 80.71720262231429, 212.2368102276682, 241.5905724654861]
330 1 [98.74175963643938, 80.67344964282711, 211.0188009805705, 241.6143876448518]
331 1 [99.62672571185976, 81.86648071544369, 212.0267982639583, 242.9962336684607]
332 1 [98.91420070175082, 81.92988727973898, 211.1394396495927, 242.4117285854906]
333 1 [95.88655988220125, 81.90801969716449, 208.0659673887437, 242.3255372409116]
334 1 [94.9819727325812, 82.80397925326724, 207.2545972937664, 243.2974824503231]
335 1 [93.88909451011568, 81.5007810349216, 206.1000162591133, 242.2358815603438]
336 1 [94.98379842285067, 81.85494912216564, 207.2988136182214, 242.3156802061186]
337 1 [93.39254442695528, 85.40669048378368, 206.1073004651001, 245.6568457675922]
338 1 [93.18660845700651, 84.22150946209331, 206.0084694447707, 244.2247367984378]
339 1 [92.67476459685713, 84.33543325016399, 205.8821667074679, 243.4171025644756]
340 1 [91.80781152192503, 85.08784616539379, 205.0776211001424, 243.8469176152924]
341 1 [91.88942957762629, 83.20581055233379, 205.0593596768552, 241.6590382968047]
342 1 [88.35207963827997, 83.55490977117916, 201.672788295938, 242.2699753093485]
343 1 [87.58367318753153, 84.49511367628475, 201.1445877192125, 242.6117354157329]
344 1 [85.36453981045634, 81.26823384115596, 198.8312676390336, 239.362235457735]
345 1 [82.73205251339823, 80.51626402685542, 196.171758242369, 238.9427797777285]
346 9 [80.0075404131785, 85.27056700537105, 193.6964595609368, 243.6202134730224]
347 9 [78.38062638882548, 84.83121029088397, 192.1586923493669, 243.2922158282205]
348 9 [76.07997913006693, 84.97211054513355, 190.2409230768016, 243.7894016731407]
349 9 [75.88820172194392, 84.01898077676196, 190.1192118823395, 242.2268511893001]
350 9 [75.09047991875559, 77.65139416406055, 189.5009001658648, 235.7633583212318]
351 9 [75.2232001805678, 73.31135348031421, 189.6711527129015, 231.5604794847965]
352 9 [79.73692832235247, 72.90590021560092, 194.115947554698, 230.8981848850054]
353 9 [84.07546029333025, 71.49891052195926, 198.4449669955684, 229.8198966841657]
354 9 [87.04692778829485, 74.08643612811466, 201.6636363689677, 232.2205541717534]
355 1 [85.13546393159777, 76.86992773959537, 199.9836240510658, 235.0287889977763]
356 8 [83.64835605863482, 75.36498961398502, 198.4697185905645, 233.2035503855379]
357 8 [82.52540681604296, 81.02759680697818, 197.3730554500013, 238.7026342810563]
358 8 [80.39493510965258, 80.92384861210485, 195.0629688608323, 238.9051570767516]
359 8 [83.71781966928393, 80.9393885870104, 198.3596516416288, 238.7685773797529]
360 8 [87.27800963167101, 78.16744024945547, 201.85449172106, 235.8094248864988]
361 8 [84.71144960168749, 77.46563525391866, 198.997549142947, 234.992441229208]
362 8 [80.43737170938402, 76.09614379597952, 194.5553546025979, 233.8362498099279]
363 1 [82.10682938341051, 75.03485067082693, 196.4774966109155, 232.7273534594901]
364 1 [87.13608143571764, 74.11858267976095, 201.2730595698369, 231.9100617274683]
365 1 [91.03294608835131, 71.77491064263631, 204.6760701196656, 229.2777380499373]
366 1 [95.21537730935961, 68.73388810349752, 208.876252933646, 226.0134153889208]
367 1 [99.49456975702196, 71.77860970689108, 213.4871430248868, 228.8827750301853]
368 1 [104.1370954299346, 69.52797479821493, 218.2158874177823, 226.3183997043512]
369 1 [109.4317588591948, 70.31090892745306, 223.6053162355539, 226.5596818037576]
370 1 [109.562032901682, 72.01331640673925, 223.6201120543017, 227.8969980548752]
371 1 [111.0247103804722, 73.17409111453344, 225.0836906343637, 228.6504407312027]
372 1 [109.2010155552998, 78.28576923800756, 223.4874424096583, 233.8818830715429]
373 1 [107.4808380240575, 84.2443025250559, 221.4022857425661, 240.1898874517289]
374 1 [102.6226331824437, 84.53760917378713, 216.9406723183143, 239.8262849341326]
375 1 [100.4854716891423, 83.20645840359975, 214.8918616881431, 238.2160725814118]
376 1 [101.606002532877, 84.00768561555196, 215.8901288032647, 238.7902810791142]
377 1 [100.7018121117726, 85.44961364461233, 214.9443400412907, 239.6957569636081]
378 1 [100.4318175250664, 84.46733112527181, 214.7563658623457, 238.710047394]
379 9 [99.55661665741354, 88.63557453347494, 213.9165107877331, 242.7674010607501]
380 9 [101.1347320014611, 86.81336600972463, 215.6961126698678, 240.8860099474144]
381 9 [100.3623670274392, 90.22051127148916, 214.6125439627078, 244.1101950373329]
382 9 [103.2069054776803, 95.22140820218374, 217.3230260126046, 249.0187760481956]
383 9 [99.66342627350241, 93.16780026150991, 213.5202206000872, 246.9793548447503]
384 9 [99.65214859042317, 97.36462528897573, 213.7532969558527, 250.9114147706168]
385 9 [98.86670397315174, 99.47345502568533, 212.9727057844639, 252.9878140763913]
386 9 [97.42864118609577, 98.09182639313985, 211.355911115962, 251.8121937023652]
387 9 [97.06742774043232, 97.08213277055074, 211.0265677607042, 250.8898713427131]
388 9 [99.84224234614521, 98.38419468594839, 213.8917334506864, 251.8731244890532]
389 9 [99.26499836239964, 97.1620140810137, 213.014983986895, 250.7640424312824]
390 9 [99.95921586547047, 94.60120732976247, 213.902810689261, 247.7004333555958]
391 9 [97.68310998473316, 96.02596290303518, 211.5543744562438, 249.2522658025211]
392 9 [98.55461697373539, 90.74655873967458, 212.1783711364909, 243.848262138226]
393 9 [101.9328895071521, 86.91707689954092, 215.7150903287447, 239.9527096464188]
394 9 [104.1449330309406, 83.99730260564138, 218.0790214707122, 237.0744122836714]
395 9 [106.5126710394397, 87.8890169401293, 220.5088910705376, 241.0782954439653]
396 9 [106.133598134853, 93.69397146893789, 220.3814047271312, 246.9497300024728]
397 9 [107.5984412888065, 88.9042266149645, 222.0255018141004, 242.3965452508771]
398 1 [109.1582611063495, 82.04716189099599, 223.4853622953903, 235.7368240004366]
399 1 [108.520659849979, 79.1052387495165, 222.6885958035491, 232.8535118842794]
400 1 [106.5577316740528, 83.0743082304125, 220.9618812238629, 236.7660459546839]
401 1 [107.5264196852222, 84.13146288586904, 221.5474352596676, 237.7685420081692]
402 1 [113.1115093687549, 82.33762128545095, 226.9902108165575, 235.8556259776133]
403 8 [111.0511088827625, 84.75891907407095, 224.7966562774284, 238.8617711231531]
404 8 [105.7866840818897, 84.07799465848257, 219.1117996640514, 238.0064570859859]
405 8 [104.700832770206, 82.54901333047201, 217.9888246383536, 235.8675172068689]
406 8 [103.565825031139, 84.19228894902517, 216.8364446079798, 237.7034038784816]
407 8 [105.5791151979938, 84.74589891625692, 218.9022960507306, 238.0845811244013]
408 1 [109.04397301469, 82.09910888863851, 222.6557944766757, 235.2022516583617]
409 9 [104.3684201696888, 79.98062010003378, 218.0626573174305, 232.9277664308954]
410 9 [100.2921600798145, 76.91283698273946, 214.0054996397187, 229.7255441503457]
411 4 [99.62922214064747, 75.78478570176412, 213.7261282975559, 229.4040645147534]
412 4 [97.97604929003865, 71.25866170121481, 212.3883537183062, 224.7238698329161]
413 4 [97.45280854497105, 70.98069877816488, 211.3757374462562, 224.7370193224575]
414 1 [95.53189449105412, 69.9754769344454, 209.2705732009526, 224.1807429250057]
415 1 [95.69408708903939, 69.89356624229004, 209.1901409386973, 224.227648453047]
416 1 [96.18937531206757, 74.61859428031494, 209.8090420145575, 228.9410540910728]
417 1 [95.40401825401932, 70.24231111152221, 208.8102113158286, 224.3354411822352]
418 1 [95.43513817619532, 70.85994540793945, 208.7175207966496, 224.626916283901]
419 1 [95.17927445005626, 71.06993725044777, 208.5982531224173, 224.7244826794218]
420 1 [93.93096066545695, 76.33619358284523, 207.3053228361812, 230.0473237578103]
421 1 [95.03354359697551, 80.90020706398536, 208.4871723783592, 235.1706529903769]
422 1 [95.67375809978694, 81.89248671276619, 208.8169987137344, 236.0083236798453]
423 1 [94.22932596039027, 82.73635341866066, 207.5803482201168, 237.315572199593]
424 1 [93.6015910608694, 84.95686986191322, 207.1045243908454, 239.6179895282789]
425 1 [93.81275297235698, 83.99165876848747, 207.2821440927644, 239.0541887342476]
426 8 [94.963308702223, 86.03052648050834, 208.2113197222696, 240.8826363199475]
427 1 [93.82900942396373, 84.62414499266197, 207.0194483105302, 239.4690198898247]
428 1 [93.68046694528312, 83.125948271585, 207.0587226741857, 238.2357200795999]
429 1 [93.70009508822113, 81.75632115347435, 207.1948087291217, 237.0749998453698]
430 1 [92.92753794882447, 83.62726291163017, 206.614899254505, 239.0855281292461]
431 1 [93.34427216742188, 82.74082722408821, 207.0885796757073, 238.5119903406888]
432 1 [93.67710957024247, 81.77853669865181, 207.3735262082301, 238.1449443649737]
433 1 [91.26730808708817, 81.45818217737724, 205.024912396932, 238.2699196220829]
434 1 [91.53922933433205, 81.67447031183292, 205.2282022479627, 238.4718087207226]
435 5 [94.42186540458351, 80.2119758193021, 207.8025961779997, 237.0015929826698]
436 5 [93.0612435946241, 80.75785864038517, 206.6281203182737, 237.7668093680653]
437 5 [93.49244567845017, 80.2971746389394, 207.2956608725907, 237.6414435160755]
438 5 [93.36519163940102, 80.23475184930612, 207.3791904842252, 237.7801834454673]
439 5 [92.95303818676621, 81.31560209287454, 207.0523896685265, 238.8797694978114]
440 5 [91.84095558617264, 80.14185514940073, 206.0306355103629, 237.5860540246315]
441 5 [92.72193148825318, 80.88067015899469, 206.977426323946, 238.4239035809309]
442 5 [93.57457432243973, 76.70891961349298, 207.6264385501916, 233.9323192856205]
443 5 [90.81171998474747, 71.78643044723322, 204.755656590086, 228.8505561913472]
444 5 [86.71961888764054, 74.52503093971063, 200.1209934229053, 231.5403594165991]
445 5 [79.75607547257096, 76.27939399970819, 193.3680866258698, 233.29096067386]
446 5 [75.8960998961702, 75.96618613494684, 189.4318479231771, 233.3407758104906]
447 7 [80.00490602944046, 80.22215613616754, 193.4395736225901, 237.8302873713834]
448 7 [83.76687345001847, 82.60341676963617, 197.0000965496426, 240.2015231873102]
449 7 [85.20724436733872, 81.92040499938776, 198.6902566151559, 239.7936318783168]
450 7 [86.24845895264298, 81.76128896964838, 199.781195007548, 239.6036812241506]
451 7 [86.07312150392681, 81.93204241884996, 199.6136133334709, 239.8470824780089]
452 7 [91.34618325624615, 82.26675981177141, 204.8688076208554, 240.0628304011367]
453 7 [92.19841803703457, 80.9249276508217, 205.6328799147061, 239.1126014356578]
454 7 [91.09731866512448, 83.11747831000139, 204.4639894553758, 241.4514737935157]
455 7 [90.59374161157757, 81.20495825899889, 203.7831856779535, 239.3946698576881]
456 7 [90.46322201285511, 82.33359104288866, 203.5785615797627, 240.2813632971051]
457 7 [92.49814938101918, 84.92349964274217, 205.8861739983232, 243.3412989401482]
458 7 [91.58711473736912, 84.79640199137975, 204.8215532978417, 243.6281853780024]
459 7 [90.69716803822666, 83.09775413466741, 203.7909155144466, 242.0874446108207]
460 7 [89.12983314786106, 83.35691316319753, 201.8839244161395, 242.6314964442546]
461 7 [86.43623559270054, 83.35932391822462, 199.0275384817762, 242.664740321376]
462 7 [85.44545345101506, 81.69992738902693, 197.9966537351068, 241.0815475972365]
463 7 [87.06200008187443, 81.88324393272524, 199.9772652347874, 242.17191960693]
464 7 [86.43568556103855, 84.37022365570192, 199.2338297295723, 244.6262442328008]
465 7 [86.2607351699844, 84.36778572421645, 199.1519440722219, 244.18098024175]
466 7 [86.94627638254315, 86.44803503375624, 199.8480101170903, 246.3467494659164]
467 7 [86.04262437019497, 89.05632999759291, 198.9365709125887, 248.3994693921437]
468 7 [85.17193634901196, 93.06743934970473, 198.3205608731368, 252.4787080607157]
469 7 [86.23677177820355, 93.24263039451216, 199.1168556365342, 252.7263225739842]
470 7 [87.36012478265911, 96.03149810653304, 199.9513434540555, 255.5374812065882]
471 7 [86.73738016281277, 96.26924824934577, 199.5895918556867, 255.7776566183988]
472 7 [86.18729318771511, 96.15767292153214, 198.9565761145204, 255.736407395523]
473 7 [86.73159273061901, 96.52347509037827, 199.6341405894299, 255.6861917551593]
474 7 [86.77794894296676, 96.79399130713318, 199.8635763759752, 255.9981016474941]
475 7 [86.35815405566245, 96.58283250998829, 199.2986923689072, 255.9364028431168]
476 7 [87.0153133245185, 96.13127511214589, 200.0796529437818, 255.044412044197]
477 7 [86.79667572397739, 96.29548464190339, 199.7721820862342, 254.9676681449017]
478 7 [84.87279204744846, 96.5965911246476, 197.7379711820283, 254.5846995467521]
479 7 [86.76081232447177, 96.80337438952302, 199.6082052135394, 254.3252574027158]
480 7 [86.54752501565963, 99.28014574419831, 199.2392643278553, 256.597682024855]
481 7 [85.39796492177993, 98.62646911513184, 198.128189310312, 255.6231763348133]
482 7 [86.79827007371932, 98.24763129126404, 199.3397782852791, 254.9775633935657]
483 7 [86.02298208791763, 96.20885990034913, 198.6960043296796, 252.9803216302902]
484 7 [86.27478551585227, 96.13791179876898, 199.0275997740628, 252.8639651127353]
485 7 [86.46182989794761, 96.02040297757958, 199.1875951141248, 252.63284874895]
486 7 [84.1499905558303, 96.41167987357949, 197.3320385582563, 252.6361715437217]
487 7 [84.42177408654243, 96.08499316346024, 197.5886376264942, 252.3740562722402]
488 7 [85.20584660489112, 97.06180695664261, 198.0204783594205, 253.5587717758601]
489 7 [84.59239101130515, 96.23616854321335, 197.7791618873537, 252.7642119272335]
490 7 [86.12958061415702, 95.12862567078446, 199.5214340763559, 251.6185181056946]
491 7 [86.06338040996343, 96.09474424492692, 199.4106520145846, 252.3608690418297]
492 7 [86.26111305225641, 96.3911859191594, 199.4191751824064, 252.6914092788742]
493 7 [84.24084461200982, 91.78740803372239, 197.3390087317047, 248.4857309582625]
494 7 [85.70001399982721, 88.20674626004075, 198.9183654435328, 244.7528163904197]
495 7 [83.53652465809137, 88.75277773510788, 196.4910491570081, 245.2719920834031]
496 7 [86.28859341610223, 88.75166174709921, 199.5512208829088, 245.3152428330492]
497 7 [86.30872784834355, 88.75988337431227, 199.3837488469487, 245.7372562016655]
498 7 [86.48593999724835, 88.85897885296618, 199.7635010231214, 246.0856997643972]
499 7 [85.54027940612286, 88.87919436056291, 198.9916659322638, 246.3417395874704]
500 7 [84.42535509448499, 88.63316209275399, 197.6960200542253, 246.4086787997121]
501 7 [86.10001661162823, 88.38534778017674, 199.3224930641942, 246.2396105123543]
502 7 [86.1812188802287, 86.98562878031407, 199.5774278807741, 245.1108877342858]
503 7 [86.62751461844891, 85.88251644034062, 199.7220122088231, 244.178383412154]
504 7 [87.51593019347638, 86.84354787726079, 200.2529910142599, 245.5353473713564]
505 7 [87.12899951916188, 86.69898762960111, 199.9855007513525, 245.186582467699]
506 7 [87.32270542066544, 87.91320374269162, 200.4534841977455, 246.4168673590305]
507 7 [86.55721739213914, 87.78196537155782, 199.4927001105494, 246.0652234288604]
508 7 [87.28184238355607, 86.93768471140538, 200.1253736721043, 246.0677268242161]
509 7 [87.44459618907422, 87.46261834759389, 200.4607957330117, 246.945590453039]
510 7 [86.17832280974835, 85.76788031716023, 199.1527330490598, 245.5711248422601]
511 7 [90.63182880263776, 84.42394864220296, 203.4989652823864, 244.2118082707858]
512 7 [87.83010198455304, 86.79098641533528, 200.6490991009425, 246.4356049341587]
513 7 [88.70198805909604, 91.17098462242757, 201.487573145952, 250.7826461947402]
514 7 [89.16838027816266, 92.07242375273381, 201.7915097830982, 251.8402402277129]
515 7 [88.8306354759261, 92.2252601649252, 201.5612846394133, 251.8683907508212]
516 7 [88.9545767037198, 92.31233172524844, 201.7072164402682, 251.8611579483433]
517 7 [86.1240353314206, 92.89197896827136, 199.0713621239614, 251.9932796814391]
518 7 [86.22066941391677, 92.07845203984653, 199.226878670436, 250.6564181885506]
519 7 [86.23723293934017, 90.82315330613528, 199.2824541202238, 248.8330136042754]
520 7 [86.7544679204002, 86.41487674821292, 199.8520398071161, 244.2208041049461]
521 7 [86.11431355867535, 85.3749747763959, 199.4220845231591, 243.1121592872557]
522 7 [86.2100597107783, 83.6810449849454, 199.4151084436876, 241.388034845549]
523 7 [85.5151481712237, 85.17544369805728, 198.8808151125658, 243.1390940482935]
524 7 [84.58716840390116, 85.15017040666317, 197.5397558682188, 243.513277065781]
525 7 [85.36963362339884, 85.08918540772174, 198.5587508280605, 243.4735779589906]
526 7 [84.43109942320734, 85.31499532457565, 197.5847522770875, 243.4839585154147]
527 7 [83.58488846663386, 83.46407202478622, 196.7246140665113, 241.73546006954]
528 7 [81.54149890784174, 83.3821054830787, 194.5208189285232, 241.5069258612424]
529 7 [82.40012855175883, 83.90438921596979, 195.2371957449313, 242.2832202080596]
530 7 [81.54117650631815, 83.98407230373596, 194.2373168123915, 242.0883551084085]
531 7 [79.34859366063029, 83.50754032131408, 192.2469476157707, 242.0989523241357]
532 7 [78.51099563483149, 83.69579794105266, 191.10076784668, 242.1630878137976]
533 7 [78.64472072664648, 83.9656099885342, 191.6109184874498, 242.9744831488276]
534 7 [78.74706165585667, 82.4910051434872, 191.6671866525974, 241.5323311184207]
535 7 [82.53046672139317, 83.87022849019741, 195.533214410357, 242.7350914259637]
536 7 [81.12359015736729, 83.90752488594626, 194.3781704696011, 242.8624053425941]
537 7 [81.48233772907406, 83.9957238383231, 194.6271071898223, 243.049608207045]
538 7 [81.6571276942268, 83.91855558227871, 194.5910007939909, 243.0235527776064]
539 7 [79.84881170187146, 83.58724140595768, 192.6206180406175, 242.3466625456574]
540 7 [81.79002697858959, 82.93779843520497, 194.6134148484986, 242.0147941341441]
541 7 [81.81447898689657, 83.57845431041096, 194.6664414760018, 242.6078843330809]
542 7 [78.55712615791708, 85.31501835059498, 191.6014718934584, 244.6093792847036]
543 7 [79.44200801197439, 85.98155527781819, 192.1407325950777, 245.3153122620874]
544 7 [79.31325393263251, 86.41989835571621, 192.0894541800121, 245.9566197186863]
545 7 [78.44706379715353, 87.11086740564679, 191.2407243818866, 246.3937385916615]
546 7 [79.75762783829123, 89.11963596414898, 192.7157025467515, 248.4070480369022]
547 7 [79.99101861659437, 87.22469248842572, 192.8391371548426, 246.8187266821959]
548 7 [79.71146994177252, 87.28223713707303, 192.4607748917229, 246.4580904354388]
549 7 [79.52347234729677, 87.89322038959836, 192.4442415337123, 246.5202671049801]
550 7 [78.97443208936602, 89.10033162903164, 191.898926344821, 247.6433332742704]
551 7 [78.60927391890436, 91.07979973625515, 191.5197933241066, 249.7737232976552]
552 7 [81.80539441946894, 95.02234896492337, 194.6280162784516, 253.2106141595428]
553 7 [78.59862805251032, 91.60789998840664, 191.2849246345209, 249.9314118941301]
554 7 [78.51045057270676, 90.36857863735531, 190.7944347394641, 248.9224351856517]
555 7 [78.10049361083657, 89.12365123104428, 190.2371401691556, 247.7052539867039]
556 7 [77.52145046088845, 89.10650739479934, 189.8282215794728, 247.8304888611191]
557 7 [77.06157824490219, 90.69979331303512, 189.3385823021877, 248.8424760141757]
558 7 [77.09587759990245, 90.15256855297957, 189.1743572062489, 247.925069108074]
559 7 [77.85943282861263, 88.08479735661422, 190.2404765882095, 245.3126115334601]
560 7 [77.06783462781459, 89.48275301266585, 189.237063400281, 246.9992106046958]
561 7 [77.60002185124904, 89.74397617984687, 190.2115829040454, 246.9328203449715]
562 7 [77.2425496103242, 90.25687545944129, 189.8781259394944, 246.834371606907]
563 7 [77.41318379063159, 90.00324675846969, 190.028445705257, 246.4063917953658]
564 7 [77.87805215734989, 90.41810179162894, 190.4059028444377, 246.7919667249259]
565 7 [77.09076265711337, 91.3322965543357, 189.7099015419659, 247.8428534022724]
566 7 [77.25696217734367, 91.10623328793918, 189.5541222093874, 247.4578308987043]
567 7 [77.34023288358003, 91.2633503269044, 189.8094168039547, 247.9556020622912]
568 7 [78.91079703439027, 92.21085937727366, 191.0730544453961, 248.7562262916973]
569 7 [81.18845811951906, 89.5371540378419, 192.9913175293768, 246.0067314486456]
570 7 [81.68546766508371, 94.40796502340709, 193.4240229491891, 250.9012522976544]
571 7 [81.02269131410867, 95.1498574208108, 192.6028876130328, 251.85237952099]
572 7 [79.50462061632425, 94.18452318418895, 190.9443439765041, 250.7471920220883]
573 7 [79.0658226357773, 95.40564187277232, 190.4641341985561, 251.8569536994043]
574 7 [78.4411608921364, 95.57919997383033, 189.642394799154, 251.9344496517319]
575 7 [80.27407822478563, 96.3069453280059, 191.7777160513612, 252.1133820047157]
576 7 [80.54875976312906, 96.39803199131166, 191.9828329960106, 251.8341027675776]
577 7 [79.28831130731851, 97.32029746133958, 191.0171698428296, 252.489663960364]
578 7 [79.3453678349033, 97.24730750579511, 190.8735383867786, 252.2250699583639]
579 7 [80.048838541843, 96.00517281551038, 191.715129828203, 250.9014812398914]
580 7 [80.52613072190434, 97.74045928973828, 191.8732501292906, 252.8201550760726]
581 7 [79.53079484496266, 97.14766809005414, 190.9321830071756, 251.8235186361987]
582 7 [80.27356635127217, 96.41827639598523, 191.8447807673816, 250.972528291969]
583 7 [80.08827470336109, 96.03134858269368, 191.2411643650557, 250.4218982626981]
584 7 [78.34752582106739, 97.34128522534047, 189.4545839076566, 251.4004485732922]
585 7 [79.3609523633495, 95.24959945339833, 190.2489626289217, 249.0646274569408]
586 7 [77.88062141928822, 96.79462813992177, 188.974485153534, 250.9335013542602]
587 7 [73.17547176871449, 94.55430388111745, 184.5024367227738, 248.830293435634]
588 7 [71.43922291789204, 93.57590818066274, 183.2446053352646, 247.9594778367021]
589 7 [69.79553054366261, 92.2639059986559, 181.8478777882365, 246.8416955433766]
590 7 [72.11630128417164, 90.80776929516469, 184.1645745272681, 245.7933296206188]
591 7 [66.83030103240162, 94.81584357876454, 178.9266860071493, 249.4987823812917]
592 7 [71.01799224410206, 94.2040887441126, 183.3117016434984, 249.2055808965842]
593 7 [75.42826913390309, 92.64303022284184, 187.4195741353044, 247.03265220035]
594 7 [79.8855569222942, 95.39389377493535, 191.7545605200708, 249.8441637494847]
595 7 [84.17042659316212, 96.50899821180974, 196.1608541060437, 251.1436512673075]
596 7 [89.79108499083668, 97.05957126278554, 201.7292194981741, 251.224199337738]
597 7 [90.05602155718952, 97.50770645994817, 201.931302608183, 252.0570835221274]
598 7 [91.13653408084065, 97.23160016197835, 202.8624758241451, 251.6122250862146]
599 7 [92.06791322026402, 97.93559026379262, 203.7569035979968, 252.0841311336076]
600 7 [94.09601347241551, 97.31569271940862, 205.8127391568435, 251.3205651306464]
601 7 [99.87479154858738, 99.07560926336919, 211.6990932327163, 252.9309139831071]
602 1 [102.4758152225986, 96.74902563948308, 214.078556405514, 250.4240094705077]
603 8 [97.89051286969334, 99.59533768553411, 209.9149478661826, 253.2592832669627]
604 8 [97.94401082862169, 93.79531937498723, 209.8066660588373, 247.2322741038165]
605 8 [97.91884824167937, 97.27933174032842, 209.832046834321, 250.8264533848452]
606 8 [96.33945437800139, 99.5781760777918, 207.997653077614, 253.1274459762263]
607 8 [96.76119654905051, 101.0989398326365, 208.4124163877357, 254.7801233633763]
608 8 [96.87084542494267, 101.0240457918135, 208.2971257907105, 254.0413674007801]
609 8 [97.98855684977025, 101.5242487456289, 209.4988060570442, 254.8735751180105]
610 8 [96.04455255251378, 108.1141869093863, 207.4021463468982, 261.2923637770779]
611 1 [101.4541647313163, 104.0613404776541, 212.7054983076483, 257.3579208838542]
612 1 [103.9456980107352, 99.90152659673368, 215.133521914901, 253.4530698999725]
613 1 [105.70081828814, 95.91137495298062, 217.1147287232392, 249.3991950221882]
614 4 [106.8317961571738, 93.69864740628873, 218.2978714316319, 247.4008377910597]
615 4 [106.0219983337447, 92.81030794639264, 217.5593472574287, 247.0777368063178]
616 4 [104.3754910705611, 93.86905130405103, 216.025485360531, 248.1487216167616]
617 4 [106.3873938797042, 93.66719419915353, 218.1132516238018, 248.0954588329598]
618 4 [107.7497531650588, 91.85032744366799, 219.4402243397732, 246.223219721127]
619 4 [106.5047575710341, 89.61690707165872, 218.4863217087099, 244.1906049766723]
620 4 [112.3848616359755, 89.19899035651361, 224.3602801946074, 243.8910622780012]
621 4 [116.5988098857924, 87.490697395393, 228.5689006727096, 242.248223726951]
622 4 [120.5045239208266, 88.87470914084588, 232.2067349368496, 243.1944258529481]
623 4 [123.9129757164046, 87.8424401398388, 235.8127255245481, 242.6654373414231]
624 4 [124.4567173002288, 87.83283830095206, 236.3584867618219, 243.084502720667]
625 9 [119.1119187353179, 86.65461373735343, 231.2029957131736, 241.7714223954914]
626 9 [114.1091940877959, 86.73862199146424, 226.0644800674778, 242.2010336676224]
627 9 [109.3244398115203, 85.6658503230301, 221.2965041190503, 241.1518350881065]
628 9 [105.5401733396575, 87.32566050846253, 217.3707108712758, 242.9574841430456]
629 9 [101.5199344633147, 86.93227339942132, 213.4498772445393, 242.2156533977061]
630 9 [103.2526613948867, 86.55471424419557, 214.8036358094549, 241.9819490936457]
631 9 [103.5952487168834, 87.04712254960214, 215.1686381632527, 242.8292165133862]
632 9 [102.9352503595874, 87.0649176057068, 214.242075521233, 242.7991403794526]
633 9 [101.745114046149, 87.04565755125259, 213.151354852716, 242.4221473528315]
634 9 [103.0600747643039, 87.5436418711779, 214.4158264183053, 242.7439432962896]
635 9 [103.3025626121089, 86.62063480015968, 214.8592647714692, 242.351467861605]
636 9 [102.229817408137, 86.50373129394029, 213.9265269008041, 242.5403467630869]
637 9 [101.9283768413588, 85.02220408465837, 213.7869190920125, 240.89670584133]
638 9 [100.3586229560897, 87.13252012279008, 212.3543803634696, 243.0336472791235]
639 9 [101.2708122013137, 86.02819041755174, 213.572549845281, 241.6643149648088]
640 9 [100.9751514969394, 87.14010469462846, 213.3693437013131, 242.4839717958169]
641 9 [99.66809602361172, 87.68380968120073, 212.0038186997898, 242.6360608335475]
642 9 [99.51785847824067, 87.73600138943766, 212.0709859105647, 242.7779574061697]
643 9 [98.80600056331605, 84.72794832509135, 211.2083900783189, 239.3500358551406]
644 9 [100.1946055619046, 87.27449740689372, 212.5680856872935, 241.6599715670478]
645 9 [99.90765264909715, 87.80475200932597, 212.201817104361, 242.219326638851]
646 9 [100.1877508489415, 87.01468588631724, 212.0947424327639, 241.6665029486926]
647 9 [100.6250768629834, 87.30406449955081, 212.1352414161213, 242.1519138359035]
648 9 [100.9832510678098, 87.55206915956114, 212.5812863260103, 242.2609290576308]
649 9 [100.478818568401, 85.27871391397093, 212.1073634072635, 239.6847366316094]
650 9 [102.6233395664021, 86.01647624593352, 214.1828527223498, 239.9776406644038]
651 9 [101.8023572294042, 86.59602222066496, 213.2817557839622, 239.9068794003382]
652 9 [101.5232747523114, 87.35337695699309, 213.0686285823779, 240.2294969180248]
653 9 [101.8491037813947, 86.75268271785353, 213.3329495435833, 239.3314706394751]
654 9 [101.8990114359185, 85.78593138080214, 213.423253427424, 238.1441185920188]
655 9 [101.5599648682401, 86.0032932333288, 213.3668052206951, 238.4925479972428]
656 9 [101.6946750460193, 87.08586605113123, 213.7557190866204, 239.1485581658709]
657 9 [101.918980541639, 87.50413821857546, 213.9648978399313, 239.4514821406975]
658 9 [101.847715000622, 87.01714398186778, 214.19002438434, 239.1274209468369]
659 9 [100.8310709996149, 87.18025209229563, 213.027636879449, 239.3501146865143]
660 9 [99.69015202950686, 87.75373299639796, 212.0967320139421, 240.1773605651415]
661 9 [100.8918791813776, 87.74234984196846, 213.6548961970012, 240.1557052069568]
662 9 [100.8786371434107, 87.88322880245869, 213.6671614110675, 240.5317720471455]
663 9 [101.7510065520182, 87.28931858517353, 214.3799441602197, 239.8225765337883]
664 9 [100.8650778615847, 85.09593775250141, 213.5039928832978, 237.9890893968887]
665 9 [101.9359608972445, 89.85428192593281, 214.8455254115743, 242.7581800199324]
666 9 [102.306154855527, 86.95494487263386, 215.205296551371, 240.0126968459254]
667 9 [101.1337980115786, 87.89119162537281, 213.9952651762177, 241.3664176491382]
668 9 [101.6368509018794, 87.63802021123593, 214.244333927159, 241.2897928134763]
669 9 [101.7370411837474, 86.41071444131558, 214.517713109256, 240.3029083544631]
670 9 [101.2218285286799, 86.61472701408093, 214.091227669725, 240.4661859301974]
671 9 [100.1265497887507, 85.87490987159436, 213.2065432810588, 240.0383375400411]
672 9 [99.95243007782847, 83.00932239867871, 212.9170477167926, 236.8343415180069]
673 9 [99.41900951508433, 85.79475807525341, 212.3837079962781, 239.4715778456304]
674 9 [98.32955641392618, 85.12820892907803, 211.426585474321, 239.0878677775595]
675 9 [96.17847175244242, 87.14127998925869, 209.31960591791, 241.0720069896084]
676 9 [98.1583531582728, 91.12782698251431, 211.4013501015818, 245.0240226527068]
677 4 [99.93491167668253, 92.48780339338009, 213.0102282433949, 246.4245858954322]
678 4 [97.92300195340067, 92.75617014743511, 211.0951683116672, 246.3962675518414]
679 4 [99.81195766571909, 92.4318813619775, 213.1070393967086, 246.1158229573714]
680 4 [96.70313651207835, 92.6484260348243, 209.6712548861759, 246.3454007975458]
681 4 [93.66646034363657, 89.49902842320626, 206.9961157198688, 243.6567229226468]
682 4 [90.00263673905283, 88.76946244515602, 203.0614204333905, 243.0394424615847]
683 4 [88.96764571312815, 90.82393775262062, 202.2594950755725, 245.1670452915263]
684 4 [88.87703935150057, 90.32217977322762, 202.1593544122019, 244.7487570529126]
685 4 [87.81718472484499, 91.90356145180886, 201.0004275502381, 246.6745082345011]
686 4 [83.11871079448611, 92.54488048829262, 196.4523168622818, 246.7626349169869]
687 4 [81.68997696880251, 92.88712252058213, 195.025691746789, 247.0803142136055]
688 4 [78.57483104709536, 89.97972334303086, 191.6869402727997, 244.348367693802]
689 4 [74.46717981342226, 86.55228293813889, 187.5783507491716, 241.148093569157]
690 4 [72.95758394245058, 81.9643408147258, 186.1884170390273, 236.9222895967728]
691 4 [75.79236868862063, 77.5360452023906, 189.2142644494986, 232.5917257306173]
692 4 [78.21173671726137, 80.2962921945018, 191.7968499067207, 235.1020592917845]
693 4 [83.29396823886782, 81.9861252395076, 196.6084649217897, 236.9386565013406]
694 4 [87.26348093990237, 81.64751280225937, 200.2024947190415, 236.5493441160768]
695 4 [90.33055356983095, 76.42249954618637, 202.9908826615749, 231.2227750602229]
696 4 [95.56441740039736, 75.33233679212754, 208.2581892050551, 229.6075205756103]
697 4 [100.7101798439398, 74.56585795559113, 213.3271805059545, 228.7571531629693]
698 4 [105.0034041786566, 78.76724536098664, 217.606554614186, 233.1693621375385]
699 4 [109.3272815132514, 80.55887705959503, 221.9489886250507, 234.9292273943042]
700 4 [112.3517504120246, 84.92106444515412, 225.048775903739, 239.4303678679082]
701 4 [118.5489573860541, 85.01872410752003, 231.3668367512233, 239.2515713636824]
702 1 [118.7199656302109, 85.15960934139912, 231.5564561558558, 238.9622791119545]
703 1 [118.1372283035889, 82.02974321819966, 231.2552962213172, 235.7576976979289]
704 1 [115.229594998993, 83.1621433732671, 228.3720863598589, 236.9773517679072]
705 1 [115.9250296885148, 78.16660227753346, 229.052710560077, 232.206195234367]
706 1 [116.9771755272523, 79.05124410368626, 230.1465627428146, 232.8497207330214]
707 1 [121.4969447189942, 76.28221448637669, 234.3881818412916, 229.8939925246897]
708 1 [122.3289087945595, 77.28803178049748, 235.0180840374833, 230.7251458376251]
709 1 [121.9282416338101, 75.53438445307438, 234.6128793111346, 228.615759914123]
710 1 [121.0319814914838, 74.57885655142491, 233.7597472923433, 227.740201151479]
711 1 [121.1889219069853, 71.32808598257725, 233.8273117162421, 224.1888150770612]
712 1 [116.5986971640959, 69.57426305987065, 229.3879309107552, 222.1839159220079]
713 1 [114.0401515746489, 74.09234234072392, 227.0510601810684, 226.2225430589847]
714 1 [114.1867306614295, 75.27463635183995, 227.2216643943272, 226.7218985684414]
715 1 [116.675277271308, 69.6019564507169, 229.5291906204819, 221.2423420871497]
716 1 [118.9059389019385, 68.40541061140721, 231.8250195244523, 220.2113005096331]
717 1 [117.4970033550635, 68.46473300956313, 230.5531304529661, 220.4919485878727]
718 1 [116.328575768508, 68.87415400646751, 229.3718986431724, 221.0591660095432]
719 1 [112.592185893096, 62.81087294720237, 225.4822957339453, 215.2689499246615]
720 1 [115.0330773973838, 59.08709851406638, 227.8140882502581, 211.8038652953777]
721 1 [114.3225199962035, 54.20346299313133, 227.2545847620314, 206.4344661464549]
722 1 [111.3671288276091, 58.13916436337058, 224.3334275317327, 210.4813935457011]
723 1 [111.6597784841433, 56.58030310772483, 224.6757939856198, 208.6642930925865]
724 1 [112.8297830903903, 56.07541016243522, 225.8567833284023, 207.8963616259521]
725 1 [110.3307637060061, 56.17073666058604, 223.4425120723504, 207.945271391047]
726 1 [110.2465714970604, 57.34927152596538, 223.4626284259059, 208.9348864236687]
727 1 [107.9106010952964, 57.49050803981845, 220.7515504632032, 209.3312167601341]
728 1 [110.0728148976341, 59.07339998088901, 222.9443451064376, 210.7718170303784]
729 1 [112.7662949124351, 61.11620589099948, 225.3005034627155, 212.7071811944777]
730 1 [112.6626700172201, 67.3754145701987, 225.2621683839356, 219.3201731927159]
731 1 [109.2584885368124, 67.92134435974185, 221.9054536667778, 219.6407095360541]
732 1 [110.4089396009222, 68.03104591123883, 222.9473080401994, 219.8389255188286]
733 1 [109.2515714177862, 73.44980954878156, 221.4337778910862, 225.0997256069731]
734 1 [109.2144110547379, 77.62997770063703, 221.2478306459244, 229.1863092999756]
735 1 [102.6303451405838, 78.75172447912519, 214.7062797246745, 229.8123760546046]
736 1 [102.5937373908237, 79.00998729221647, 214.9086056347232, 229.7365303589168]
737 1 [100.6307230265811, 81.08437961094205, 212.9928259643157, 231.913477299645]
738 1 [101.7795967133716, 81.01084141932552, 214.1243376347621, 231.598325577673]
739 1 [102.6610834272578, 81.71956234179561, 214.8679801909699, 231.9170346049172]
740 1 [102.2483152421191, 80.04498117171352, 214.5087770396615, 229.9745450413429]
741 1 [102.2919107163325, 81.65740184985225, 214.5773023723427, 231.6793279379777]
742 1 [100.8974911654368, 80.40498941145961, 213.2514336640904, 229.997560069358]
743 1 [102.4015258038417, 80.27254480622833, 214.8788513152281, 229.683190045596]
744 1 [100.4204662526026, 80.24253829695408, 212.8105905722631, 228.9814592481428]
745 1 [103.0922432625666, 81.02988167978947, 215.517021310406, 229.5609978899653]
746 1 [105.096391745843, 75.12317868448918, 217.1081071645776, 223.1754416812461]
747 1 [107.4270580494776, 77.03432210661595, 219.0880639190526, 224.6151512443622]
748 1 [103.8018885338679, 81.29633506514256, 215.5319964705748, 228.6250080491116]
749 1 [102.8452594960108, 84.01200922705357, 214.7925823864662, 230.9196727430289]
750 1 [104.2191022122279, 83.11191555239384, 216.2223463754755, 229.9692561868771]
751 1 [104.0228711301461, 83.23036038257305, 215.7699851678779, 229.9012356344391]
752 1 [107.2524791890755, 81.48875402785961, 218.9424967616712, 227.9198850209348]
753 1 [109.3220242196694, 82.79945384837811, 220.9119997611485, 229.4940823359345]
754 1 [108.0959200793877, 82.02121734000866, 219.9143128658743, 229.1262903999106]
755 1 [106.3832925492898, 82.20173747219269, 217.9009299676299, 229.1974609713393]
756 1 [104.4218014413491, 82.1447413092119, 215.8186939727934, 229.3789758723576]
757 1 [107.4676409894601, 82.33746969454114, 218.917539088035, 229.9104190533288]
758 1 [108.1630102330819, 78.56406986467664, 219.3514192055824, 225.8076656570872]
759 1 [107.6134389573708, 77.08562791101758, 218.8652855172661, 223.9097165627156]
760 1 [109.5924938851968, 77.12036050982897, 220.5337982124756, 223.9944773830927]
761 1 [109.7729152524844, 81.15025390811388, 220.713599778695, 228.1553091464717]
762 1 [107.231381543912, 83.22298587985461, 217.7081649221324, 229.9351586891462]
763 1 [106.5961216771975, 83.16226703800385, 216.9653933735726, 229.3634754829382]
764 1 [105.422911294736, 82.31011290229981, 215.7247132606998, 228.2022199934063]
765 2 [102.0481304014102, 81.98619473852341, 212.5653006401965, 227.8815354248033]
766 2 [103.077723630704, 80.92853523172562, 213.3504631667768, 226.7380077772975]
767 2 [100.6386116826907, 76.87845874704544, 211.2168458481963, 222.2167022982906]
768 2 [99.51167035941035, 73.86030174173538, 210.2599957539001, 219.0480307402275]
769 2 [101.1531570041552, 74.97149110712235, 211.8806065428931, 219.6908831066944]
770 2 [100.6824913704768, 75.40592921652024, 211.0494745832467, 219.8602739848633]
771 2 [100.6603246638551, 75.14359683670227, 210.9316999778062, 219.8396245235423]
772 2 [100.0273483702913, 75.01446239031975, 210.1978076688383, 219.7901812559005]
773 2 [100.4641734072939, 75.01050506891806, 210.5466635934847, 219.5878269436438]
774 2 [99.96250262949616, 75.13769974174102, 210.1157832938964, 219.4046162557621]
775 2 [101.5762514183298, 75.11001426713665, 211.7260006341616, 219.4682586165332]
776 2 [100.9232627460733, 75.36356506483753, 210.9731804704742, 219.3546886188597]
777 2 [101.3471111068502, 76.38545618193348, 211.1743522022064, 220.6046593142309]
778 2 [102.9969271430746, 80.37383613722523, 212.6658626801633, 224.8926831495562]
779 2 [105.0343340644613, 74.8923979772826, 214.6414742910824, 219.5621142227097]
780 2 [108.0002573737875, 78.86248097555836, 217.6550535261598, 223.6454722783247]
781 2 [108.3222379693762, 77.10245535509785, 217.837043442622, 222.3225342390978]
782 2 [107.5044683227316, 77.70077577965458, 216.9897668322865, 222.5784093466135]
783 2 [103.3210352668539, 77.00880370276173, 212.9585612144892, 221.480325284432]
784 2 [103.2506100172177, 78.67992482321461, 212.7735245979469, 222.8031147832331]
785 2 [100.8895379537717, 79.42685524361332, 210.2608880764654, 223.6172586738657]
786 2 [100.9834632063285, 79.80162114637096, 210.5654831189999, 223.5831485886744]
787 2 [101.6215308094397, 79.88116586195429, 211.3072641605707, 223.3456988972902]
788 1 [100.9321664953604, 78.63066875921686, 210.5306163975193, 222.2048227172011]
789 1 [100.2155926013365, 78.96667969213922, 210.1064066442654, 222.3101635368207]
790 1 [100.045936443843, 77.40931081758936, 210.0210148007813, 221.0200112895274]
791 1 [99.99993534851819, 77.76357442127664, 210.1485653466578, 221.6932342013036]
792 1 [99.96883312892169, 77.63867602484424, 210.1604738614402, 221.9161267649616]
793 1 [98.87464825343341, 77.82628149526317, 209.2796689761457, 222.099372148145]
794 1 [100.3314315481111, 78.95344240205486, 211.0218544698668, 223.3351047898351]
795 8 [101.5131335658953, 79.45554006831844, 212.2126735024104, 223.2605731982683]
796 1 [99.35632089804858, 79.19888914363582, 210.2097973830467, 223.2171836691884]
797 1 [101.7612991733477, 79.61229643957813, 212.5911846283018, 223.2652595327363]
798 1 [102.4486582083628, 79.92997423546512, 213.3857845814903, 224.0382272191013]
799 1 [103.0433116955683, 81.1864978446265, 214.1829512065195, 224.9839018958852]
800 1 [102.6544580860063, 81.02925384776791, 214.0765626708889, 224.91834141318]
801 1 [101.3037733240053, 82.87263358371456, 213.0873785991964, 227.1497615883159]
802 1 [104.93273750972, 82.56431729333599, 217.1074419572567, 227.3261527615557]
803 1 [102.7740372819826, 81.85109633939464, 215.2546146816977, 227.0366802054492]
804 1 [104.7767609758303, 80.57548934953411, 217.2061642490911, 225.6430214269481]
805 1 [106.4901515645906, 78.57022745149334, 219.0473123189425, 224.1572714612364]
806 1 [106.8547861380503, 76.44066030519207, 219.5749343321459, 222.2708028251565]
807 1 [106.5800665719435, 76.20124763982494, 219.4784943757076, 222.2110981225743]
808 1 [105.9890326960012, 76.50161761777599, 219.0563021182603, 222.6552210572638]
809 1 [106.9562899572775, 77.81366831796368, 220.1670891190071, 224.0230444171649]
810 1 [107.9328869683668, 77.90986988680561, 221.4347110864865, 224.2045021795597]
811 1 [108.7952733738348, 76.40373633043964, 222.7076111499172, 223.1970528776949]
812 1 [107.8721863729879, 78.70350597040851, 221.711956008802, 225.5226731813711]
813 1 [109.4930191738531, 77.50755546229084, 223.4005898266863, 223.7534872446166]
814 9 [111.1434444887564, 75.46034190790851, 225.0389622274703, 221.3634332238578]
815 9 [112.273133228533, 76.55524346964558, 226.1447143664951, 222.3431730111286]
816 9 [113.208956788294, 76.44485696392258, 227.0322247047355, 222.2234704669687]
817 9 [116.4341700775549, 76.28564073877533, 230.1607827925491, 222.1681537934418]
818 9 [117.4191202027723, 76.21212653057773, 231.1572131493561, 222.0300447684784]
819 9 [121.0225967271254, 76.53736601011951, 234.598301264965, 222.8234441880423]
820 9 [123.5422004563734, 75.45057819025715, 237.1215986607965, 222.4294523972471]
821 9 [126.9298888547346, 70.54073331492145, 240.5689190296893, 217.9258933843899]
822 9 [126.6855356199667, 70.25201002495487, 240.2880232290723, 218.0797918036661]
823 9 [129.2361864550039, 70.62623164789875, 242.7114293936983, 218.4515297983973]
824 9 [130.672467420809, 71.79999015467365, 243.8814441559912, 219.8950552074052]
825 9 [130.347235868685, 69.58242771761616, 243.5834336072658, 217.5901408531263]
826 9 [130.9363722903654, 69.79976079600056, 244.5561158528805, 217.4799565258153]
827 9 [133.6440460784361, 68.97310564654072, 246.9833565583926, 216.5125427127313]
828 9 [134.0254599852487, 69.31263632314403, 247.3650239287985, 216.8438583107727]
829 9 [134.101040664129, 68.31868625419338, 247.3507229992941, 215.4619450495296]
830 9 [136.3202720312402, 68.55059666173656, 249.4478001551422, 215.5340063509985]
831 9 [137.2893097428605, 69.68048924939831, 250.228072369452, 217.2754176280903]
832 9 [137.9813956050202, 69.087084956338, 250.977561186273, 216.7765412577294]
833 9 [140.7250763205811, 68.22888708846767, 253.8135092134244, 215.6512480216777]
834 9 [139.7223335532472, 66.00431919830044, 253.0044486157882, 213.2756574583131]
835 9 [138.9217301635072, 65.2967977597018, 252.3448512170051, 212.533041235575]
836 9 [140.9474900988862, 65.29257730521385, 254.2248210282651, 212.4594569585475]
837 9 [140.4062683610246, 66.64948956050102, 254.1280658075112, 213.6459784709172]
838 9 [140.8761103181168, 67.60281769313042, 254.4171213442706, 214.5800069112]
839 9 [140.88103452418, 69.36002663649742, 254.1187960119906, 216.1777607105611]
840 9 [144.0543235847727, 69.52964248634999, 257.4089179129107, 216.4083681393028]
841 9 [141.5426451275125, 69.82694637157147, 254.9367195281469, 216.7034048294288]
842 9 [142.433161825873, 69.9627164242429, 255.6994305548167, 216.7369196911428]
843 9 [145.0567952105776, 69.08009293057148, 258.8282984022219, 215.5103074853309]
844 9 [144.0692814299837, 68.1448818085355, 257.8706315942285, 214.5315451761558]
845 9 [144.1306422548369, 68.33985630549614, 257.6706664293644, 214.3287151178811]
846 9 [145.2131129102781, 68.03694439806168, 258.6953383408405, 213.8421528029577]
847 9 [144.1411879854277, 68.19152402259533, 257.3520706742945, 213.7447441144637]
848 9 [145.305521090515, 68.53616377093022, 258.5656159767729, 213.9364477617083]
849 9 [145.4018474863842, 68.35596268750851, 258.7502175517383, 213.4792138385911]
850 9 [141.0302091883496, 69.34916704274838, 254.5473105467237, 214.2118101079529]
851 9 [140.453821782954, 69.43879235662644, 254.1300712519786, 214.5789804236973]
852 9 [141.5944927977398, 70.41540915645783, 254.9934816922248, 215.8904054685609]
853 9 [140.8405499504879, 73.12931878246491, 254.6947239746231, 218.6576301589816]
854 9 [141.7510316418484, 71.14704174675171, 255.530363899108, 216.8991638993044]
855 9 [140.2483519362286, 70.16208452858155, 253.9784469632258, 215.6831868225031]
856 9 [138.500492577441, 69.40718305982773, 252.0847246531129, 214.7021732039504]
857 9 [136.7010908173397, 69.68591142572586, 250.2101708221684, 214.6327890300002]
858 9 [135.2845293330029, 69.27388785161202, 248.840452249189, 214.5761644842028]
859 9 [134.0029752301052, 68.7117810634536, 247.2817214560035, 213.7205019720462]
860 9 [132.2056955145672, 67.6269536403579, 245.4131009003731, 212.4393804840884]
861 9 [130.6228309916332, 68.17294017352288, 243.4627535996802, 213.1184356990652]
862 9 [130.1135247992352, 68.89716098584358, 242.9450387150448, 213.5186915887144]
863 9 [129.4022826002911, 68.51818249501412, 241.8845095192863, 212.8412442322166]
864 9 [128.5695470618084, 69.46270565070336, 240.837093315311, 213.7975434105478]
865 9 [127.6664544986561, 68.84912417210762, 239.7104941822859, 212.9222612139028]
866 9 [126.2882016347721, 70.34032891072457, 238.0416289203391, 214.7898577661402]
867 9 [126.2139866100624, 70.05937189735596, 238.0646445757192, 214.5811899361932]
868 9 [126.6567104207352, 70.59243137516205, 237.9603380864796, 215.4533021180898]
869 9 [125.2279678927735, 69.88112069048111, 236.3137915089179, 215.0566008103343]
870 9 [124.1211927281693, 69.99303661413615, 235.2109724243439, 215.2819370824755]
871 9 [123.3827213393524, 69.98248389210676, 234.733107911436, 215.1777507362976]
872 9 [120.8762559043244, 69.45871099677061, 232.1678738193456, 214.7714579236294]
873 9 [121.0772090153769, 69.47511951472734, 232.3027724487827, 214.7612623709283]
874 9 [118.9994626240805, 68.51335058953737, 230.454045341565, 213.3100912896596]
875 9 [117.4202578263357, 70.75831542756532, 228.9516793302472, 215.6123265382868]
876 9 [116.9772163229063, 70.73273862373208, 228.4061795937822, 215.5869868358562]
877 9 [113.9887543516234, 70.9423903621373, 225.3859175920478, 215.8566784387762]
878 9 [110.7285824613646, 69.51830248009537, 222.2649716278272, 214.4629431317138]
879 9 [108.8594042854384, 68.78581897389267, 220.5928161761197, 213.6499294087416]
880 9 [107.9612561659887, 66.6422640479741, 220.0218252063785, 211.5813201876875]
881 9 [106.8985114293173, 68.43552521836136, 218.9180462092732, 213.3764463592982]
882 9 [106.7774519147351, 70.58201293122147, 219.019099914822, 215.9090193929545]
883 9 [105.9709889115766, 71.23863510262345, 218.1478189359581, 216.5346711750619]
884 9 [105.9208579706028, 70.04698769223069, 218.0037131775318, 214.8044481916762]
885 9 [106.9818578409031, 72.7456769145665, 219.1349524141002, 217.5258078924311]
886 9 [106.9930527061224, 71.22376004826401, 219.3374953848337, 215.646226199821]
887 9 [105.7359281629324, 70.63048438202713, 218.0670837059502, 215.237608510194]
888 9 [105.7590175401419, 73.38669137131546, 218.1885119509852, 218.14442087035]
889 9 [106.8562793266028, 73.59614332985257, 219.4097697706211, 218.2189232950717]
890 9 [105.7851389180869, 77.59878023933743, 218.0994233008962, 222.3692882554725]
891 9 [106.2783904802054, 82.97468479942654, 218.9586077013343, 227.1321638351069]
892 9 [106.5879603456706, 83.61762520145749, 219.2594657198495, 227.748923301423]
