ball 1
2 1 [197.8134560346603, 112.6667411231995, 243.4445786406199, 159.5454754759868]
3 1 [197.749853259325, 113.5666250789165, 243.3727008163789, 158.1202228659103]
4 1 [197.2929386183619, 113.0773672114685, 242.3228882480147, 161.5058704460741]
5 1 [199.1820715874434, 115.4118598604202, 245.0005068358643, 160.0623596913492]
6 1 [197.5952166080475, 114.3812849538028, 244.1967869070364, 161.3213671526655]
7 1 [198.9372782915831, 116.2546094299853, 244.0760773149482, 162.7663397897708]
8 1 [198.3911520004272, 114.4677146689594, 244.2983868054574, 161.6553797630012]
9 1 [195.4895700275898, 116.6980830559134, 243.0681926311254, 160.4319072619303]
10 1 [195.7857385784388, 117.527889868021, 241.4592346374735, 162.2373817884509]
11 1 [192.9729118704796, 119.0545680911839, 239.749736084972, 164.3756533513003]
12 1 [195.6871427543461, 117.7834321910143, 241.0031523560264, 164.0681329073217]
13 1 [194.711035913229, 118.4921377503872, 241.5647771538045, 163.0143725831603]
14 1 [193.2204524934292, 119.3282622078061, 240.0155469258849, 163.605670722706]
15 1 [194.1709518939257, 118.6148657163233, 241.9338231823032, 164.8038901564399]
16 1 [189.8323745414615, 121.5249924527109, 240.2256598629904, 164.1378166278253]
17 1 [190.1129542052746, 121.4283190553635, 238.630574590946, 167.2932052742236]
18 1 [192.0894890785217, 122.0131213197112, 237.6648508019066, 169.2836160651267]
19 1 [192.24790391922, 120.8433556163311, 237.0187592108408, 167.3356705291056]
20 1 [189.408746188879, 124.2173752074689, 238.2596455084592, 169.4224600422369]
21 1 [188.3666939049959, 122.5775848215073, 236.9248524882449, 167.4932110276409]
22 1 [189.7349250078201, 122.0446692293137, 237.9952962911439, 167.7432609537661]
23 1 [186.9111598975956, 123.0930153911561, 236.427400378485, 168.3712846084742]
24 1 [189.8718914151192, 123.8914945607632, 237.1908676232982, 168.1030226672364]
25 1 [190.1078322663903, 122.9804988743365, 235.7848248067998, 170.661452578632]
26 1 [186.7440963577479, 123.6582168915868, 235.086855489294, 170.3739890189029]
27 1 [188.9703915774822, 125.1562586411694, 237.1193015076814, 173.1745577867665]
28 1 [188.7716744601727, 123.586551572904, 235.6097418664759, 168.9481809312993]
29 1 [188.2525720953941, 122.0284893505834, 233.6809524115842, 171.6870916449473]
30 1 [186.1262306332588, 122.0314336081594, 231.326718868937, 167.812645439078]
31 1 [184.3924434989691, 121.4320661386102, 232.4716645418297, 167.2809558817532]
32 1 [187.7446152310818, 120.5873510360345, 233.5799487763473, 168.946030513233]
33 1 [187.1669879317284, 119.5957806964964, 232.8201132834937, 166.5213376977911]
34 1 [185.5538684636354, 120.2060520418547, 231.1636979720092, 167.3645888609927]
35 1 [188.8472894247621, 120.5569467812404, 235.3263901075981, 166.5011735879808]
36 1 [184.2874929815531, 120.1177090176009, 230.0703437878537, 168.2461172471504]
37 1 [184.8030833289027, 122.5201867220551, 232.4863076432694, 169.7416158376528]
38 1 [185.1480096712708, 120.4027008779906, 231.0582005050906, 168.7995682030719]
39 1 [185.3125577344559, 118.7428583556414, 232.5918624957118, 166.1068525663276]
40 1 [184.319923235476, 120.1987401910685, 230.4714636581082, 167.889799464994]
41 1 [187.3349125607871, 120.5967316150293, 232.8743895686884, 168.4165634214957]
42 1 [185.7532430737279, 122.4401790627837, 232.0782050536066, 171.2110100460125]
43 1 [186.3424445822835, 121.9558879502676, 232.643414287311, 168.4896439419953]
44 1 [184.9833995028399, 121.2004843845591, 232.5259635259673, 171.1844650111455]
45 1 [186.7771755293012, 123.9159261949919, 233.1944690910922, 167.5392797968767]
46 1 [187.8498022182845, 123.8429095575214, 235.5749799337351, 170.1076873986423]
47 1 [184.8531564249657, 122.5195938327909, 234.746029102155, 168.6057816287195]
48 1 [182.9354083090089, 121.8692262589559, 230.697358129476, 171.7915003133114]
49 1 [183.9380329026841, 123.5733526924253, 232.8262630672739, 170.6317466801772]
50 1 [185.7641716598533, 120.4603421294689, 232.8043673762559, 167.6307902781443]
51 1 [184.3973489775322, 123.1658436337114, 233.1242003668855, 169.1745936689209]
52 1 [180.8680642507039, 123.239050966464, 231.5118825079123, 171.5584379286909]
53 1 [182.9838353506289, 127.7126466601715, 233.2574018819759, 175.8458286231753]
54 1 [180.3575530200265, 131.5785821925476, 229.7505099423593, 180.1687489778488]
55 1 [183.6270756199025, 132.7429930146411, 231.1361239255731, 178.1767418533599]
56 1 [179.4758511259221, 131.7341107155755, 226.7806717950459, 176.9486140502204]
57 1 [179.7049559763633, 128.5407684117183, 228.2828311894293, 177.3265803360847]
58 1 [182.079297967162, 129.461528954804, 229.4985600677027, 173.7584527299046]
59 1 [179.1688834800385, 129.0211058014631, 231.7076244174388, 175.1524891264828]
60 1 [182.0691416616552, 130.1068486252427, 225.4070245382457, 176.3826872498385]
61 1 [181.1341277434491, 129.3525469328836, 227.6852901154311, 174.747194625956]
62 1 [177.3882868996821, 128.0480394631252, 226.5327043625044, 173.4313715203647]
63 1 [172.5966663583182, 132.095602748692, 223.8318157905844, 177.0308223438859]
64 1 [170.8953811897896, 131.7516700949147, 219.4800839307636, 177.127526070544]
65 1 [170.6132857705466, 130.9318427720666, 215.7900436744953, 175.0280533476664]
66 1 [165.9359661228023, 130.0173403348401, 211.1754991446614, 176.6871434942221]
67 1 [161.6861919051968, 129.1235329981521, 206.7552863762909, 175.5749639815018]
68 1 [159.0181081666611, 136.4378121707216, 205.2345974739964, 184.9006543375414]
69 1 [156.1100100650452, 133.013370356299, 201.7707056099073, 180.8658483076859]
70 1 [146.3223332650028, 137.7747245112062, 194.5387972618829, 182.2681272400324]
71 1 [143.069639366027, 139.4406194172427, 192.2486566272401, 188.4998295383652]
72 1 [140.1929426676594, 141.6828052678704, 188.8870845008065, 185.41959749157]
73 1 [136.4980704448186, 141.0184469006583, 185.0544513609648, 188.4529790739041]
74 1 [134.9063421151601, 144.3479817293212, 183.7328623336228, 191.6375210846776]
75 1 [130.7541028148495, 144.7488538900018, 179.3990747837014, 188.5978088327661]
76 1 [127.5398349313997, 144.8231818552688, 172.975546106601, 190.1535814961925]
77 1 [124.7509667760693, 145.8673827329278, 172.3657152608406, 191.0399237794008]
78 1 [123.5930932051502, 143.4602530279756, 170.7653834739975, 188.1908954386947]
79 1 [123.555138606485, 140.6512572548911, 172.4809459864489, 186.5902787560283]
80 1 [123.8580257183872, 140.370169428885, 171.6096526616885, 184.3207202555741]
81 1 [124.8560441582464, 137.5291835542396, 172.8148276267563, 183.6900462451026]
82 1 [124.7833654488437, 132.2359461316466, 174.5973904977682, 176.8982248244303]
83 1 [129.3272607511841, 130.0989080944657, 175.6849239695357, 175.5322372784448]
84 1 [131.3732848427258, 125.1511762968823, 184.5179999213975, 173.8195469664381]
85 1 [133.2832320890389, 124.1621963100135, 184.2017155180521, 170.8489892642935]
86 1 [132.5217167771421, 115.8278578824923, 188.3300270652399, 160.7885523387527]
87 1 [136.0855653340928, 115.4225377717614, 187.3263112315244, 160.6488945558967]
88 1 [141.8873172922991, 117.0570053046197, 190.215535448002, 162.1934435370131]
89 1 [139.4029515347444, 114.4924996725842, 191.708777649251, 163.1058565173566]
90 1 [147.7617560996674, 115.6971153875441, 194.4783308147219, 164.14283199988]
91 1 [140.4104283562861, 111.4050388641283, 195.8478041871129, 160.5750546494458]
92 1 [141.1061324383132, 112.1242272413895, 195.3131784810391, 160.5873943575849]
93 1 [142.8838045633398, 111.2355238277326, 196.5896922537263, 156.0015002060799]
94 1 [142.0840484014712, 107.9654287106916, 199.7421931021293, 160.1576265884855]
95 1 [145.9968634991907, 106.2641184104234, 193.8122606614552, 155.1171219910653]
96 1 [142.1650144009851, 105.5201345754415, 189.811336527722, 154.1653488838999]
97 1 [144.6931613370776, 115.4872584275529, 202.0812092950202, 160.6442300034071]
98 1 [147.8938641975634, 112.8945401336625, 194.3756351429388, 166.3332175176774]
99 1 [137.1703757549636, 117.3330121606216, 193.0175770048011, 168.2305396220695]
100 1 [146.4317033271305, 112.2071787740663, 193.7902771471813, 166.5854083708697]
101 1 [143.6043535656296, 122.4734402007982, 198.9315027994659, 164.8237399037149]
102 1 [149.3891245423816, 119.462972583957, 196.4488979852521, 168.6478571257471]
103 1 [147.5199618394487, 117.6179603699222, 192.6258425767808, 172.8973662848537]
104 1 [142.3611556570046, 114.6937077704445, 186.6299135758875, 169.2332937096712]
105 1 [140.8683841506951, 112.8706037465111, 184.8521832992536, 167.0399473733247]
106 1 [141.9079811329953, 114.9265331986919, 187.2566356416007, 169.4385396190739]
107 1 [149.6877247950993, 115.5235202077404, 195.2077522798145, 170.4426549814905]
108 1 [148.3773350919597, 117.8722535658255, 194.925390526736, 177.0537398623264]
109 1 [140.8776749129407, 114.7141752976552, 186.6944009516729, 169.3478233074945]
110 1 [142.5621254946105, 111.8906450111047, 188.3333764487222, 169.9122659193685]
111 1 [148.3565527404658, 118.0345813769475, 194.7998969589185, 172.5165345590762]
112 1 [144.2439105845056, 121.0379877019534, 194.0326112905827, 166.8157732698834]
113 1 [142.4786249752156, 112.2517593044415, 191.405935819693, 167.9620453457931]
114 1 [151.7517478874885, 109.8190687808767, 197.4808652339647, 168.3407696033502]
115 1 [144.605511670839, 110.2630267876759, 192.2964643410835, 165.4623749852559]
116 1 [137.5298933143727, 104.0691866751388, 187.3235250316683, 159.9390983446654]
117 1 [142.3903505708091, 101.0902090210095, 188.0066067406931, 157.8020251793776]
118 1 [156.09428247381, 110.377456082739, 205.1873526821698, 166.0192085402194]
119 1 [164.8445873073302, 106.099686457552, 210.2771506217252, 166.181934361118]
120 1 [167.1809913747944, 105.8564309615269, 214.9705797689732, 164.2821750743481]
121 1 [166.4349288301542, 106.4759749758616, 214.661195929162, 164.9261235338504]
122 1 [166.6803089267574, 104.8420734542981, 216.8331272179333, 164.7082963984196]
123 1 [171.8123131216504, 98.96627990785987, 217.6145898814492, 156.2108204553751]
124 1 [165.9075903700665, 99.19275021437557, 215.5632254273453, 159.671286942149]
125 1 [160.9513815789483, 102.2265046255291, 212.0152300514051, 161.6045887313949]
126 1 [172.5382569962181, 106.800916849412, 220.6101813288025, 166.6548646813572]
127 1 [173.9013446978293, 122.955748292394, 219.8019751622782, 174.3407601759814]
128 1 [173.0042314640246, 121.5462753202394, 218.6699153019536, 172.6482493109898]
129 1 [167.6582095743157, 117.4914971578494, 216.3403182003502, 178.2728705723092]
130 1 [166.5111759974621, 121.1309662300721, 216.2500532142252, 182.6838021659025]
131 1 [163.8338846637867, 117.9896354514733, 213.0138683805153, 178.8102275810938]
132 1 [151.8836844450794, 114.5431412968412, 200.6221620622968, 177.2091951531253]
133 1 [164.9674349202774, 118.0863879460469, 212.6814110435052, 179.7549865629089]
134 1 [163.512067505531, 120.5161841984466, 211.9336184812852, 184.8843176852993]
135 1 [163.727019458916, 119.4374967950955, 214.243115008048, 179.1717814090875]
136 1 [164.5647489087656, 127.4057379670069, 210.49681804081, 181.5902135268972]
137 1 [149.3365411664359, 125.3338529009, 196.8203680748403, 180.254364675593]
138 1 [164.0116194443777, 133.8633778996393, 209.4944918146159, 185.8169115373859]
139 1 [159.3462524068542, 127.5433064836636, 207.4863164021808, 186.7712470629679]
140 1 [164.4972467975691, 129.1886699132249, 208.2578052822699, 181.3008406521292]
141 1 [158.7826908770017, 115.8671650502458, 206.0235581200857, 178.4812982672574]
142 1 [142.1303935459815, 100.592700301446, 188.4905338834165, 165.3748422325573]
143 1 [146.1897544207983, 95.80711366865785, 198.7439363527724, 157.4887814752081]
144 1 [144.1866799834184, 91.91777082417161, 196.5703356004989, 153.2338292379402]
145 1 [143.2141603919677, 89.99714987609536, 195.2379037865885, 150.867435618582]
146 1 [131.4573642163537, 88.14680863428862, 187.3139097147213, 143.3232679874917]
147 1 [126.117288793344, 84.23450265336783, 180.9204460901885, 141.2855790114796]
148 1 [124.3457672250457, 82.15921063233168, 178.7479792461574, 138.7699247406493]
149 1 [120.2465288638137, 77.83324111510069, 175.6536835830113, 135.0218745613455]
150 1 [117.1911107300781, 74.0857600073889, 171.842903845052, 130.3023296417237]
151 1 [115.3421405254863, 71.97666231799872, 169.5843035499088, 127.7529152327942]
152 1 [111.2990656047128, 76.82823546487839, 165.5410686769906, 133.5480884379635]
153 1 [106.5336592792533, 75.36346633244307, 162.4565075438465, 129.7766926009525]
154 1 [103.1258808373474, 70.81581283617766, 158.9489585435403, 125.0704065406289]
155 1 [102.6135298580863, 70.25103841233999, 157.6335718494977, 127.5735840025342]
156 1 [96.69364064643159, 70.47046158719809, 153.371130746994, 127.016446032373]
157 1 [100.6150280515663, 79.87651707395912, 154.0647689282692, 135.8572322175955]
158 1 [98.20070808930322, 75.62514396175743, 151.57918264643, 131.4527260953863]
159 1 [92.33101631691679, 76.46834753710778, 143.3754640655858, 132.0266891966689]
160 1 [94.91455097859725, 79.58090264607222, 148.9421124756838, 133.998877687563]
161 1 [92.1973906009458, 83.26650169003756, 146.9591444892273, 138.5432031855596]
162 1 [93.22669378193095, 87.09371888335795, 147.3598488554432, 137.9420335584554]
163 1 [92.23223841460421, 85.61102637346835, 146.077487480442, 136.1708015661945]
164 1 [88.23666622107848, 88.23989223945887, 142.6998291647715, 141.9751995493051]
165 1 [91.18684888994321, 87.51625057566912, 143.9643740235618, 142.3897475972177]
166 1 [92.63202001517638, 95.55356622159366, 143.3164212144461, 150.4262407318348]
167 1 [86.99167913468554, 93.77242558892817, 142.5028519856193, 142.6285876145979]
168 1 [92.6687427627854, 90.04704649817199, 140.4701866326116, 145.7516961904348]
169 1 [90.1801543793641, 90.52066017199309, 140.7054661256352, 143.6165482658026]
170 1 [89.71692801630124, 94.04400509107859, 140.7287250610303, 145.1283590633118]
171 1 [86.2334797409363, 95.54262415762992, 140.3822322317525, 142.047719184478]
172 1 [82.83822520347312, 96.08780802484603, 137.3638774965506, 143.9313490166275]
173 1 [87.46223361408337, 95.73235690850765, 137.463229980022, 150.1022618862195]
174 1 [82.57082650847733, 98.83931220766158, 137.4081513032292, 144.302204080076]
175 1 [81.08426550813019, 96.97820992466063, 135.5564955015605, 142.1237620528664]
176 1 [86.05143672497943, 99.05819074507804, 135.6805236276344, 145.8193617787779]
177 1 [77.71112913675606, 99.84798432584853, 132.154023274638, 144.0980856357642]
178 1 [75.22415781803429, 97.01593966480345, 129.1289254736975, 140.8067924049458]
179 1 [77.01215917654335, 98.06944252248854, 129.9799191627456, 143.3177529362822]
180 1 [75.08377248831093, 95.85135014053435, 127.6353563477661, 140.7286261067922]
181 1 [73.62749638678505, 94.13566862490029, 122.9001903140079, 140.3381979672231]
182 1 [83.21035704286769, 93.4288367375359, 128.6079325804514, 140.0774968883406]
183 1 [91.91410443456843, 93.01344053145499, 136.9166372608903, 138.313028715696]
184 1 [98.79991790922358, 90.92098766263575, 151.8549929785321, 138.8816203887379]
185 1 [99.65659058364108, 94.91425005044789, 145.3978240771489, 144.5734988012832]
186 1 [100.4446912062354, 91.97853639047594, 157.5573514825172, 138.5246765756633]
187 1 [110.6939586129971, 84.06342962082476, 164.3055558300764, 131.3486114115223]
188 1 [102.1550143620931, 79.48698077607901, 151.864390223734, 129.7272830974999]
189 1 [106.3991481688805, 107.1297241121158, 158.6654940265584, 153.267595320559]
190 1 [107.0704752829857, 105.196212094985, 159.9201112078089, 151.4467233996504]
191 1 [123.5939120379277, 91.65609163489194, 177.4446412828571, 144.3988002928142]
192 1 [125.4849050072022, 89.58058429207654, 181.350544957547, 144.6881787979546]
193 1 [129.0112275508232, 87.10018602456898, 186.3981038890527, 142.5886149982124]
194 1 [129.2474194494076, 95.2034207924828, 185.1057414730292, 147.9710390164238]
195 1 [136.1630516377278, 106.4300934716687, 190.2489627749971, 160.3710691675509]
196 1 [140.8694306499325, 98.43583975244314, 195.0331027661669, 147.2850743583871]
197 1 [145.8634710795246, 94.56184927631171, 200.4566822147404, 143.3685701587526]
198 1 [150.7447590556927, 111.730589841269, 205.4328732942448, 165.8843251987181]
199 1 [151.2042791274376, 95.71078342642636, 208.8147407140178, 151.3640472256478]
200 1 [156.1026624468155, 112.6175202920661, 207.0651980104997, 160.2819808135552]
201 1 [155.8568001416512, 113.1969400986657, 211.1834750853716, 164.8440711437273]
202 1 [169.3998492387123, 112.793073070012, 223.9170672933193, 163.8960435221846]
203 1 [168.1091170636006, 115.3007185577974, 222.5471074551672, 167.5500877745103]
204 1 [170.77651834758, 124.5549965396151, 223.0692797810268, 171.9090994898569]
205 1 [183.3775497105904, 118.786653627418, 234.8951992127578, 165.0093341034615]
206 2 [180.3142631676979, 123.7363854542002, 231.8753329087249, 172.1539323670826]
207 6 [177.8892026719637, 125.9125031277165, 232.4709629084975, 178.9755740692033]
208 6 [187.1635109809227, 123.4731937318668, 241.9120328497486, 177.5338272134067]
209 6 [183.4383995709009, 127.7827472731099, 239.1047436386965, 180.6202452154203]
210 6 [191.1530549702235, 132.8312488391623, 242.1871406929832, 180.9752521320809]
211 6 [194.4620014605112, 127.1574287701026, 246.2631235432521, 174.4002688827604]
212 6 [193.5209691402502, 125.7324599314109, 245.054309263521, 172.7154388354321]
213 6 [196.1202417192049, 127.1402653146163, 247.5730912238448, 172.7502530131879]
214 6 [188.9085108012892, 124.6471592902765, 244.1553489409324, 170.7027395265098]
215 6 [198.2275958237238, 124.5626245930419, 248.2565448816528, 172.3629802737075]
216 6 [200.4929713410325, 127.5979617729411, 256.5582526232357, 176.4401440896164]
217 6 [186.0544142005034, 127.8933818105236, 236.0610405864247, 175.6059009768848]
218 6 [187.6184765500017, 131.4160926945135, 244.4437422339732, 180.1921302417039]
219 6 [184.8503561754711, 130.458493565917, 239.6936222932623, 173.5934203282221]
220 1 [183.2659542438574, 126.1200934953615, 233.1408359378076, 169.6504472175613]
221 1 [175.6258813914843, 123.1504396654293, 226.2660286939218, 166.4355982746953]
222 1 [172.6226841536351, 125.4871822267398, 225.2897347078291, 173.7350057411343]
223 1 [163.5546496947296, 131.444893887043, 217.9126936950075, 175.446734222249]
224 1 [160.8198076923378, 128.2582182788849, 214.5619430557597, 171.7079621795867]
225 1 [157.9292038519867, 124.6416286730766, 210.9193629407621, 168.0072643274655]
226 1 [151.2835986976512, 126.0673693919182, 204.4660028270112, 170.9310863165888]
227 1 [155.513917791564, 128.2959257557616, 206.7910896631961, 172.9605696078955]
228 1 [149.8248061415739, 129.2772734284029, 203.9224615907436, 175.2315412270022]
229 1 [147.8756637749262, 127.0883770405874, 201.5577880799063, 172.6774334053557]
230 1 [150.2076402743347, 127.6527396941185, 204.2629131008097, 171.3548815615026]
231 1 [150.3726992634125, 127.0445953428373, 204.1373908056962, 173.2887316369497]
232 1 [148.442120390851, 129.0904891423509, 202.6426509616327, 175.1846433812615]
233 1 [150.9558325138874, 127.0046371340379, 204.2089997786459, 173.3256683766816]
234 1 [149.5053989318199, 125.193945777379, 202.4178937585111, 171.2046772495393]
235 1 [148.8846027729101, 127.0391766659543, 202.3757211950968, 172.8681302174393]
236 1 [147.4097054329701, 125.5536236406863, 202.6051943360531, 176.9221333460907]
237 1 [151.293670224864, 126.7681846700236, 203.0014163786268, 174.3505839576735]
238 1 [149.0880825621076, 125.0422683477029, 203.9653465779068, 170.0489626608874]
239 1 [149.2512167169712, 127.2611325485434, 198.4261393085609, 172.7804548675184]
240 1 [150.7386954006739, 129.3331774256751, 201.7971725947105, 175.5191979020376]
241 1 [156.998376498837, 131.9723177214712, 200.4688115326663, 183.4048103487801]
242 1 [151.5217925486155, 134.6662313796207, 201.4295507882653, 183.4400153030741]
243 1 [154.4005568203516, 135.8831632814929, 204.2479196172486, 182.5730513541151]
244 1 [148.5009522288106, 129.9397196126904, 198.4472301725552, 176.9013697197218]
245 1 [146.4875960274599, 130.644053171369, 194.3446050958262, 177.161642015162]
246 1 [149.30359582128, 132.2909680081159, 191.9182208690606, 181.6707524319641]
247 1 [144.7385473054834, 131.1784844917804, 187.1776910753736, 180.333274665686]
248 1 [141.3361672562547, 130.6135723439604, 183.6528804873108, 179.5951773821805]
249 1 [135.5562126561068, 132.8616994125571, 184.7181761797266, 179.4671283402655]
250 1 [133.2482652290724, 138.4885972244467, 182.5370900101989, 184.8338142601637]
251 1 [123.430308501143, 134.1277707626671, 168.2480854836043, 188.2278917018428]
252 1 [119.326384465117, 137.0538816859573, 164.2094496411511, 190.8525938264787]
253 1 [119.5551567030139, 141.3506516327709, 164.1709747979402, 196.1572257797874]
254 1 [116.3369114621542, 143.8286770386424, 168.5272976594092, 192.1439464247146]
255 1 [118.2105027436279, 151.5966809047188, 165.4386591010234, 199.5591077418274]
256 1 [112.5184059812687, 148.1581033645, 167.5888439549203, 198.9564174423582]
257 1 [111.1884263827465, 146.5028248606052, 165.9354099273808, 196.9878775674568]
258 1 [114.2181439063512, 146.7115474429249, 166.9269896087774, 195.1784603319535]
259 1 [123.0851438147016, 143.8725696017593, 170.4236079387197, 194.8584813279861]
260 1 [126.3087802211754, 145.0409656641807, 180.016073310243, 191.5289747346119]
261 1 [130.2161176799797, 145.0289939967718, 181.289454565088, 187.1637518460088]
262 1 [134.3072180374525, 140.6404681039078, 185.5916277170388, 188.6286590470257]
263 1 [131.770245220419, 136.6985157383408, 187.0549910006398, 188.6377496063401]
264 1 [138.6781563534401, 136.4352645976271, 197.24137028435, 187.7418711000245]
265 1 [143.3213152241893, 127.8754309823364, 192.4909723357782, 179.5292732137794]
266 1 [140.7230555190705, 132.9625340802397, 198.6284734589888, 183.1290734204024]
267 1 [142.2368244751357, 130.8286159736838, 200.6964314407426, 180.2231587425756]
268 1 [154.6527041745372, 123.3654230835475, 202.5817923301769, 175.1604783252631]
269 1 [159.8138236272149, 123.8243869943347, 210.821236057535, 168.6810017828513]
270 1 [154.6880199684761, 116.4538097755087, 205.6716179755991, 167.8206527312277]
271 1 [156.715441203583, 114.5763340594806, 206.9179734562206, 166.0301299434155]
272 1 [156.5748238767497, 116.5783351165976, 206.9367507280275, 162.8908257798816]
273 1 [155.0374495535158, 110.786244186553, 197.7522315366821, 163.3043678352435]
274 1 [150.21744493281, 106.6422683996882, 192.0504320983396, 158.2994113782302]
275 1 [149.4578217331087, 105.4714208347525, 191.1094994648136, 156.8876345969792]
276 1 [142.2397526604123, 103.8970277663123, 197.9343075461135, 156.0419270922182]
277 1 [148.5448272514855, 106.0780593259062, 195.0673460426411, 157.9922662668352]
278 1 [141.6205270559527, 104.9740829507448, 191.1089877948808, 154.3956099977636]
279 1 [134.8878742259927, 101.7837351579021, 189.5444923320767, 155.1094940207212]
280 1 [145.3319085005438, 106.9033999945771, 186.0121221099081, 155.5125444281052]
281 1 [140.6187090638792, 106.4259551716771, 183.82020862844, 154.6178006460565]
282 1 [136.2119771092199, 103.0305155711051, 179.502355062224, 157.7698182919203]
283 1 [129.4937867921777, 102.480709852631, 183.3209789823119, 155.0848191371363]
284 1 [126.9937812088989, 108.7530435063911, 180.4180245551271, 154.2524529059773]
285 1 [125.190816849377, 106.6915602424217, 178.3690107084041, 151.9486110471508]
286 1 [129.6247560129501, 105.8159236053564, 180.5343865685886, 155.095120505854]
287 1 [128.7749952421524, 102.4303377608396, 181.0915498592077, 152.0580372498542]
288 1 [126.6858540819027, 99.44893250266091, 178.3478117331883, 149.019862672377]
289 1 [128.4592867241241, 99.59953809181229, 181.5651990759347, 148.7829262294082]
290 1 [126.8518557324074, 101.0908522271586, 180.2825742326633, 149.9230250644093]
291 1 [130.7266655721702, 100.3687223608233, 183.1171569455684, 153.4583080556082]
292 1 [128.6059612379409, 94.63524466404692, 180.7339048235695, 144.9899226182925]
293 1 [141.3536528795026, 98.53354728324689, 191.5960121650645, 148.1357067119165]
294 1 [145.3657912946306, 98.97254860038288, 194.0668757924431, 149.1693915528404]
295 1 [140.0429643102922, 95.41243566224352, 191.0001303302925, 150.0434016467679]
296 1 [137.8553595690988, 97.96341129588313, 193.1618371876232, 143.8779929217752]
297 1 [146.2338751106523, 98.12853889549501, 202.3970764088049, 144.5236007051289]
298 1 [143.8889884500764, 95.31828360641725, 199.4871035046004, 141.2110365928802]
299 1 [152.7532389312051, 91.97642432535417, 198.1957616028373, 142.7126233767141]
300 1 [151.168994411733, 90.09119050586946, 196.3105013994147, 140.4765484090642]
301 1 [143.0170231283642, 89.06830439368264, 196.6940283102951, 139.5456952001682]
302 1 [140.628222927358, 89.20117081152625, 196.8189024371146, 135.1517856033855]
303 1 [135.5056263058446, 90.91871143328376, 192.5364295570518, 136.657103325597]
304 1 [135.2208314388059, 92.64516175734229, 189.3299825012783, 138.4611318650094]
305 1 [143.1392481242307, 92.95059528211482, 186.5793356243342, 145.5561693307158]
306 1 [133.5654029360972, 83.9994828962756, 186.6326918170349, 138.3598547792522]
307 1 [126.1273133306764, 84.43689738409944, 179.5254628509755, 132.5014811410232]
308 1 [122.8494315891527, 84.73475256013103, 175.7408068258397, 133.2314936824308]
309 1 [127.7173251210712, 96.58762843823411, 179.0071054459072, 146.3099254237737]
310 1 [119.5306848892011, 92.29251971477993, 173.4139735152594, 144.0064426932593]
311 1 [119.9008768348955, 93.51967278411962, 175.6727395776031, 142.3770659934302]
312 1 [122.7727171330713, 92.37436527395971, 178.5460943807699, 145.4355072532029]
313 1 [120.411359026935, 89.64766735220678, 175.6413478360183, 142.1543808279271]
314 1 [119.8930030520074, 89.92566926414497, 177.4315504233547, 142.8136928105016]
315 1 [138.5183990857564, 106.5957533382846, 182.1190964716544, 155.840339115966]
316 1 [136.4345114788972, 104.180738534875, 179.6675370803779, 152.9844099887339]
317 1 [127.6518233417533, 94.91197282458074, 179.3485343455587, 147.5562890674074]
318 1 [120.1849258056842, 92.61446623141296, 177.1811956179386, 149.9557815513225]
319 1 [125.5758151709102, 95.05432033921011, 175.1740632385914, 147.3203165030185]
320 1 [116.7304533085786, 94.28313819701202, 173.7686578176263, 153.2127863304708]
321 1 [128.0189132987522, 102.7463484742714, 178.493587054326, 155.8891558933372]
322 1 [122.5882486923598, 103.4878440388513, 178.548429518838, 144.3123756643207]
323 1 [118.8302783592604, 104.4049067237449, 176.4687306771409, 150.9079951644177]
324 1 [119.3105193198659, 103.9750060253812, 176.2435398844664, 151.3120414844852]
325 1 [114.8172291292809, 102.8512038477732, 172.8805858468594, 149.2578528832614]
326 1 [113.9736651600339, 101.8810814433766, 171.3114966526322, 147.9089993489194]
327 1 [113.158731904719, 100.6470595859958, 170.2432537103541, 146.4557251097567]
328 1 [112.3774462909438, 99.4724018686486, 169.21691965765, 145.0709461785041]
329 1 [122.1684019564651, 96.22326718652971, 167.3204594435581, 150.4310980863896]
330 1 [113.1339096761309, 98.94505133920234, 163.3022985559774, 148.3120675193407]
331 1 [110.4433747864328, 95.65650513463538, 159.8722353064063, 144.9299498640347]
332 1 [100.5319573701359, 96.36701954538353, 156.1328754282835, 144.9963359008971]
333 1 [98.22746999273076, 100.2830417268945, 153.4930987316489, 148.2450912156495]
334 1 [108.725034046825, 92.58236711912673, 159.1395259521557, 140.5292900403732]
335 1 [122.5892799691297, 84.38047084501363, 177.3881196772041, 131.3382758750624]
336 1 [121.2780701712705, 91.86224612882711, 176.3093696594503, 139.0236751282912]
337 1 [125.4569291667081, 93.18800229123212, 180.2909783290848, 139.658793986555]
338 1 [136.4153180941008, 102.4784251961194, 185.0616274283689, 149.4600798799052]
339 1 [141.020446859207, 101.5142035397969, 188.8122230700724, 147.3801660563434]
340 1 [141.0490139172412, 97.17986702055555, 190.0486088614988, 143.3418784117003]
341 1 [127.1974576608278, 87.88725859960891, 182.1320942699792, 136.5228411678632]
342 1 [126.2299350247718, 87.01730995914318, 176.7367178673691, 138.0039619287992]
343 1 [109.5315831125714, 100.3250298976002, 161.2985673859788, 147.4372688632925]
344 1 [103.5031660989858, 91.83213786697365, 155.4250328343711, 139.7179391457847]
345 1 [100.0911554292776, 95.4870234570501, 152.3633832507596, 143.2217295957412]
346 1 [89.86000813255086, 114.9147438957391, 142.481125684584, 162.150362838231]
347 1 [87.56607256541028, 112.2549962951837, 139.6779384561261, 158.9944954485113]
348 1 [85.6875567854382, 109.6283531143365, 137.3027726310381, 155.8866466660312]
349 1 [83.38018454322591, 106.8823486520944, 134.4823779400296, 152.6226436195481]
350 1 [76.25266797551885, 107.2320686235128, 128.6315508069278, 155.4818512075448]
351 1 [85.75519191045314, 112.9219803354738, 133.9276404607016, 160.6087441034916]
352 1 [76.96365751037374, 117.6318653254805, 129.1888660595069, 164.9557115637242]
353 1 [81.1103368894197, 116.9262483297882, 136.5217947101869, 164.7625504559441]
354 1 [85.28593659112229, 116.6341733514366, 139.4125106067233, 164.3406590573719]
355 1 [87.35679674604907, 117.94354531458, 143.328631200607, 165.701823150574]
356 1 [95.93219317207112, 115.814189764593, 145.7475770093439, 162.0814662762871]
357 1 [99.50674596885219, 120.0700311389903, 151.064886061764, 164.6517536895086]
358 1 [100.9433540300466, 117.3484946369229, 155.3154228946485, 164.8892210740869]
359 1 [105.7045739860274, 114.7490802920459, 155.9052246341671, 164.8870095661607]
360 1 [108.3784850494936, 115.5666520773468, 159.504519430211, 165.6552256147155]
361 1 [110.7532937423326, 114.9211450993118, 164.8266759350239, 161.4259242999681]
362 1 [111.7801274702884, 118.7426844938693, 166.9622907253744, 163.793580326021]
363 1 [117.6239500002936, 114.7138832091389, 167.7673914148538, 162.2113119660114]
364 1 [118.0193882243708, 115.26248421064, 168.7102121743039, 163.9180633320617]
365 1 [118.675254597934, 116.3564055347035, 170.402815890208, 159.6732404750901]
366 1 [123.5443410830572, 115.8494406520424, 174.8394213644268, 163.4152941609564]
367 1 [124.2042102100328, 118.3199214330909, 176.5487055180311, 163.4410471740478]
368 1 [126.8626499147154, 120.0090684023837, 178.2959079804126, 163.8644621391643]
369 1 [125.4842779011466, 118.4011210528354, 176.6262502125136, 161.9946368028705]
370 1 [130.111634708615, 120.8720184796641, 180.4005013267071, 163.587222085547]
371 1 [129.631820447417, 119.3897755378077, 179.6747745913955, 161.8594328567929]
372 1 [125.7897562132217, 120.1527315219084, 179.1807625289212, 164.4534394720432]
373 1 [130.4696555942297, 121.1175719044206, 180.8058163735459, 167.7371774808375]
374 1 [130.7509386440739, 121.9800356916187, 182.7308661062868, 164.1117046434563]
375 1 [131.4241036580876, 120.1845993242262, 182.120087377541, 165.9320062345871]
376 1 [132.6312641153578, 118.2320226476679, 181.9161148989099, 159.3043796642829]
377 1 [133.3258002432063, 120.7769971481559, 183.0904781509067, 163.4561460209077]
378 1 [137.7808485279325, 120.6059020132909, 187.1112198354837, 161.83337242613]
379 1 [137.2498722101096, 119.6300824106822, 186.4005698820354, 160.6952560799554]
380 1 [136.5241978044156, 118.539035779346, 185.4789229101658, 159.4270705904953]
381 1 [144.7606222372502, 119.3103518570808, 196.3487589400062, 158.8380935094824]
382 1 [144.2936891730875, 118.3200859512238, 194.7308144737294, 157.2384234914344]
383 1 [147.4654586712364, 116.321205993105, 197.3846056670695, 158.9092350432706]
384 1 [146.0768997628707, 117.5336565383861, 198.1207072103721, 158.7353491129517]
385 1 [149.3819170113653, 116.797316097751, 199.1637181354488, 155.6145152138571]
386 1 [156.9809103111271, 114.256532930691, 203.727201936827, 155.8221001606539]
387 1 [158.718999665603, 111.2331141765264, 207.63104241041, 150.2699164362959]
388 1 [162.5244926143438, 110.0477749622462, 213.013697806043, 157.1846080960017]
389 1 [168.2936394628137, 112.7726343973575, 216.1255789721151, 152.6793915911872]
390 1 [176.4518380625173, 106.27113557896, 225.0084314347728, 151.8845187606264]
391 1 [177.3470721493009, 106.4718839646469, 226.929429253566, 150.412854712126]
392 1 [179.3020668585319, 105.1252184928546, 227.4017452153857, 148.9081877355797]
393 1 [179.9136788497213, 106.1393975773046, 229.4279945708636, 147.8732195240636]
394 1 [182.4506961653475, 104.2292546647752, 231.4721522397785, 147.0022279621076]
395 1 [193.4824394533876, 102.3122379304061, 239.9247433320013, 147.8815231607631]
396 1 [195.5807516823057, 101.3933401675115, 241.9169809335292, 143.0298942123662]
397 1 [194.7635647008661, 100.1938040674816, 240.9000263013841, 141.6404038622898]
398 1 [197.1712821076158, 96.08185771658668, 246.226942996208, 136.9747837324099]
399 1 [197.8148013452534, 98.78062072947273, 246.8349395429132, 139.1987605645185]
400 1 [206.1693767557386, 95.48447835996399, 254.174554706691, 136.2948317096611]
401 1 [211.4989916334394, 96.91098827674637, 261.2438732899491, 137.841061183172]
402 1 [208.2959390530828, 96.178966274407, 257.8985164239867, 136.9749515433988]
403 1 [207.5111864606384, 95.05541000321159, 256.9120125701741, 135.6750532061951]
404 1 [211.7320744000841, 96.4320956290851, 258.7447400018247, 137.4509893331831]
405 1 [199.3339798698667, 96.02550867750892, 249.0631221305489, 137.7874913516902]
406 1 [197.7855750645045, 98.49050011291752, 244.5509913828211, 137.2164011415311]
407 1 [193.0744006956462, 101.3078096117044, 239.902818068146, 139.7518231646401]
408 1 [186.4762268407736, 97.21397260009894, 233.3115486527671, 142.6425418870194]
409 1 [183.859458943503, 98.12507403354744, 230.3935912562066, 141.2839353152262]
410 1 [175.9739800641779, 102.0977495032514, 221.3199474249969, 149.8158441609308]
411 1 [172.3177357862238, 105.2464673835004, 218.1477231549935, 153.1634624992952]
412 1 [171.6257802496199, 104.2599976229633, 217.2864888958023, 151.98725212561]
413 1 [168.09662838527, 108.5807709818857, 219.3093533444045, 147.8089651848109]
414 1 [166.46009557941, 105.277601050135, 211.4323925000262, 152.63974390594]
415 1 [160.3453792451415, 107.9647305960918, 210.1775036581252, 147.6985622855139]
416 1 [168.0591330729891, 109.4581918911229, 209.7176731890433, 154.5858390138339]
417 1 [166.6663462721277, 112.4183200420032, 213.9068857471107, 155.9085952546673]
418 1 [163.2484869013075, 114.5789504218067, 210.1793318455653, 158.7101241704543]
419 1 [157.5393305538688, 122.102884164002, 205.7762213248524, 158.3399559944688]
420 1 [154.6696541278157, 119.6657388265396, 203.4034013916546, 158.3398431500322]
421 1 [157.4703327665571, 119.9607935714687, 205.1133504956072, 164.10058395261]
422 1 [149.0925159357954, 121.9241673520685, 197.3367270954027, 165.4553763733732]
423 1 [150.6127677165437, 121.5833038858057, 198.221562121428, 164.8158549142041]
424 1 [143.0959500867408, 126.4146627373214, 192.8968695542466, 170.3192015978891]
425 1 [145.3860450285953, 126.8943588555942, 192.8807074169454, 169.5065200034852]
426 1 [145.751407046942, 128.4132619462127, 195.8565793000243, 172.6637279186744]
427 1 [137.9959003353957, 129.1293637621368, 185.6315530249961, 172.5061373980873]
428 1 [140.5713526212145, 130.7655368021608, 188.8130554379021, 173.9997272772158]
429 1 [137.7196931961458, 130.4146571531112, 189.0191930039169, 173.7266640117843]
430 1 [139.6583595621865, 135.5641877771507, 184.4414847459119, 180.2333017231914]
431 1 [135.3853044711519, 134.0540305546404, 183.6096578821956, 178.0915182089696]
432 1 [134.9279940466164, 133.61682168014, 183.1657235346764, 176.8238491480624]
433 1 [133.0929708818672, 131.1612003184075, 180.8928383710946, 173.9284467562575]
434 1 [133.3068079926539, 131.5452528021217, 180.1111590460367, 173.2695083509768]
435 1 [136.6467221878935, 130.4454383164796, 186.2025455712508, 174.9566241279886]
436 1 [133.0799645057647, 131.9599739349599, 180.2566556704998, 175.2447488264906]
437 1 [129.2960674042348, 132.1478366762551, 176.1613096551454, 177.4060011921852]
438 1 [131.8814077513758, 137.3514613489772, 175.4422498167835, 179.1941590593739]
439 1 [126.3212299935054, 132.4019151574851, 171.9486159493623, 180.9765453418166]
440 1 [121.4694939606357, 134.6894730538281, 168.0994102827625, 185.1986538602887]
441 1 [115.0988913077395, 132.7832959293539, 163.885473978813, 179.3397999597835]
442 1 [110.3370603017043, 135.8135605228983, 157.176588722328, 184.025011375013]
443 1 [110.3399633549503, 136.3478590173565, 157.598387749326, 184.3729395958953]
444 1 [106.5978590684477, 134.4315022583271, 152.5455957921656, 179.9927446474461]
445 1 [110.0604783863178, 134.6644998712384, 158.6336718908816, 183.4360877769221]
446 1 [111.7973382614087, 135.2238326145255, 158.530143635829, 183.1702918693719]
447 1 [118.0608888465445, 131.8871378599818, 165.136278293662, 177.4446753873903]
448 1 [121.8443187425379, 131.8595872730168, 172.2789219256383, 179.1155660820505]
449 1 [122.4649093764543, 127.2342421095038, 169.6699224885843, 169.617535874321]
450 1 [127.6933989027981, 124.7330662518891, 177.0783343772198, 169.2565613208604]
451 1 [130.0264326582197, 127.7815938651713, 179.3554803835202, 173.716634728141]
452 1 [127.0505609089974, 122.4192140907201, 177.0564097017922, 165.7428463690517]
453 1 [125.7154287869576, 120.8011889368447, 175.4349518057402, 163.8637232339966]
454 1 [129.4463063130621, 118.2702280491742, 176.6040723193777, 162.5342779657695]
455 1 [120.7753836090211, 123.5389663934859, 172.3909322171707, 166.3186017990221]
456 1 [123.69059358784, 123.6065365284833, 173.1326543604043, 167.0180820885768]
457 1 [120.9669819945935, 122.9350482583197, 170.2759256666438, 166.216137306663]
458 1 [125.732777968829, 120.2031766621315, 170.1485154625057, 166.0747635377515]
459 1 [122.5183236159733, 119.6181062234484, 165.8487847946875, 164.8882199687718]
460 1 [124.4688367031864, 120.3957410899841, 168.5677054509298, 167.4924484959529]
461 1 [126.9747875916306, 125.661300635353, 173.0045788392333, 166.9228122481362]
462 1 [130.4979488725308, 121.1696533210727, 179.55557587605, 165.4749828478244]
463 1 [136.3031682028901, 118.4694256169098, 182.3480153043881, 169.5511890455609]
464 1 [136.6461314732675, 124.1595586486312, 185.1362460920748, 167.5532164720117]
465 1 [143.4628572716843, 126.7414748949307, 189.6182954209952, 178.2590309289012]
466 1 [141.8051509215962, 119.4687423018115, 188.2015376252088, 167.5689839492316]
467 1 [140.211768265022, 116.9677415770786, 187.3253771480543, 169.8124147537762]
468 1 [145.0619777693879, 119.6731645149487, 190.5836242582704, 169.3043613748857]
469 1 [152.8389447274327, 126.4854023958708, 198.6345540943138, 167.6455572274526]
470 1 [151.4247316586494, 126.1865198965336, 199.0969683722556, 171.1550750944077]
471 1 [149.8137599694252, 124.1409246976639, 197.1322683581027, 168.7543516443639]
472 1 [149.9372268187522, 122.9089501853252, 197.8570742060363, 169.4880096438286]
473 1 [148.5687731670856, 121.3171941395069, 196.2187293012533, 167.6224506441827]
474 1 [148.1991859927308, 123.4015183058875, 192.4215819802988, 171.4935541170846]
475 1 [146.1273987248074, 120.0276636985439, 192.8388962961229, 166.6257073382492]
476 1 [144.5369054313283, 117.1714270023006, 193.7610009274457, 165.6016684110954]
477 1 [142.7871111716609, 119.9498654810088, 190.4278301044733, 172.6292545407398]
478 1 [140.6488969357684, 120.5408584234613, 188.4010769048114, 170.9837110408167]
479 1 [140.0941484602168, 120.2998788562911, 187.5903694453405, 168.8586719034125]
480 1 [136.6397073300555, 121.2194806245464, 183.6466327568458, 169.250861308345]
481 1 [134.9320285947993, 122.1387229395407, 182.9192155365516, 170.0430694912552]
482 1 [132.8838675649837, 121.3643917722004, 180.7224413601908, 169.1060897139467]
483 1 [130.3759517701343, 120.8369300050038, 178.1044881397143, 168.4525810315664]
484 1 [128.1726338895038, 117.9307848495739, 175.8467549364052, 165.4530300215508]
485 1 [119.8925707844552, 113.5685612774762, 165.9141439832193, 169.7489537864156]
486 1 [117.0265594288008, 113.9683958935859, 165.8671575643666, 166.7446620964547]
487 1 [119.5171331969555, 115.7781550801667, 165.3251092895231, 171.3501462812627]
488 1 [118.7900989857968, 114.7984540975961, 164.4335427186489, 170.1561580137385]
489 1 [115.3643851907924, 122.6225200948613, 162.972955881821, 170.2831811312401]
490 1 [114.2906571360305, 121.3304551598924, 161.6822643567469, 168.7639022158946]
491 1 [108.3402173029259, 119.0828598198789, 157.0995000071589, 169.7444414202848]
492 1 [110.2467967733042, 121.0089879623922, 158.5417918501087, 171.8987773324914]
493 1 [108.8362430199282, 119.3754013768705, 156.8543907529293, 169.9604454827419]
494 1 [110.3454123973148, 119.1823849222931, 156.6837154221327, 170.5540590657168]
495 1 [109.5878802775638, 118.1176054618629, 155.7496166257201, 169.2805369585843]
496 1 [106.2849661888555, 121.9974718802916, 155.6577807559062, 169.5510218867529]
497 1 [104.6064026834443, 119.9803963118541, 153.6287112960746, 167.1696102798654]
498 1 [105.5858817487257, 117.8345800332102, 154.4487224159257, 165.7768755094278]
499 1 [104.8335659294622, 116.8589620433124, 153.5241736354352, 164.6178082676869]
500 1 [102.1308462129906, 117.6907656156766, 154.6802238838752, 166.8673102097908]
501 1 [98.18573338855057, 115.4859726690995, 152.3974658479836, 165.1323480503701]
502 1 [101.9319998653606, 125.3250769340741, 156.1888371772083, 172.3974690762563]
503 1 [100.8489289687946, 117.0650414192426, 153.7331299258717, 165.9349476825276]
504 1 [102.0963408978656, 118.6154416763532, 153.925087431887, 165.3543830493119]
505 1 [106.8696937873261, 122.5072210050496, 153.2026254243775, 170.7111130649795]
506 1 [103.3429890306666, 122.4453725480782, 154.6343380992318, 168.4101273697979]
507 1 [103.9051367878215, 124.2872090592357, 154.5861951526805, 176.4343956488149]
508 1 [101.0866939457133, 120.3066470288979, 153.8381689456018, 171.5392805686965]
509 1 [106.8630024953978, 126.4221897862228, 156.9160065374805, 173.6832868329839]
510 1 [105.4689701064723, 124.7809842369827, 155.2360385456832, 171.7572375414792]
511 1 [102.4106294842437, 128.1072771177935, 156.4062147778382, 179.7471062090964]
512 1 [104.7425648191944, 125.5787082576501, 159.0179188369803, 175.3480137748478]
513 1 [129.076010079612, 119.7390902555856, 172.2387555903729, 167.7362261219295]
514 1 [134.6021891548531, 115.992784849492, 178.2262231405104, 163.6460785573126]
515 1 [139.4314519479172, 118.8986492670449, 183.2878859933521, 164.1597780505846]
516 1 [129.766290150024, 131.4151494765031, 185.2329151969427, 182.2909941337854]
517 1 [142.2035133460537, 142.967542912935, 197.3095267967146, 192.657733952067]
518 1 [151.0869747022167, 140.2630977892625, 205.5015019868293, 188.3815386502371]
519 1 [150.5329154053703, 139.4210363739478, 204.779003606092, 187.3797946223671]
520 1 [159.2601166287437, 137.0537744277465, 212.0880479161449, 185.7927075561423]
521 1 [155.8588899293914, 147.2194944137084, 209.0873404399328, 195.9880895057171]
522 1 [163.3332419762388, 133.4845015221583, 216.8212316430858, 181.1883518255713]
523 1 [169.3519395211712, 141.7477124744403, 220.0390476454367, 188.6249991949437]
524 1 [175.6069029303268, 139.1876358353841, 233.02158149272, 187.2297120141983]
525 1 [173.7248053582385, 138.3884040826308, 229.0643800467459, 185.9743190755961]
526 1 [179.9877388210967, 150.7399481349933, 236.8564143130162, 197.8557822344961]
527 1 [178.6109308334067, 148.6176441424834, 235.3438375850033, 195.6055035448287]
528 1 [180.5045869195834, 147.7264770680415, 234.6396647541953, 196.7702891219373]
529 1 [190.2510785678402, 140.0838429854559, 250.6487868718742, 190.1442291274638]
530 1 [180.2744109550491, 149.7953575291979, 242.3390169655055, 201.1196261151745]
531 1 [196.3636277610436, 145.0874485635507, 248.1299349409152, 193.8065558743337]
532 1 [195.6847789132968, 150.8217569255578, 248.4844165685174, 199.6144429068742]
533 1 [194.35810185913, 149.2727171444642, 246.870653769844, 197.7830507066192]
534 1 [191.9729056203738, 148.6624349841225, 244.3586017852452, 197.0426374640678]
535 1 [198.0266714090481, 149.2722987198579, 247.9674227632555, 196.0990667146581]
536 1 [192.2488999361172, 144.6672953480231, 243.9273253991234, 194.8729960998368]
537 1 [187.9863359354436, 144.2576627620804, 243.1972111492443, 191.3541857986625]
538 1 [188.2563152717426, 143.5176531785476, 241.9879066117635, 194.7524661313267]
539 1 [184.4081178627908, 141.6311333702254, 238.4143982001278, 188.7860452875011]
540 1 [182.8712012194097, 142.8759570607292, 238.0773465732286, 190.4975682509064]
541 1 [179.6664600813761, 143.7851758581894, 231.6383575468065, 192.4664621661754]
542 1 [177.9103142762557, 141.7458275241154, 229.7348920224108, 190.2762248363918]
543 1 [176.0680533148348, 143.02625741822, 229.3404055499331, 188.5668126511994]
544 1 [164.9264531949535, 144.1926511750864, 223.0564140242494, 188.7349502476255]
545 1 [168.7013253517449, 144.4256277011084, 221.2665979500171, 190.6034657033156]
546 1 [164.7402241820469, 144.8694285285967, 215.8370584540858, 190.4577707200898]
547 1 [164.21360846553, 144.0547774267691, 215.1557005139155, 189.4955974416162]
548 1 [163.7143807107583, 143.270430592944, 214.5113689662675, 188.5719651737579]
549 1 [159.7137391189113, 143.4884814453619, 209.3983538789485, 188.1112692457838]
550 1 [158.0610805371776, 141.5503471625345, 207.4040648847677, 185.8354781004166]
551 1 [155.8748261252418, 140.9803341237205, 205.1022684867359, 185.1503128854321]
552 1 [158.9961830846965, 139.0475697816657, 210.2958835719138, 184.1091103341342]
553 1 [163.6991442827508, 136.0583104846376, 211.6314360854834, 181.2481395586277]
554 1 [160.144076602906, 137.7208039165782, 211.0027139300927, 182.923026528796]
555 1 [165.1448398916051, 135.1286628005403, 212.1930436678326, 181.1314723592005]
556 1 [164.580030673556, 133.5782552418607, 211.3519725496801, 179.1430715211523]
557 1 [167.4217820627615, 133.957326626529, 215.2765091261359, 179.012361584176]
558 1 [166.6662666661665, 132.9940197524923, 214.3562375001679, 177.8837894491246]
559 1 [166.1770859820768, 132.169979950537, 213.7238191641208, 176.915896659715]
560 1 [166.3678831322119, 131.3392562327283, 213.3782111084086, 177.6845507543413]
561 1 [166.1933199031278, 134.4924099651473, 214.6751572852525, 180.0619264582919]
562 1 [173.2052700914443, 133.004978262012, 223.692319370317, 177.7171408029726]
563 1 [172.6265916688368, 131.6357441154617, 220.2033720958552, 176.7604275644637]
564 1 [171.1120921833441, 135.102417608847, 217.9629797793242, 180.2402027363005]
565 1 [171.1384635366499, 130.4144947977113, 220.2563256564573, 173.7276143029473]
566 1 [173.1789254112169, 131.472967704882, 221.1917051889889, 175.8269615665358]
567 1 [174.4496170053259, 133.884655824055, 219.2274878687791, 178.3890129912387]
568 1 [172.3665422568098, 133.4975302127498, 217.0620251917186, 177.9058877918735]
569 1 [169.9485391372815, 136.4196129423874, 220.2513754667693, 178.4418385712379]
570 1 [178.7463641114533, 136.7133835704374, 224.6891701237375, 179.5374464677014]
571 1 [177.6839745737612, 135.4553296418237, 223.4220872130615, 178.0802812268476]
572 1 [170.2427132422104, 135.5163824466365, 220.761181142524, 177.4376163364933]
573 1 [169.4147550309077, 134.490773892154, 219.751347860327, 176.2535476455005]
574 1 [170.8964467415586, 137.873020870735, 217.5473856189732, 182.4652335645239]
575 1 [170.6707750953734, 140.6476818585145, 215.0225145430486, 181.1137945828162]
576 1 [169.7062257625163, 139.4987558388459, 213.8785640905967, 179.7923289955326]
577 1 [166.1020652199164, 142.8592288215953, 210.9227590093365, 187.7281493548003]
578 1 [165.1864074165002, 141.7467047741013, 209.8297114526647, 186.429963728789]
579 1 [161.1613352591172, 145.2795200516778, 205.8195569136519, 189.7045835220384]
580 1 [157.3289987648837, 146.4762811294133, 204.9834229393618, 189.2837937456866]
581 1 [158.7073879590258, 148.8276735787588, 198.4362190599721, 194.8426690488493]
582 1 [155.430611650832, 150.8269346040981, 195.2998408079867, 195.8759603879708]
583 1 [152.673339461349, 146.8650905882316, 192.7326315032982, 192.6542386423999]
584 1 [145.0531508767977, 150.9611200961592, 190.6027201337749, 193.8499428207983]
585 1 [144.141603111662, 152.2559947195771, 188.8356934237016, 193.3336962293624]
586 1 [143.4693767124787, 151.3434626582387, 188.0193148436314, 192.2813320951787]
587 1 [139.1251368815079, 150.8506188216927, 182.9145927263733, 191.0955962269004]
588 1 [146.9540788041428, 146.751426635434, 184.0139847838836, 192.6590853099555]
589 1 [145.2607955312356, 154.4865469728904, 182.5014507346851, 199.3550457463541]
590 1 [135.4651089007035, 153.3810633841279, 179.0281534282359, 193.2315225261639]
591 1 [144.0463569289073, 153.5137054791051, 180.7657917248322, 196.9075431164402]
592 1 [132.2680321423337, 158.7278363575535, 177.085068206122, 199.9125583440449]
593 1 [133.2814677799121, 158.5795654031756, 177.6857000586221, 201.6635544302628]
594 1 [133.1884278351441, 159.4510204392793, 174.1230502911353, 199.8297801286487]
595 1 [130.9749127918854, 162.8395668465021, 174.5390592568975, 200.6940537632002]
596 1 [133.4462502593175, 163.4189607623341, 175.4479417802318, 203.1481432065544]
597 1 [131.911348550953, 161.059969109607, 173.8461594552445, 200.7127304683686]
598 1 [129.8172772297636, 163.8642324555042, 172.4567073095666, 202.287896332489]
599 1 [130.6640446180478, 162.1323121084208, 174.5767351678959, 203.743305047444]
600 1 [129.3156155565754, 163.6722044322016, 172.132812865405, 204.1035843986184]
601 1 [128.3992225298658, 162.5908175531151, 171.051872795005, 202.8598282592669]
602 1 [127.8957426542416, 162.6024068101617, 170.9952966409282, 206.0322887263446]
