basketball 1
2 1 [191.2981288659573, 208.3929421460629, 222.9154524001598, 322.3837269549052]
3 1 [191.3348404842615, 208.237787232399, 222.2161040472741, 320.9403159201668]
4 1 [188.9329261112213, 204.5283569848538, 220.2324870947914, 316.5838283873588]
5 1 [193.0290106463432, 209.9944522684813, 224.257924365725, 322.9466934501599]
6 1 [191.5013450815529, 208.8262597179413, 221.9949492682166, 324.2352107341519]
7 1 [190.7504611241818, 208.2342097709328, 220.5562713484376, 323.5585131736381]
8 1 [188.1024398434162, 209.7201837679744, 219.8827734370111, 324.1058742624155]
9 1 [187.8035568784177, 209.760669598952, 218.666534460774, 324.4944784017184]
10 1 [193.305062443316, 204.393574976027, 224.8584774235249, 322.8000473874988]
11 1 [191.7006610113382, 206.9795448879153, 220.7916069604087, 321.7090567475652]
12 1 [190.0059085770697, 218.5516013285518, 221.1842102786279, 332.5169199705888]
13 1 [192.9249954375625, 224.5046319893003, 222.9823606328337, 334.6469330964843]
14 1 [197.265283536464, 205.4790885547549, 227.5743919844825, 323.4504076638989]
15 1 [199.276844278276, 205.469597036615, 228.6036268430067, 322.8725202493457]
16 1 [199.9429788266495, 206.3027115339786, 231.9779838708673, 318.4428459794316]
17 1 [198.8737755700201, 204.5358669372648, 231.7811470442937, 317.9695360365604]
18 1 [200.3551548405737, 209.5894884677977, 233.4244580633686, 323.7009346552002]
19 1 [204.2854185181856, 205.1788598752022, 235.790156380284, 324.3896062330698]
20 1 [206.9963852840662, 205.982281620279, 237.6649499490056, 328.5324969503245]
21 1 [202.3283989879489, 189.1700815862417, 234.0649559226664, 302.7220010699986]
22 1 [208.2956607884914, 196.5082471339405, 239.8469653489818, 304.9212890518966]
23 1 [213.5506655986607, 191.0608798811585, 244.2184436043756, 313.1335061804908]
24 1 [215.0723223819584, 198.380177802071, 249.1848394092464, 315.1098598031369]
25 1 [218.2814898773283, 195.122856412679, 249.9546247014078, 320.2679503820897]
26 1 [222.9732684570551, 196.9679735122621, 254.5137719184967, 325.8450749702691]
27 1 [218.1149843487144, 229.1764567686618, 249.6557784313208, 346.9722689850976]
28 1 [227.3341882753372, 238.0991906380654, 258.2456506616127, 353.3764744919849]
29 1 [223.3397160995007, 242.9165879158676, 254.1535992567654, 356.3303234081376]
30 1 [234.2012833210826, 238.2941923184693, 265.387518964401, 356.0624893477454]
31 1 [237.3228381726146, 240.0547694122791, 269.4340239642658, 355.7438977803591]
32 1 [231.3310698571801, 245.4792994713783, 263.377576660801, 360.8219561332118]
33 1 [235.6599293056131, 243.3108392810822, 267.7424417503711, 360.6096049557935]
34 1 [266.2090278196335, 239.4408780789375, 297.5179022584031, 354.7921202109529]
35 1 [268.176949672699, 240.3407980954647, 299.7457764609753, 353.9928886101536]
36 1 [261.7612259428203, 226.7654328594357, 293.1757744457632, 346.8814073420637]
37 1 [256.3761649432778, 230.5304091690481, 288.4135775511491, 349.5821838359883]
38 1 [259.1382946784794, 237.9388855105639, 291.8965038478318, 351.497945695018]
39 1 [273.3668098750711, 230.060048763305, 305.5861792482011, 346.32127687008]
40 1 [277.9866936582327, 228.8607491260767, 310.827330515745, 344.1464010828283]
41 1 [283.1552809815109, 223.4118921855837, 314.6902713982104, 344.2180877867751]
42 1 [279.366258174479, 223.2733774824441, 311.8192495197828, 339.3004420304614]
43 1 [279.7315618175268, 225.8838394737244, 312.4202755106426, 339.7444856138752]
44 1 [285.9550475108624, 228.2234996172041, 317.8548524737142, 340.877864824301]
45 1 [288.7805876427516, 231.9134383170307, 320.5233016622914, 342.0282596268344]
46 1 [289.9255267077312, 229.0199183753133, 322.5817155704168, 340.8891726430197]
47 1 [291.9508011046052, 225.0164871370793, 322.1031268672908, 340.4112236440185]
48 1 [291.172650299333, 226.3603327503801, 323.4433730667869, 336.5863166225976]
49 1 [291.6836570494995, 228.10500535056, 323.1111982939423, 338.0307711321374]
50 1 [289.3060443562642, 226.1793723037839, 321.1230538085139, 338.2444095527416]
51 1 [293.6942843266949, 229.2585384181142, 325.8634926283735, 339.5943212461217]
52 1 [291.0443901143223, 230.8698683289252, 322.9932705023828, 346.9181136003493]
53 1 [278.2444790530205, 220.0915931292251, 309.7952093430213, 337.6833318380351]
54 1 [284.6955420671217, 226.1380823130161, 315.6673174128928, 347.3464990704512]
55 1 [286.7813450063765, 229.9543675104063, 317.6812634804083, 353.9993838800256]
56 1 [281.6664031113684, 228.4112077193707, 311.5889115120718, 351.3223420659801]
57 1 [280.5158104620129, 227.6098291097582, 311.2805619468864, 342.4332262215014]
58 1 [278.1412710960209, 228.4591146115121, 309.6046367465361, 349.6888317517083]
59 1 [271.4117966558039, 231.8592912597954, 302.7766495460395, 351.8976636576077]
60 1 [268.3046744729579, 225.7800824089349, 299.7027961816574, 344.4335363849674]
61 1 [270.6871950405836, 227.4910384683311, 300.9765995251852, 343.762040724305]
62 1 [262.5798131444678, 229.8689892596007, 292.9527352032538, 342.9153334487002]
63 1 [255.1969442854822, 227.882435348481, 284.9012504144742, 343.1963665900723]
64 1 [254.2074876244366, 227.1988317637146, 285.4320366880898, 341.6720109564]
65 1 [250.3731628845632, 225.311509694336, 281.7199384776423, 344.8400217778192]
66 1 [249.1078748892248, 228.4818923507258, 280.8509063283493, 353.0689135879487]
67 1 [256.4730319032166, 245.6551082699001, 287.637250990767, 360.8382335196703]
68 1 [247.2532735684142, 245.6187271779776, 277.7936714826088, 358.1356338586741]
69 1 [245.8610873961076, 249.57931694448, 276.4045725267434, 360.5333310965881]
70 1 [243.5904033028707, 246.1796447342634, 274.1478251839547, 357.8794266545332]
71 1 [239.1244079927052, 223.8860445107706, 270.939502425469, 354.2818117697258]
72 1 [236.2903234887123, 226.3308091262728, 269.5086011618371, 347.158003199312]
73 1 [237.9071214015782, 227.5605783272907, 269.7099296831877, 355.0223147077713]
74 1 [238.5943467089161, 250.6004261678457, 270.4155166919572, 360.7516368728547]
75 1 [239.1709352203831, 251.7166951006651, 270.9182783704557, 362.8034776338928]
76 1 [238.0628292926774, 253.9418875879049, 269.2369173729896, 361.8994592563313]
77 1 [241.3352932084596, 247.7971202960611, 273.4461852651066, 361.5067800620551]
78 1 [238.9219528961182, 253.9272633741051, 272.193561913318, 373.3642596496689]
79 1 [239.2366321606748, 251.2512299638614, 269.9703032511097, 373.65134708361]
80 1 [240.7617391984165, 252.0511116586998, 272.0283331997594, 373.113238432195]
81 1 [239.5983041638753, 255.7978081597388, 271.4634286420375, 370.2952947126111]
82 1 [240.6218273717165, 256.0177730104327, 272.1497764832268, 371.4475032982904]
83 1 [238.2097529958189, 251.0297331108153, 269.4868877793734, 371.9234463004016]
84 1 [239.4672482426465, 255.8591291947663, 271.3179852045922, 372.1974728840186]
85 1 [240.0333703333233, 253.4354784233868, 271.9141697389986, 370.6272577675727]
86 1 [240.8107246680372, 252.6359776255116, 271.3358420535557, 375.8095041861253]
87 1 [239.5451229590178, 253.9113802962378, 271.4323135383712, 373.2730630699297]
88 1 [239.4727659249399, 253.8300487665832, 272.9341351268909, 372.1634779368812]
89 1 [241.876692135185, 251.3399184761942, 272.7461592372533, 372.5424808127929]
90 1 [239.6005198138952, 254.0233170694113, 269.2035125189349, 375.2462885961194]
91 1 [242.2828910605237, 251.9461111804843, 274.9714892812698, 360.9837500560859]
92 1 [240.942069651857, 253.2218341237307, 269.917923165293, 375.0716289496733]
93 1 [240.3984640131891, 260.4739362757094, 271.7491190947973, 389.2991299716025]
94 1 [239.7353080625832, 256.465940502137, 271.5810350141828, 375.6709697248816]
95 1 [239.3238139537349, 255.3666934963688, 269.8039184234292, 371.4767297476724]
96 1 [240.2744749480114, 258.2680222006887, 271.1991750505968, 369.4718052685084]
97 1 [239.1478665697575, 257.3993211797346, 269.9542112074815, 372.800942565236]
98 1 [236.9783424551785, 257.2974761283398, 265.2012971667068, 375.3972471780831]
99 1 [235.5452146346867, 256.5777319377661, 263.9640912920073, 374.2944570335849]
100 1 [232.0554199501127, 257.0166957831383, 260.5507664525336, 373.5216822504729]
101 1 [234.7528048570454, 260.4145264333487, 263.254417771268, 374.8142361884378]
102 1 [235.1643336250633, 259.3229153460264, 264.060563103013, 376.9707143772795]
103 1 [235.5523890036345, 260.2454121118784, 264.8897637319079, 375.7258152258039]
104 1 [234.0946044179797, 257.7524981914461, 264.9637551126139, 375.7579595809539]
105 1 [236.105318531692, 251.2443333106488, 263.8662130682424, 370.9040944511544]
