bicycle 1
2 1 [151.3129597902298, 95.00375467538834, 169.9197380542755, 143.523679792881]
3 1 [152.3705130517483, 97.41063225269318, 170.5610401873412, 143.976009923826]
4 1 [150.6118429601193, 99.24485373497009, 169.4929610921818, 144.3754168368248]
5 1 [147.9325352013111, 95.54429578781128, 166.2510661670187, 141.1163104284196]
6 1 [151.502648383379, 93.84040677547455, 170.5963947783358, 139.8459489715607]
7 1 [151.6287517696619, 92.58761936426163, 170.690364321647, 138.7032183095917]
8 1 [151.9973394796252, 87.62882214784622, 170.2263384414571, 135.0992749257295]
9 1 [154.7713356539607, 86.94657166302204, 172.1126268626306, 135.0772567396483]
10 1 [155.0177201107144, 87.25554356724024, 172.4228465559494, 135.5788851860608]
11 1 [156.0898545756936, 88.52617008239031, 173.0069823609192, 135.4717354487761]
12 1 [157.4773183837533, 89.31211883574724, 175.4674227379634, 135.4422738934656]
13 1 [156.038717456162, 93.52227968722582, 174.4312006945075, 140.944713464032]
14 1 [155.2731535807252, 92.22522250562906, 173.8761190708599, 137.472225579229]
15 1 [154.6924102678895, 89.31354371458292, 172.8566504004759, 135.3683871016413]
16 1 [153.2208491936326, 93.02462343126535, 170.9925679330817, 136.5694063132169]
17 1 [149.7358471527696, 98.40647474676371, 167.3219929760778, 141.2705938487161]
18 1 [144.7751491442323, 96.53292224556208, 162.3827200194486, 137.9966190868267]
19 1 [141.0739188566804, 93.62604925781488, 158.6687495973814, 138.7133090501469]
20 1 [136.3407036438584, 93.41734058409929, 154.8802482563881, 141.9415492241992]
21 1 [130.2624754086137, 93.17887501418591, 148.6958144240857, 140.2116773523984]
22 1 [131.8931885734201, 91.16130684316158, 150.9351391574201, 140.3962721162949]
23 1 [131.7740780748427, 92.31687588989735, 151.4850460079716, 142.1944571332723]
24 1 [131.5243523456156, 90.50540132820606, 150.334601773685, 141.4204492646668]
25 1 [132.4757223166525, 89.97859285771847, 151.9185593408706, 140.2861540786371]
26 1 [132.6529481820762, 88.41671340167522, 152.204369644498, 141.725278170802]
27 1 [132.8465357907116, 93.07730333507061, 152.1126437245911, 141.9350247063945]
28 1 [135.7577745206654, 94.10079298913479, 154.9960518977108, 140.5017637535646]
29 1 [136.8313464708626, 96.42982195317745, 155.9287100009585, 138.4655050353252]
30 1 [136.4948218427599, 97.39368940889835, 155.1986191655976, 141.1716524951488]
31 1 [137.7702816091478, 102.4099652916193, 157.0796649822531, 144.2048948992526]
32 1 [139.0670264922082, 104.0481494814158, 159.3245667609017, 144.9845778946575]
33 1 [144.506530996412, 102.1663085967302, 165.5911883295913, 141.5288969855906]
34 1 [145.1261829696596, 98.41685362160206, 166.1968866848775, 139.0609145368923]
35 1 [149.0517836175859, 97.40903405845165, 170.3449995935022, 140.6277803522509]
36 1 [148.8208088539541, 96.98701600730419, 169.115851348774, 142.4697267107997]
37 1 [147.0103213451803, 97.64292831718922, 166.3264142560805, 142.9154184080927]
38 1 [149.7615913413465, 94.92991574108601, 169.8004565781094, 140.9538798696827]
39 1 [149.8804979249835, 92.69516284763813, 169.3432853928066, 142.7954719815267]
40 1 [150.1519399136305, 91.77702088654041, 168.2143523192161, 144.8765247973193]
41 1 [152.2238725274801, 86.57172973453999, 171.3317364349825, 141.3043080079781]
42 1 [153.6510082632303, 91.63138301670551, 171.5602832767873, 145.3615003357402]
43 1 [155.4665626436472, 89.09295649826527, 173.338542054814, 144.1916557266013]
44 1 [156.3430967479944, 88.07492952048779, 175.0324523727699, 144.2770680502597]
45 1 [155.4548702687025, 86.88856129348278, 175.3170805013268, 145.7122158341315]
46 1 [157.5405470579863, 87.87416206300259, 176.9331070491932, 147.8909039284905]
47 1 [158.7697511464357, 88.03119521960616, 176.467026130108, 147.5842748501547]
48 1 [159.3585451096296, 88.22985381260514, 177.1009859992293, 147.9493751678993]
49 1 [160.9115990251303, 88.79804210737348, 177.7770228694356, 147.6575826959341]
50 1 [163.1865668147802, 88.24986984208226, 180.9474260753816, 146.7334836498549]
51 1 [163.8137415349484, 88.45916080102325, 181.6213064663659, 147.1128424799933]
52 1 [162.0659476220608, 87.66337433084846, 179.6522957066651, 147.3369590948846]
53 1 [161.3696889430285, 85.98487189039588, 179.2001908944879, 148.5702712359946]
54 1 [161.7774527072907, 86.48765836283565, 179.7237926309462, 149.5663878768391]
55 1 [158.0640505552292, 87.06528289243579, 176.7440956269496, 150.4398112563364]
56 1 [156.197643995285, 88.76622558757663, 173.7525809555665, 150.9140916632958]
57 1 [154.7555072009563, 88.92880671471357, 171.7316053397726, 150.2643401580012]
58 1 [150.7473345696926, 86.78286319226027, 168.5502873926794, 152.1619608170737]
59 1 [145.2624231278896, 86.65692945569754, 162.4191883365763, 153.4411157052019]
60 1 [137.8740409314632, 84.84691991657019, 154.3908997267793, 151.4036482413387]
61 1 [132.9806677997112, 85.37599910050631, 149.3846842342146, 153.9905898509538]
62 1 [126.6286854445934, 84.48449308425188, 142.491513420123, 153.5342828814469]
63 1 [127.7225248813629, 81.36673409491777, 143.5040765607893, 153.2264655562307]
64 1 [126.515501588583, 78.15044505149126, 142.3058368931354, 151.2806733598786]
65 1 [128.7889169156551, 79.24778369814158, 145.3142034769772, 151.5092161448061]
66 1 [132.7437228858471, 79.46657488495112, 149.7316816358609, 151.2341928487173]
67 1 [137.6718263328075, 79.94209884852171, 155.6452585611181, 151.885606686424]
68 1 [141.8370237052441, 80.2749377861619, 159.310527019129, 149.7622034469842]
69 1 [145.5416943728924, 77.20148173719645, 162.8470085385763, 151.7940107981822]
70 1 [151.4767180383205, 78.37669644504786, 168.3876352433798, 151.9750571005543]
71 1 [156.1426970660687, 78.29328386858106, 172.8457073661858, 151.9942276724543]
72 1 [161.9911544024944, 78.9332211650908, 179.5359735038205, 151.5147728792604]
73 1 [167.9023739993572, 78.83969721384347, 186.3668355634378, 151.6699357828504]
74 1 [170.2016552984715, 74.67637023515999, 187.9237683393926, 150.0056590609781]
75 1 [175.0404429733753, 74.76045119576156, 193.6827779232221, 151.1461377907935]
76 1 [174.055156648159, 78.88081276230514, 193.5101989326224, 153.7366805880108]
77 1 [172.8687972724438, 76.26052558235824, 192.0509976109308, 153.3682456454039]
78 1 [172.3806260228157, 79.06103431992233, 191.1838374054129, 154.9087386766814]
79 1 [171.4175082445145, 80.84242147020996, 190.8225765943076, 158.2113425571723]
80 1 [172.3869037330151, 80.48217328451574, 190.8547755993052, 160.1584006250237]
81 1 [172.5845988988876, 81.84382020495832, 191.1100691826409, 158.0802146554414]
82 1 [173.6463841497898, 83.13220660947263, 191.6453511220399, 161.770204993801]
83 1 [176.0844865739346, 83.09244108386338, 193.774991213728, 163.3174026213896]
84 1 [178.4848887622356, 83.16745782084763, 196.133158814967, 162.7896539111644]
85 1 [179.1050346195698, 83.38686271943152, 196.8033650309858, 163.2627262588219]
86 1 [181.2515326440334, 82.46074976958334, 199.1726437188977, 162.3598335363145]
87 1 [183.4310096800327, 84.83007445372641, 201.2854238650709, 164.1834296684509]
88 1 [186.0750592648983, 86.48353704251349, 203.7235112213739, 164.8652260779878]
89 1 [187.9879561960697, 85.79564649797976, 205.0177316831161, 164.7675987701392]
90 1 [190.5820424854755, 83.47421033121646, 207.2408574894441, 165.4283587476387]
91 1 [193.033157736063, 84.33148402906954, 209.4435585708995, 165.4763983649105]
92 1 [193.990816950798, 84.22104103304446, 209.4887459719578, 164.4792001165054]
93 1 [193.0068252384663, 85.17220429517329, 209.1349365701211, 165.2210486055916]
94 1 [190.2580598890781, 80.90996638871729, 207.4089603122519, 163.1287114494417]
95 1 [191.3729953467846, 78.76668737269938, 208.8506616225431, 162.1434706962613]
96 1 [192.3653929233551, 79.70581413246691, 209.3532731021109, 160.6615284207749]
97 1 [187.4441455602646, 80.32518813945353, 205.1975357145194, 160.190259745512]
98 1 [183.7457820177078, 78.05324749089778, 201.1586562260183, 158.1630403231412]
99 1 [182.168229162693, 77.92284840159118, 200.1775849050541, 156.6733892066868]
100 1 [180.7423805296421, 78.03337538428605, 199.4848847674684, 154.1431241618174]
101 1 [181.3749983906746, 75.47659683413804, 200.1071334369005, 154.0544227441666]
102 1 [177.9202988743782, 75.65418060682714, 195.7855949967214, 154.9454182168574]
103 1 [177.1877051144838, 75.78475372679532, 194.3496793782576, 154.0132427315239]
104 1 [177.0055160447955, 72.12382488138974, 193.508715688243, 156.125867919109]
105 1 [177.3533705472946, 70.2050590980798, 193.4195922327364, 155.5819554249209]
106 1 [179.8049539327622, 70.46993506141007, 195.8366308014651, 154.1893058576481]
107 1 [179.5902680009604, 70.364372568205, 195.8632099638375, 155.0426728616431]
108 1 [181.2937478870153, 70.99043408222497, 197.2604886971783, 157.1551394906802]
109 1 [177.5196709483862, 69.67327732034028, 193.7873943509063, 154.5707363174387]
110 1 [174.5989649146795, 70.76476410217583, 190.5401032764086, 154.4813609670042]
111 1 [172.854773029685, 71.43731442280114, 188.0091244363595, 157.7568327078875]
112 1 [171.779066041112, 70.7558700311929, 187.323675767957, 153.9136111490161]
113 1 [171.0239218324423, 72.15545152314007, 187.2304175911046, 153.1465588170466]
114 1 [166.9815306514502, 71.3631915319711, 183.5377281146553, 155.0029330101156]
115 1 [164.2871460169554, 71.15482481755316, 180.4643000235953, 156.2309323630394]
116 1 [162.2233177870512, 62.36978133954108, 178.20897479202, 150.4948842884643]
117 1 [160.3036221712828, 64.13818784989417, 175.2937665357019, 150.3123246090036]
118 1 [156.8263924568892, 69.96581550873816, 172.9049808051832, 153.623730175285]
119 1 [156.0405391007662, 70.46177142299712, 172.8064511458928, 151.6588908996967]
120 1 [152.193808272481, 76.3548585716635, 169.4318801768142, 156.5008679199858]
121 1 [151.9321912825108, 77.84557312168181, 169.649288416652, 150.62773881615]
122 1 [151.5563488900662, 77.8319096066989, 169.8453967246612, 147.3306671054604]
123 1 [147.1595259606838, 79.19586885953322, 164.5395712378049, 147.6608690205035]
124 1 [144.5201019346714, 75.58404339337722, 162.009290495018, 139.7774680107555]
125 1 [146.7494517862797, 79.81309557938948, 163.6080022466463, 141.9775882122472]
126 1 [150.7038808166981, 83.42769981408492, 168.3649762401704, 140.2313026327282]
127 1 [154.963777333498, 86.60421420121566, 173.2737007174886, 142.7191224088676]
128 1 [161.8576102554798, 88.30605346942321, 180.3421522222255, 146.6221926022966]
129 1 [167.9740732014179, 85.90284425998107, 187.2485203466373, 143.4677950232131]
130 1 [173.0828448832035, 84.01016635680571, 191.5700229314116, 140.1711135690765]
131 1 [176.2457711994648, 83.5992218949832, 195.5354544183541, 138.5361664447165]
132 1 [179.1865431964397, 86.73432225966826, 199.2024685218465, 143.3644995273367]
133 1 [181.3398425877094, 79.24364275718108, 201.2506429173337, 135.3721476520659]
134 1 [182.3285473883152, 75.99380392814055, 202.6077163985259, 135.120865250858]
135 1 [188.9118320047855, 76.06527261110023, 208.0553812042686, 138.3954484653306]
136 1 [191.0260158479214, 79.61984614701942, 209.7272328907045, 143.8221952135604]
137 1 [194.5092665851116, 85.73313621850684, 214.2123542017224, 154.76125240106]
138 1 [196.3983379900456, 86.34966927440837, 215.3695729980164, 158.8264403806932]
139 1 [196.7068714872003, 84.52567058475688, 217.1683058437777, 160.6234267739319]
140 1 [196.4288388416171, 82.60615324648097, 217.5137061440372, 161.9979949683514]
141 1 [196.5019810777158, 78.99043464334682, 217.4482078729457, 160.4875342656568]
142 1 [191.8669168334454, 81.85147440107539, 212.974879296696, 163.7620980273013]
143 1 [186.9986019711942, 83.22721400531009, 208.0199074688812, 166.2083657221056]
144 1 [182.217183528468, 82.7254867372103, 202.8972863605396, 169.6101985786825]
145 1 [177.5832003932446, 90.19979761214927, 198.9413498745727, 178.6256138994062]
146 1 [170.5974749904126, 92.49515984626487, 192.9082131723726, 182.5027105725098]
147 1 [162.9055361133069, 93.40939356060699, 184.9667158039873, 184.4786857484073]
148 1 [157.8378068786115, 97.48351706238464, 179.0091243504358, 186.8634034414953]
149 1 [151.8702526669949, 99.70661343308166, 172.6014323556233, 190.2696681173753]
150 1 [149.7432675343007, 99.19493695767596, 169.2089427779162, 194.8211448830004]
151 1 [146.3888651113957, 97.04392352374271, 164.615429071706, 198.5284962568165]
152 1 [150.5114214401692, 94.14184829266742, 169.2581456313791, 198.4280366543561]
153 1 [151.80849766545, 91.02556559117511, 171.0484921734382, 198.3782252778852]
154 1 [153.0337509494275, 90.8280544471927, 172.2210835790901, 196.4123346960206]
155 1 [154.3169252853841, 86.93913747789338, 173.1977455282527, 196.1902793616213]
156 1 [155.9184342008084, 86.03495507361367, 175.3139800310827, 198.6778908822967]
157 1 [157.7772064786404, 80.58131711604074, 176.513752855586, 183.7106252513444]
158 1 [155.4722140412778, 84.72109537245706, 173.350010157919, 183.5557901750748]
159 1 [156.7000344675034, 82.55286305071786, 173.7075933972828, 175.9547491728223]
160 1 [153.6782849710435, 83.18036397220567, 170.9489720938335, 170.5962841421353]
161 1 [153.0027011167258, 77.48839672328904, 170.5144655492422, 161.9691913502501]
162 1 [150.5003056060523, 73.71921499492601, 166.3921459043856, 153.9371707585042]
163 1 [147.1081616412848, 75.37840463640168, 163.3595253246519, 148.0399482486639]
164 1 [140.9913725387305, 72.01961268903688, 159.0357533348099, 141.9487256278355]
165 1 [138.6932116877288, 69.48140486003831, 157.7169592121501, 135.9485126093628]
166 1 [134.6000992190093, 72.84103401424363, 154.341557599932, 141.8890618132411]
167 1 [131.9721931349486, 74.0963216018863, 151.6235784621191, 141.1412570717853]
168 1 [134.5463863741607, 74.28400535555556, 153.5859695718335, 139.2765327661215]
169 1 [134.6925879772753, 81.37783880205825, 153.953160670932, 147.0680642984147]
170 1 [133.1003410872072, 86.64800114603713, 151.2172191597702, 151.6605169817537]
171 1 [130.4106596168131, 88.05822331877425, 147.7446726563113, 149.8138825439985]
172 1 [126.4836238082498, 88.64468639763072, 143.8801623059133, 149.5743102975019]
173 1 [117.7087705787271, 90.13719910057262, 134.9786316430603, 151.923786322356]
174 1 [123.4181278403848, 86.14190786750987, 141.3635568861799, 149.0550142873926]
175 1 [129.4666872676462, 82.14090102585033, 148.2158434072323, 147.9832172676069]
176 1 [129.9635172244161, 79.9918870893307, 149.4121719013882, 145.3909073722329]
177 1 [132.169912731275, 77.43544900091365, 152.2322113769615, 136.867820210168]
178 1 [131.180152123794, 78.69813251169398, 151.5532532530565, 134.0122003161542]
179 1 [128.2145536001772, 80.11370944650844, 147.8373283089643, 134.955286008322]
180 1 [128.4815453346819, 80.56000113161281, 148.2103421996525, 135.7188204323575]
181 1 [124.6300451811403, 85.03744268091396, 143.9670345410581, 139.5463773498495]
182 1 [121.124890094623, 85.32951338263229, 140.3832169445259, 140.5105335558916]
183 1 [115.1100392397493, 79.61849672766402, 134.4175238799677, 135.0310738715737]
184 1 [113.3763086851686, 85.12355370493606, 133.2619809642464, 139.6429976489417]
185 1 [113.632166011259, 89.86824090452865, 134.1096990156196, 141.7282913537489]
186 1 [117.2768302988261, 91.51038296194747, 138.5358764108511, 141.8090496185867]
187 1 [121.266945226118, 89.40468026371673, 142.3559420771957, 139.4729786251721]
188 1 [125.862266285345, 96.05358887882903, 146.2209006315134, 144.2908523324243]
189 1 [130.082886679098, 94.51411963673309, 151.6992188796245, 140.7118627879237]
190 1 [131.7906486224383, 97.91109157772735, 152.6369222488459, 145.8713056418511]
191 1 [134.3806034158915, 96.79906560154632, 154.7552216671759, 144.9112809802485]
192 1 [138.7439126800746, 97.54639412136748, 158.8116460356798, 142.3930443165139]
193 1 [141.1648976039141, 97.14471816690639, 160.6505885817204, 139.8397877805392]
194 1 [141.9516402911395, 97.28311692224816, 161.4935445627308, 140.1335085924513]
195 1 [144.3182943891734, 98.70541261183098, 163.0844596175708, 141.4620774936262]
196 1 [146.7098569106311, 94.34218739019707, 165.0917432186398, 138.0045335740911]
197 1 [145.3162622880191, 88.7469767187722, 165.2443728930417, 135.2197977019249]
198 1 [146.6312545072287, 84.23405168997124, 166.1897994145165, 133.1083482088365]
199 1 [147.4954908620566, 88.62657629000023, 166.2182150223894, 141.1692451532218]
200 1 [148.5114118587226, 84.891808018554, 167.5998986291866, 140.0407785122033]
201 1 [153.0028731357306, 83.71999193774536, 171.6923156976108, 138.328709774844]
202 1 [148.843380285427, 88.21007742034271, 166.6999419844976, 139.7219372103683]
203 1 [152.0858273040503, 86.10425724135712, 169.4751309368222, 136.3031897537667]
204 1 [151.3526475261897, 87.04199649440125, 168.5611049368334, 136.3382593766838]
205 1 [146.7165736984462, 89.52161093102768, 163.3561082184967, 137.4023525573101]
206 1 [141.5383928846568, 89.46894333744422, 158.1034354776443, 136.7988614194296]
207 1 [146.6118019651622, 83.58853624248877, 165.0292397477702, 127.8953293582621]
208 1 [146.5513861794025, 89.07629440212622, 164.1907620569108, 134.6290894875882]
209 1 [146.9818598944694, 89.66320554399863, 163.7733442392611, 134.8229484499873]
210 1 [145.7636466939002, 87.01483635092154, 162.8400054403322, 132.0510183546693]
211 1 [145.1738549042493, 91.14931921148673, 162.6311852238181, 137.0602399633624]
212 1 [142.4482724238187, 90.33976558828726, 160.1866174171672, 135.6342304533725]
213 1 [140.2455771137029, 90.01101196790114, 157.8678461676195, 132.9837168297942]
214 1 [141.6167625952512, 91.17826578998938, 160.4781961767155, 132.0059684599791]
215 1 [139.3822110462934, 90.44196097040549, 158.4520023256124, 131.8126371905169]
216 1 [136.9250279236585, 90.11108686262742, 156.6496543936577, 130.9100134126473]
217 1 [137.5814333129674, 91.64043309027329, 156.4135408418576, 134.7367856988201]
218 1 [133.2235145736486, 84.68519903952256, 152.2916317191469, 126.695071574573]
219 1 [135.1723924446851, 90.97803761297837, 153.8379020369113, 130.5640148623867]
220 1 [133.1226300764829, 88.48045398527756, 151.5872641415762, 131.0123859645392]
221 1 [129.5720247793943, 91.3494647317566, 148.8297800752344, 134.215538848419]
222 1 [133.6095608044416, 86.13876982266083, 152.1335171826945, 126.6371266070743]
223 1 [133.384619647637, 91.94004495674744, 153.0090877310522, 134.5471226054177]
224 1 [140.6195279899985, 93.00152220064774, 159.6096739853928, 136.6214834578255]
225 1 [144.1480286661536, 91.77077441150323, 162.9003321348426, 135.1198753034504]
226 1 [146.7967240158469, 93.03371934825555, 164.1151677203123, 134.771528437914]
227 1 [149.5143453422934, 93.64297378296033, 165.667430898976, 135.8962990458809]
228 1 [149.7089851144701, 92.58126443857327, 165.6662493563223, 134.4650910979273]
229 1 [153.6861521247774, 93.85824063653126, 170.3076078637227, 134.7862965186633]
230 1 [158.7021597865969, 92.60787096852437, 175.5603576564967, 131.8420183052569]
231 1 [160.4381609205157, 85.17596617573872, 177.4517204358192, 126.4565601210805]
232 1 [163.2565948609263, 87.07676008576527, 180.7267246461639, 129.0823620401922]
233 1 [164.7608667258173, 89.28492495650426, 181.142484992887, 132.3853997502102]
234 1 [163.1789790634066, 85.59309026831761, 179.4503736912413, 127.2834018945478]
235 1 [163.523117410019, 90.34336540335789, 179.5052644449379, 132.3287451065073]
236 1 [166.9846354592592, 90.14095317060128, 181.9871843424805, 131.3155685171832]
237 1 [167.5059808511287, 90.82636298472062, 182.6298730416154, 132.3764833136129]
238 1 [168.3510223347694, 91.93821408087388, 183.6991496552945, 133.5837289342454]
239 1 [166.3015176374465, 89.63790656859055, 182.1206520662231, 130.9099424335125]
240 1 [166.2477757688612, 90.08991770679131, 181.6563938737325, 130.0720726446687]
241 1 [167.8825832363218, 87.9993314021267, 183.0462341018963, 128.0947043223864]
242 1 [168.9849037285894, 88.8430991047062, 184.5111390866452, 129.9393634755584]
243 1 [169.2327302303165, 88.2583811157383, 185.1585726291231, 129.4749429513352]
244 1 [171.864563068375, 88.59319315338507, 188.1514595150355, 129.6874798828052]
245 1 [174.0646805968136, 87.69735832000151, 191.3209664899248, 128.9352647461926]
246 1 [173.5701684709638, 87.11967947566882, 190.0363445619325, 128.1428088876289]
247 1 [174.813760465011, 86.38508152449504, 191.6251740488369, 126.4221815175157]
248 1 [177.6234829481691, 86.27457572007552, 194.3540216839776, 125.0566798072064]
249 1 [178.161507030949, 86.95145798707381, 195.0293282064548, 126.0713580888423]
250 1 [180.0357924904674, 85.25328941131011, 196.7761151518348, 125.406416707712]
251 1 [182.7521292176098, 86.21817852044478, 198.5868620727298, 125.0869825604878]
252 1 [180.9767643418163, 86.62382079148665, 197.0119069598076, 126.9839682259943]
253 1 [181.0883592460305, 85.80898393178359, 198.1343936089515, 126.2632150926923]
254 1 [179.4790991041809, 91.09335983777419, 196.417259885526, 128.2985424645878]
255 1 [179.1945434380323, 94.96891904855147, 195.9116954821923, 130.7444710771899]
256 1 [177.4153556991369, 94.32193447137252, 195.1098466098511, 129.8734195878295]
257 1 [177.9246012438089, 96.12496919417754, 195.2044333863613, 131.8239564811418]
258 1 [175.7234338987619, 96.09639057563618, 193.4630521098947, 132.7210688931292]
259 1 [174.4804296661168, 96.42963466094807, 193.0984328443429, 132.9991039750562]
260 1 [173.6476093996316, 90.05968508170918, 192.645653838436, 126.3049217728186]
261 1 [174.042028548196, 90.64007228659466, 193.1730972849902, 127.1564789225747]
262 1 [175.5085710305721, 96.6347793941386, 193.3338029957087, 132.4423744183623]
263 1 [174.152577938512, 96.79494183929637, 191.283253446124, 134.3133675922325]
264 1 [172.538881065324, 96.70072286622599, 189.6473867206737, 135.9710271544541]
265 1 [171.0589287895709, 94.076338164974, 188.8264236668024, 135.2344712183731]
266 1 [170.5535623002797, 98.05634903209284, 188.2851414910472, 138.3499665943438]
267 1 [169.3351634908468, 97.35695225792006, 187.8453496886501, 135.6214359113526]
268 1 [168.327358590439, 95.64707387285307, 186.3272741324267, 135.3236443819772]
269 1 [171.0046205390245, 93.42843372421339, 189.128696858101, 135.167179476997]
270 1 [173.001628505066, 94.1733647515066, 191.0650270442483, 133.7263688241153]
271 1 [175.765116320923, 93.72681155102328, 192.5554062981601, 133.784556215729]
