biker 0
2 1 [260.0655032545328, 92.34917807579041, 276.0588843037685, 118.5637576818466]
3 1 [260.7057190537453, 91.73288763687015, 276.5889452966331, 117.255181701499]
4 1 [259.9881983399391, 90.70496979355812, 275.7393840995532, 117.5073574136824]
5 1 [258.8403837420046, 90.5454480573535, 274.768040050376, 116.1920439365079]
6 1 [256.7110692560673, 89.25595636665821, 272.3660737795096, 114.7157410480995]
7 1 [254.2908660545945, 87.45303990971297, 270.4813193424369, 113.340634112928]
8 1 [252.4882922358811, 84.9264280423522, 268.788185579776, 111.1292629662396]
9 1 [251.4692676663399, 85.09540273994207, 267.6764438337915, 111.3893998073442]
10 1 [251.673962123692, 82.54547930043191, 267.3753023534226, 108.815940768131]
11 1 [249.9750059321523, 79.5894500806462, 265.905663244026, 105.3239588954861]
12 1 [248.5874229479814, 78.81526894122362, 265.2570001531065, 104.8816007385025]
13 1 [245.0168446674943, 77.04726226697676, 261.3172410793392, 103.3455665007388]
14 1 [244.6794750392437, 77.40070996060967, 260.3661766262457, 103.3600758817852]
15 1 [243.9620687663555, 74.97068654000759, 259.743081182052, 100.4391842626123]
16 1 [242.5567952021956, 73.97737066447735, 258.5933322680815, 99.16677236094317]
17 1 [241.0983954779804, 70.59337641298771, 256.9980970814835, 97.02249858056227]
18 1 [239.2617118954659, 71.868025126867, 256.0316030663265, 97.66143143363006]
19 1 [238.6294760778546, 68.77515311539173, 254.1637810788513, 95.00341956343264]
20 1 [236.696570686996, 67.11770853213966, 252.73382629891, 92.54786158681077]
21 1 [232.5401932556415, 66.74970778822899, 250.0771313913649, 93.58391763513849]
22 1 [231.7265807222575, 66.15318422392011, 248.6798343675734, 92.63226958655422]
23 1 [229.434100728482, 67.34865361894481, 246.1252811081199, 93.36231186164349]
24 1 [228.0065574999899, 65.70920605864376, 244.6581765587158, 92.1599410049819]
25 1 [227.537606511265, 64.42828619922511, 244.4879322233382, 90.33230165850378]
26 1 [228.8112033009529, 62.72078546881676, 244.7308436013232, 89.10591855293312]
27 1 [227.2252371571958, 59.51592663372867, 244.0639269276265, 85.40221110950409]
28 1 [227.3850550167263, 64.52783180819824, 244.0103021167515, 89.0252270688126]
29 1 [226.5485115945339, 57.70994859933853, 242.0798898239833, 84.00300985510305]
30 1 [223.9639174137265, 52.66822573915124, 240.0191981719708, 78.1680950074245]
31 1 [223.4267123552272, 53.98715901374817, 240.1729077867861, 81.27791525340122]
32 1 [221.417444347986, 50.5966852158308, 238.8669223083495, 76.6955432370688]
33 1 [218.8481080342317, 46.55268649756908, 236.1229461272983, 72.79073049813783]
34 1 [217.6129467781866, 44.99101306498051, 235.0957505013674, 71.60978544220248]
35 1 [217.9797605276108, 47.50803914107382, 234.4160201140866, 74.1737694223811]
36 1 [215.6955680061365, 47.83319871127605, 233.0135742454867, 74.49389047895011]
37 1 [214.9327342534671, 44.95348352193832, 231.6191660005781, 73.70177664076137]
38 1 [211.9212876256788, 45.71751370280981, 229.4347045487529, 71.24403720582876]
39 1 [212.3786629872629, 43.43004646897316, 229.0107638614919, 71.24191168643262]
40 1 [207.9703143235529, 43.20615000277758, 225.3908370786943, 70.99912527784358]
41 1 [205.6595371660078, 41.59849479049444, 223.2654395238619, 67.36035676671469]
42 1 [205.9697657633806, 38.48822632059455, 222.7438289609891, 65.37858595865116]
43 1 [204.2957316475222, 39.26538142561913, 222.5630499306746, 65.99579831409712]
44 1 [203.581967516453, 39.68982617557049, 221.6761580578009, 66.52765427999792]
45 1 [202.7381272144849, 38.58247890323401, 220.2723037412278, 66.50553788536456]
46 1 [202.7172800522531, 37.68375451862812, 220.3993164098666, 63.5425249444701]
47 1 [203.9375495115528, 33.72860203683376, 221.5323151344555, 61.21428800204012]
48 1 [203.6497328985715, 33.44295273721218, 221.0767478760686, 59.00031059920875]
49 1 [204.3363905741135, 36.59219844453037, 222.4179044507677, 64.2607916381162]
50 1 [203.7865508157993, 34.29319846630096, 221.0572157318355, 60.32941818079227]
51 1 [208.7419376309263, 38.83619249984622, 226.4102000052723, 67.17192571966488]
52 1 [207.4156358648324, 39.88431739807129, 224.57691065904, 66.09117541057242]
53 1 [207.9830857921625, 37.0305847581476, 225.8326277393466, 63.94974216287814]
54 1 [208.6543937536189, 35.03503466269467, 226.8040774422618, 61.71851891027373]
55 1 [211.3101157356286, 37.09831881523132, 229.1690699119316, 63.93873019684205]
56 1 [216.5358543578768, 35.99918375909329, 233.3448425434732, 61.60104538950447]
57 1 [225.7592026885832, 32.8730660090223, 242.6891604362873, 60.85651168019163]
58 1 [234.8078348577255, 29.88010778278112, 251.611210176816, 57.44256927007254]
59 1 [234.3417315181578, 19.33842891547829, 251.0588829332661, 47.06373830634098]
60 1 [239.0759091075743, 25.28508836124092, 256.1544925932781, 52.87349393506423]
61 1 [241.4573217924917, 24.11727541778237, 258.5741296554367, 51.54143072663625]
62 1 [242.356761768111, 21.10629038605839, 259.6272255093581, 49.63418336403704]
63 1 [246.0832438614452, 25.68755702767521, 263.4726708284628, 54.44080162228124]
64 1 [250.0539718663786, 46.59085480216891, 266.6329037425834, 72.45038228040852]
65 1 [250.6686450630659, 48.74817246291786, 267.2000300631166, 76.71476918095689]
66 1 [259.3507929323241, 54.89906835090369, 275.1776516724513, 81.43392826473897]
67 1 [270.1795332229231, 61.69131224695593, 286.4374592243969, 86.8280094204714]
68 1 [267.0028965270612, 55.43791466811672, 283.3711273284961, 82.25426922360232]
69 1 [272.0585133230779, 47.12203180138022, 288.6099405673196, 73.19037968001985]
70 1 [244.5712772473926, 40.7546981908381, 261.4640359971639, 68.93369255355717]
71 1 [245.3964298214996, 43.4831367591396, 262.4030628314525, 72.16320575098482]
72 1 [256.2213680144632, 41.00501548219472, 273.3602377546321, 69.88406780725292]
73 1 [267.9068808155134, 39.92025534342974, 284.0003777979312, 65.07536669126404]
74 1 [278.9199625051115, 38.96853422466666, 295.4940460613701, 65.35179345571652]
75 1 [286.0396836420987, 34.2744257831946, 303.0936240862102, 60.25580408761692]
76 1 [291.6381470581982, 35.56472984794527, 308.7382310571291, 61.63858190947244]
77 1 [294.2880964741344, 34.54041882604361, 311.6132661706554, 62.29436691652632]
78 1 [301.5103329441045, 45.23081807140261, 318.4993014233659, 71.38012847013891]
79 1 [254.737024316215, 42.8241126909852, 272.1604568315007, 71.13858879471843]
80 1 [254.7482720758999, 42.53086993191391, 272.3334257832979, 72.3955926785105]
81 1 [255.9241141375387, 43.66157108638436, 273.4317194370472, 73.14530099296707]
82 1 [255.8406196158612, 42.63525651488453, 273.5445419910761, 70.45556336001701]
83 1 [255.3256120249862, 43.48348385840654, 272.8089791504808, 71.33488101392898]
84 1 [255.9862463359023, 38.10644225869328, 273.7199108897448, 66.22541624590457]
85 1 [256.1824886869872, 43.7649207720533, 273.7051690692742, 71.48805525565877]
86 1 [255.8835408833111, 39.35052865836769, 273.0856118512481, 66.12714137334928]
87 1 [255.0123825665796, 43.46501732431352, 273.0063934927396, 73.09506008747214]
88 1 [254.6596026882762, 39.12885355949402, 273.3720170705756, 67.06984885125195]
89 1 [255.161590130534, 42.36984898522496, 273.1027605503556, 72.36857856451888]
90 1 [255.354851131211, 43.07065024226904, 273.7263066002664, 71.37575444220238]
91 1 [255.5763758273097, 71.74983003828675, 272.568634679324, 100.3278504265872]
92 1 [255.5657091360772, 67.3320386717096, 272.9523312906501, 98.23230005110278]
93 1 [256.8776430744911, 85.45050339493901, 275.109224071586, 114.1552287024802]
94 1 [254.8023047108436, 91.74365179333836, 272.8825216162417, 120.2627528061302]
95 1 [255.8774555191631, 71.51788421161473, 273.2338604597192, 100.0463707922149]
96 1 [255.7475450165803, 83.396135346964, 273.0594962798895, 112.0929926301904]
97 1 [255.6252278244356, 38.8914117468521, 273.0775586416226, 69.34007668911511]
98 1 [255.4615874503506, 42.25699938088656, 273.7244398849012, 69.93352169706769]
99 1 [255.4363985673408, 86.94606239628047, 273.3893388327177, 115.5902343743928]
100 1 [256.0794977281475, 84.47122910013422, 273.2330644456328, 114.9271625109485]
101 1 [255.9539309699321, 85.81047011259943, 273.6608130421602, 114.0972555260853]
102 1 [256.7669044710929, 44.46621783263981, 274.0382944050808, 72.62850763420437]
103 1 [254.1312225366128, 43.99009913392365, 272.4276328387857, 73.24950155753353]
104 1 [253.61329169909, 106.5931614646688, 271.7889689842276, 134.5744888207662]
105 1 [253.1161657158518, 107.5516412565485, 270.9232678669348, 135.4700870960399]
106 1 [252.2683440331603, 106.2218936691061, 270.8149440439784, 135.2498047222334]
107 1 [255.2866328737, 106.3671470312402, 273.2087366451427, 136.1670383028357]
108 1 [259.6127784248674, 48.45172944199294, 277.3780284537126, 79.5950639737448]
109 1 [259.3858148526633, 45.88731535430998, 277.3438597467753, 74.85706696300028]
110 1 [260.0017389279092, 47.95443751919083, 277.5948602817472, 79.36264819246875]
111 1 [258.1555698808515, 48.6733401818201, 276.1568874580877, 80.40534991773616]
112 1 [259.1645318266237, 48.38817716296762, 276.8235445497052, 79.682967449014]
113 1 [254.8470563158626, 61.70694648008794, 273.1208401871518, 93.03347569152479]
114 1 [254.8320369418943, 45.66249468084425, 272.4902077612089, 76.88871314699466]
115 1 [253.9327338334406, 43.93408457469195, 272.0492424547222, 74.7615018324596]
116 1 [254.0242012633244, 45.15503658633679, 272.4411890658955, 75.14930102263887]
117 1 [254.9884115109453, 46.53603145573288, 273.4963398776017, 75.27031732775525]
118 1 [253.4936814286048, 58.05340439267457, 272.1288792472789, 88.16228038184268]
119 1 [254.6719770269701, 57.44944316055626, 272.715310545771, 87.27404536733621]
120 1 [254.0284134845715, 57.05209712218493, 272.1595728772307, 88.01469854346797]
121 1 [254.3495354937622, 58.31227615661919, 272.0609016914611, 87.67145516140081]
122 1 [255.2644875083352, 58.94412335893139, 272.9386298361947, 89.24314875365181]
123 1 [254.6139677657047, 59.97937048505992, 272.0814050850399, 90.59949002924286]
124 1 [254.7923524674261, 60.56974013056606, 273.0495917157996, 91.53797335397279]
125 1 [255.8272289108718, 60.30425729881972, 274.0948003372944, 93.50121273763431]
126 1 [262.3188246410573, 47.85145791899413, 280.1112498600401, 81.06313084794532]
127 1 [261.6728594523156, 46.82961004506797, 278.7767684582925, 79.36247900553714]
128 1 [261.1157895248616, 45.99101907294244, 279.2807852289677, 79.47888351147911]
129 1 [263.4906497268239, 72.27247412037104, 281.8650718263061, 103.7289654918203]
130 1 [254.7578316481086, 41.76941637601703, 273.2302416780612, 71.50190158291461]
131 1 [254.9846108044731, 38.58446717914194, 273.3507404177525, 68.92364413936116]
132 1 [254.3547327440465, 35.39079631399363, 272.2854113420092, 68.91768719456653]
133 1 [260.6981652645627, 87.19868681114167, 279.1395015832488, 119.4414185700883]
134 1 [264.5215546755353, 91.8939082948491, 283.0908374788345, 124.3837782853182]
135 1 [269.7337400583783, 98.51760378759354, 288.5069505489468, 131.0785018996382]
136 1 [262.0185023216764, 97.78283840697259, 280.6504046318079, 130.5007190166214]
137 1 [261.8850271074334, 112.627276728861, 280.2095100784548, 144.2244171268735]
138 1 [258.0361207990209, 87.26929855253547, 275.9813404271926, 118.7338620997906]
139 1 [255.4396251725266, 87.57256618421525, 273.2273416556986, 120.3314411265904]
140 1 [255.4952856941382, 90.80299797188491, 273.6670261311188, 121.9437516420335]
141 1 [255.3962222669506, 90.38658143673092, 273.9950493844996, 123.9255420001086]
142 1 [255.0076924074674, 89.53756223153323, 273.2812354905181, 122.7063470349859]
