bird2 0
2 1 [79.21702480316162, 219.1659745275974, 148.2255259617791, 291.8445690540473]
3 1 [68.47867777943611, 222.0597697496414, 137.7918450249933, 293.9322103468572]
4 1 [77.2360742688179, 219.6239281147718, 144.607549289829, 292.8849490435071]
5 1 [83.06105779856443, 219.0367464330047, 152.0501232754144, 291.6814529955142]
6 1 [97.41426786780357, 215.7238290905953, 165.9531525912556, 287.8065030802981]
7 1 [101.5050273239613, 209.5228980183601, 172.1555976335485, 282.2770195274842]
8 4 [91.90201858431101, 216.353314191103, 160.6300951836508, 287.0161164116]
9 4 [90.98420000076294, 203.8497239798307, 162.1802763456956, 274.5451474144426]
10 4 [108.4774789810181, 197.9846536815167, 180.4098891369519, 269.8636796688174]
11 4 [119.0130743980408, 199.4464705586433, 190.847579681618, 271.5228481241692]
12 4 [119.9928279072046, 206.1507956385613, 192.1385953979427, 278.9743890177326]
13 4 [114.6672944203019, 224.1745339781046, 185.8988716904004, 297.4287286655128]
14 4 [110.9522646446712, 211.8792145121843, 179.0873294137536, 282.8568153798166]
15 4 [108.8926211595535, 210.8713250681758, 178.8566939611515, 286.0462613789034]
16 4 [98.33612265437841, 234.6626979280263, 170.6304643530631, 305.7071883152921]
17 4 [100.3231642246246, 226.5871834456921, 171.6511780947859, 301.9387771205728]
18 4 [132.50381420739, 206.4667385518551, 201.9161644872531, 280.4159923266989]
19 4 [126.6956730782986, 214.67005790025, 198.1415042428532, 289.72531681968]
20 1 [122.4695649966598, 239.7124941744842, 192.9759964919891, 315.7365674212289]
21 1 [134.1801743945107, 236.4041933864355, 206.9341260106661, 312.5643460299424]
22 1 [139.2335005886853, 232.8159381896257, 208.2239685440015, 308.2030600212013]
23 1 [153.9134784825146, 233.4017808437347, 222.9360252970776, 308.1182168119277]
24 1 [139.7502648495138, 247.7841943949461, 210.6083920504616, 322.0836159898685]
25 1 [166.1149342954159, 235.2586571201682, 233.1976628150872, 309.2839847892153]
26 1 [159.1911016069353, 234.7942340634763, 230.1889035901631, 309.8073004868149]
27 1 [165.2730542365462, 242.0832588272169, 235.8317391641405, 316.4276192339634]
28 1 [165.1503397421911, 244.5963867269456, 236.5957617994752, 319.6106869937301]
29 1 [171.3600021544844, 238.8303797813132, 241.5144840424822, 312.3432956248051]
30 1 [171.3850653208792, 238.9377465546131, 240.3802600437708, 312.8122884855069]
31 1 [177.2690298631787, 236.6559815201908, 246.1245702983294, 310.7999153516799]
32 1 [204.6039347201586, 245.6418836191297, 273.0099535690019, 317.9523919346638]
33 1 [203.5593317300081, 242.4983307793737, 271.6561356516207, 314.1367061219715]
34 1 [204.8711252063513, 236.0211670473218, 271.9519633210012, 308.6246793954481]
35 1 [212.8927302211523, 236.7542783245444, 280.1811529684554, 309.4868702546036]
36 1 [221.565225109458, 235.5936785116792, 288.7997790682261, 308.1950981762948]
37 1 [219.9242619089782, 236.7335432842374, 286.5082919494883, 309.3821338574485]
38 1 [223.8554784506559, 244.9095704481006, 290.2261497218332, 315.9571313064141]
39 1 [206.8373335562646, 237.6694817356765, 278.6768939850902, 316.5347663393794]
40 1 [205.5346896909177, 235.618656527251, 277.082597363226, 314.3670328469697]
41 1 [234.8705922476947, 235.1710771657527, 305.7258491994934, 309.1903856102404]
42 1 [214.6121178325266, 237.9705128939822, 286.1816859240157, 313.8990576091573]
43 1 [209.124845251441, 230.8747092941776, 281.3552711405592, 306.7278133983411]
44 1 [229.525752145797, 238.0425354540348, 299.4009224490963, 314.1478565099321]
45 1 [222.8317381478846, 232.0646251067519, 291.9334847855439, 304.3097383865579]
46 1 [231.9433247335255, 233.5596121549606, 302.505886525367, 308.2705864283761]
47 1 [241.4420141689479, 233.7776687443256, 311.4592024428596, 309.1437600187749]
48 1 [245.1913790814579, 229.4558722088113, 315.938360078497, 305.2513073399008]
49 1 [248.5358857028186, 217.4292422533035, 323.1814594568007, 294.5272896905911]
50 1 [252.7290114425123, 205.1189779192209, 327.5317992001715, 279.7491682427583]
51 1 [250.341772031039, 207.5104538798332, 324.8979226065895, 283.5580285991763]
52 1 [244.0068526417017, 234.3380047967657, 315.9162972162438, 313.5493685704008]
53 1 [259.147952714935, 237.442238021642, 326.904235497823, 313.645989774931]
54 1 [264.3809182705591, 233.9809773005545, 337.3506487700724, 306.294358507233]
55 1 [269.6991355480859, 231.9298931099474, 342.2521813552734, 304.068321763398]
56 1 [269.4029314480722, 209.3597599798814, 340.1392572519445, 287.3179161039355]
57 1 [242.0756977833808, 228.1945288255811, 311.883673741341, 305.2517118525771]
58 1 [232.1114565841854, 232.7530638715252, 303.7006913465998, 307.7716569137474]
59 1 [230.215824380517, 234.4986286228523, 302.61635039281, 313.656047158123]
60 1 [229.6271182261407, 224.6553791901097, 300.0597164702003, 303.7185699804873]
