bird1 0
2 1 [442.5205394029617, 99.99248862266541, 473.642984149456, 137.1165288070838]
3 1 [441.7336695790291, 101.5972802042961, 472.6877560955952, 138.7113054223609]
4 1 [438.3545089289546, 105.9644776210189, 469.1777394707278, 142.524863369948]
5 1 [434.9087467193604, 104.3250067532063, 466.3317432288748, 142.3869639853385]
6 1 [429.4909408278763, 105.3100064396858, 461.1807024887311, 142.6046577288766]
7 1 [423.2605563998222, 92.78622627258301, 453.9812457013579, 130.9142810134738]
8 1 [407.9480409026146, 95.77291822060943, 438.8480379191009, 133.2945470269036]
9 1 [400.7088517546654, 93.87773575261235, 431.470980612886, 130.2620480899864]
10 1 [404.855911783874, 113.4024787694216, 435.588435635867, 149.8982802898176]
11 1 [404.0654703564942, 112.6711840368807, 434.9533712896044, 149.9639995668134]
12 1 [406.5046244449914, 123.3609724789858, 436.5776444737926, 161.3887893943431]
13 1 [402.9040478505194, 130.676125138998, 433.4153981740986, 167.5812890425881]
14 1 [396.2671535052359, 134.60166066885, 426.9705959424901, 172.6015723009657]
15 1 [399.3148430027068, 141.459786593914, 430.0746109549778, 179.2913186487903]
16 1 [402.7432086467743, 141.0354470554739, 433.5459824309829, 176.5453514053411]
17 1 [405.2582210078836, 142.0915921218693, 434.9935802537628, 178.2285826937856]
18 1 [399.8519909717143, 147.787451595068, 430.6993905422551, 185.4098550233049]
19 1 [362.8325974205509, 141.4392758905888, 394.1023201249227, 178.7197349769489]
20 1 [403.2795753106475, 139.6086365357041, 433.8959382106051, 178.3508014068123]
21 1 [402.3786771073937, 141.6986675560474, 435.597633829561, 180.0651682301528]
22 1 [384.6407640594989, 129.8534542415291, 415.5868229988206, 167.8690697034381]
23 1 [380.6474266070873, 127.2908929083496, 411.7456159776911, 165.4592575742136]
24 1 [391.5156793557107, 132.5578929088078, 423.3080770616184, 169.6936839600867]
25 1 [377.1272188667208, 126.7174166906625, 407.863009853789, 164.9898838839435]
26 1 [388.3382093030959, 126.7272124439478, 418.7453550436206, 163.7880761197132]
27 1 [387.1662067491561, 125.2382809668779, 417.5055127983101, 162.2075235708406]
28 1 [378.6701383683831, 119.9342012871057, 409.5816521569321, 157.936657763534]
29 1 [351.1265649143606, 130.3757702279836, 381.7361019377712, 168.6547782199767]
30 1 [388.7189577575773, 137.7935881633312, 419.6791079186301, 176.9730149815503]
31 1 [389.2117776311934, 155.215789116919, 419.1515958511524, 192.8318078294827]
32 1 [388.0117864497006, 153.6423263326287, 417.881346711563, 191.1587217996198]
33 1 [388.0806899452582, 157.5322759523988, 417.9240805843997, 194.8260521394668]
34 1 [360.0867208335549, 162.3065807018429, 390.278980132111, 200.9342431890829]
35 1 [359.3318374697119, 161.1546118650585, 389.4704608330907, 199.7046444871072]
36 1 [356.8135027829558, 160.3395366761833, 386.9096505548072, 198.8256430328533]
37 1 [356.1141550783068, 158.928673574701, 386.1455696329199, 197.3222813932189]
38 1 [390.3513210322708, 140.7722823973745, 422.4383321354688, 183.3068672059171]
39 1 [389.0887229200453, 139.6388163114898, 421.7133643618405, 180.9703553985494]
40 1 [388.8783455602825, 139.3600967060775, 421.1795145809483, 180.3401175400964]
41 1 [388.9004098773003, 141.2492118123919, 419.9493259121996, 179.1927497483471]
42 1 [388.7159842774272, 137.7165705990046, 419.5237934514028, 176.4123589019964]
43 1 [390.2721667834558, 140.1968519669026, 422.0816562245606, 178.9234581350785]
44 1 [390.9838452292606, 136.0768658574671, 422.4377082284199, 177.9285982253408]
45 1 [391.664847811684, 138.3350557740778, 423.2588876354112, 180.0114895089765]
46 1 [398.6366728341673, 144.0658810466994, 430.1881844981843, 180.6915013423684]
47 1 [402.5619458649308, 130.8596591372043, 433.9056850946886, 170.3267534553746]
48 1 [401.1586377546191, 124.7808950673789, 433.6522542127688, 163.2212101148699]
49 1 [403.4042854104191, 114.9711712729186, 433.2879886382479, 152.7877524714074]
50 1 [380.5633329097182, 153.2730287592858, 413.5633937832494, 192.2297769799954]
51 1 [386.7482641255483, 142.6985498610884, 416.9696038371875, 183.3282400884756]
52 1 [389.9187922114506, 148.3044867648277, 420.8742097475794, 191.6174445166886]
53 1 [385.7497093323618, 147.4392233323306, 418.7237077265455, 186.3177201976197]
54 1 [390.8330623675138, 158.316639540717, 421.474165485061, 199.3831823216865]
55 1 [387.0302903242409, 157.8314350789879, 419.1037572321733, 201.3132448465148]
56 1 [385.0685424599797, 154.8054420668632, 416.7695497385749, 193.5394350274887]
57 1 [363.2048621736467, 143.975281646708, 394.3542993684238, 187.4543928295789]
58 1 [370.3881779275835, 142.714663191, 401.809635824541, 185.4455088713918]
59 1 [393.198414972052, 157.5006062816829, 424.6785100515204, 200.3243554814192]
60 1 [394.1030637137592, 148.3353583759163, 426.2016899503838, 192.1874709124673]
61 1 [386.4673550948501, 150.7587228587363, 418.7525960604613, 195.4777970086054]
62 1 [405.1704457271844, 152.6629216689616, 436.6092527386047, 192.7964257930283]
63 1 [410.617753719911, 142.075604153797, 441.9685796009658, 185.2577739925258]
64 1 [405.6681452165358, 128.845336465165, 436.0531886165209, 170.6631071348493]
65 1 [398.6592583833262, 127.6694089453667, 430.0986239655169, 168.8240916863531]
66 1 [390.6139707993716, 149.3600417952985, 421.7526872599437, 192.2888593614532]
67 1 [391.5938861723989, 154.8308915365487, 424.2477885016007, 197.3657550058313]
68 1 [393.2188829090446, 163.7672013323754, 423.5028980935232, 205.8583995359007]
69 1 [395.9695230480284, 158.6761254537851, 429.1259335633711, 200.6996560784604]
70 1 [392.9744006749243, 166.9744450878352, 425.2037373643051, 207.8949878955894]
71 1 [386.7209717757069, 166.5442787075881, 418.3730188482597, 210.1205878186155]
72 1 [392.6750163603574, 164.1738414496649, 424.040446708262, 207.4135340477083]
73 1 [390.0394665505737, 163.2836185919587, 422.3150839120372, 207.2558713260104]
74 1 [374.5316765373573, 161.2212645146065, 407.8997427627305, 202.9016116723152]
75 1 [384.3987056203187, 159.3327332579065, 414.9465298183929, 204.2447224244199]
76 1 [396.7197928261012, 161.6346595343202, 429.1707384754776, 204.497859556077]
77 1 [391.2154805250466, 166.3410420401488, 423.2130188255204, 211.4475754525816]
78 1 [402.5500444006175, 172.8730730619282, 434.797242679468, 212.8073636156961]
79 1 [407.2393768336624, 168.5675850044936, 439.6433479747628, 209.2368386919191]
80 1 [408.7585756820627, 147.7768159005791, 442.2953706999048, 187.9108528891917]
81 1 [406.6918841642328, 147.1342746261507, 440.1926280213606, 187.2182668349495]
82 1 [394.2977062668651, 163.1565851124469, 426.2207253388314, 208.127373655252]
83 1 [395.2144879437983, 174.4550661277026, 427.6753758231837, 213.4655270168142]
84 1 [395.1812000628561, 182.7025700360537, 426.8373008825224, 223.6715627386258]
85 1 [395.325522204861, 167.4773673864547, 427.6362855897968, 212.5071826908673]
86 1 [387.174508754164, 164.9758929258678, 418.5105370799405, 210.4462954143331]
87 1 [386.5182132003829, 168.1522431585472, 417.9687476014189, 211.7544397126962]
88 1 [389.5016260920093, 167.8756889689248, 420.7554895390466, 210.9737754583096]
89 1 [393.1462548356503, 179.7945452819113, 425.1826973263385, 224.4444701872982]
90 1 [391.2381267789751, 178.4748244809452, 423.5865353646153, 224.1399918218646]
91 1 [391.6634069671854, 177.2037829703186, 422.3216940563632, 225.2657391848813]
92 1 [390.6082863649353, 175.8599779254291, 421.2043682974932, 223.8047767544104]
93 1 [388.4447014853358, 169.8026617523283, 421.8471449453543, 215.882426208567]
94 1 [387.938676668331, 202.817437533522, 418.8783127706818, 247.1847758195862]
95 1 [387.6179378908128, 202.1040579269175, 418.5225660314021, 246.4136890437091]
96 1 [385.1103575699963, 178.4482520411257, 416.5286698766874, 221.3683819234691]
97 1 [386.7856043633074, 185.6040270405356, 415.572312188896, 230.5562831795499]
98 1 [382.8778155297041, 170.8244067116175, 415.0295812266274, 217.7361101128648]
99 1 [384.2128479536623, 202.2644585650414, 415.6488737746726, 248.0091887960479]
100 1 [383.3359568843152, 170.101996777812, 413.2500486827705, 216.5846331129881]
101 1 [380.3092418480665, 200.8984672150109, 409.9272757082412, 246.3702573323726]
102 1 [381.1341416332871, 200.107261845842, 411.7146708499336, 246.3732757450177]
103 1 [381.3694339394569, 200.4246932732349, 412.6787324188884, 246.1420664834866]
104 1 [379.8338773995638, 200.5802456148376, 411.0581649768345, 247.3961672559979]
105 1 [379.1747065782547, 200.622044121701, 409.9148429902296, 246.9185713700379]
106 1 [377.9113463461399, 183.7463923043106, 411.9627864565395, 229.6956183191747]
107 1 [371.2217387333512, 207.2163876669947, 404.2664883005025, 253.3428249751218]
108 1 [371.8284437116236, 210.2562033256982, 405.1882518165037, 254.6473173723264]
109 1 [361.8371425811201, 206.346247891197, 394.2204599155681, 250.7977280610137]
110 1 [370.9943134114146, 200.8215458549967, 401.326800791907, 245.5508949259269]
111 1 [369.7189324125648, 196.5442235546652, 402.478509090038, 242.7682588130025]
112 1 [371.9123836010695, 191.6103285795543, 404.7957417352333, 238.6093293591332]
113 1 [358.7993085160852, 198.929277571151, 387.7214837451662, 243.8429288376006]
114 1 [367.075247053057, 187.0596013822069, 396.9722770831315, 231.8946785526994]
115 1 [368.4247188791633, 181.3815374823753, 399.9342741126019, 224.8656037333289]
116 4 [356.6431592833251, 164.3174309155438, 387.0350786539834, 211.5677665872848]
117 4 [350.9934272393584, 168.2362447537889, 382.211856102787, 213.8514654878337]
118 4 [351.4961530603468, 181.3267126538267, 380.8338668065397, 227.5541799373661]
119 4 [353.4018511381, 200.295111304149, 385.1908854910406, 247.2055898262941]
120 4 [354.5091001559049, 199.9591901757231, 385.8145757392452, 245.1044147167257]
121 4 [347.661794103682, 190.206420585746, 379.6185398885607, 233.5039169412238]
122 4 [347.5604202374816, 191.7254244395008, 378.2320146978899, 236.7464551293672]
123 4 [347.3079182729125, 189.3330877332483, 377.3138678446907, 233.0387892233162]
124 4 [357.8020707853138, 190.1384727748518, 388.1156567976518, 235.9925015296882]
125 4 [354.7683641090989, 190.2324502321426, 386.8263111895964, 233.2763476859142]
126 4 [359.7474932447076, 185.4312480299268, 389.7359702741416, 228.9557895150613]
127 9 [351.4244782701135, 190.298273084918, 381.0843557780671, 233.6545632728995]
128 9 [350.5513755753636, 188.2941490563098, 382.1836035708846, 229.8895837902991]
129 9 [341.7519478276372, 187.6493378879968, 373.5713425606198, 230.9516152266771]
130 9 [351.6006951928139, 190.5981439503375, 384.5008961429267, 233.4219387757695]
131 1 [358.3325910670683, 173.7908469757531, 388.9304985333321, 221.0445519902491]
132 1 [332.1698305718601, 183.7354706086626, 362.0767057575701, 227.2926905285789]
133 1 [344.6393248960376, 173.9637012185995, 373.9660677437327, 216.8173922982084]
134 1 [347.0241313576698, 185.401510756783, 376.9702832859893, 230.813465614388]
135 1 [348.0244867652655, 175.2593261979928, 377.1480203577543, 219.5792539605343]
136 1 [353.006082713604, 181.2726401688997, 384.8073320940284, 225.0922253064654]
137 1 [344.1825265213847, 174.78587278747, 373.9930803720803, 217.4949173981515]
138 1 [332.6776036396623, 182.0074496476445, 363.9696289669404, 226.3924843580184]
139 1 [348.5625477517024, 181.7310756503139, 377.78953671839, 230.6639957128171]
140 1 [340.14771457389, 169.8599977849517, 369.9347643084165, 211.969945408293]
141 1 [342.0329949874431, 181.2205335183535, 370.6709575078036, 230.1033793598441]
142 1 [329.1851295307279, 188.5996682627592, 358.6811181510911, 232.6323205607823]
143 1 [326.6693032030016, 158.9876166370232, 356.9549175235114, 205.6203572766574]
144 1 [331.8332654479891, 151.6614416625816, 362.2074879412202, 198.0438279413816]
145 1 [339.0235412735492, 162.1633628767449, 369.0647458554588, 209.9592702153997]
146 1 [325.5420182142407, 147.8432272013743, 355.7821566424767, 194.0475282943225]
147 1 [341.7551805973053, 159.8197683923354, 371.461004357353, 203.9569835593363]
148 1 [320.7197990324348, 180.2054320693424, 352.0900639432029, 226.1942036352593]
149 1 [314.7176475320011, 138.4789444145281, 345.3046607411134, 184.6603868310123]
150 1 [331.6254893559963, 131.3249193516094, 362.2002817162816, 179.3126218388568]
151 1 [313.2905011074618, 186.2337843480054, 344.0078211686122, 233.3218654585438]
152 1 [309.2704753819853, 170.4134183435235, 340.2463385310186, 219.4324062700731]
153 1 [308.4637845642865, 201.4242922666017, 338.8408085139211, 243.1315505565699]
