blanket 1
2 1 [172.1464541232586, 22.93120331978798, 196.9419186167518, 83.5169126435097]
3 1 [173.1084461188316, 20.34347452139854, 197.9359147843618, 80.82221005464143]
4 1 [173.7177187627554, 16.586712672472, 198.4866316716826, 76.9928436440301]
5 1 [176.7714992588759, 10.47643132424355, 201.5368384580771, 70.83390529527948]
6 1 [175.6656426614523, 6.670042648077011, 200.5470731867224, 66.94459543240025]
7 1 [173.6096983081102, 12.48809970831871, 198.5309673264479, 72.73553593349631]
8 1 [169.5300050503016, 8.318802489995957, 194.4482162243306, 67.90410312552584]
9 1 [165.3963919407129, 12.20734871840477, 190.1873460015436, 71.90624771513797]
10 1 [164.6807413226366, 15.81897742962837, 189.5058511607981, 75.37023884950536]
11 1 [160.7084526544809, 12.41921015000343, 185.7572857848189, 71.12186408797854]
12 1 [158.9487891322374, 15.48805601811409, 183.7656117703075, 73.28417872724499]
13 1 [156.9654691642523, 12.48150743460655, 181.8679178253312, 69.97060707406011]
14 1 [155.9525753235817, 15.09114898657799, 180.9727325555296, 72.7501336558029]
15 1 [153.1496967053413, 17.24095351910591, 178.293304391642, 74.56354865443564]
16 1 [153.8659061914682, 17.19559173481911, 179.08490941001, 74.70072911058705]
17 1 [158.4304465776682, 23.13588004010171, 183.8238749659183, 80.27999237842764]
18 1 [158.939483692348, 23.86265631216019, 184.573767860256, 80.33774919698159]
19 1 [158.5188211551309, 26.19518126743287, 184.3917623814268, 82.15263593441884]
20 1 [158.8254975391924, 26.67923233854026, 184.5810248386552, 82.01737111000514]
21 1 [159.9562743170559, 25.54112545596808, 186.0526195057182, 80.81537667893853]
22 1 [156.7515244944394, 26.29777334081382, 183.0743008523468, 81.83391206814189]
23 1 [152.80198095873, 29.17541525708884, 179.0637016669658, 84.49516232607647]
24 1 [158.7324464185536, 27.79056481467933, 184.8585561771477, 83.01735724232378]
25 1 [152.794519649297, 28.39355736421794, 178.9587438596084, 83.38879234405873]
26 1 [133.6720526082814, 27.4792252426073, 160.0597749190075, 81.72678902667532]
27 1 [127.4860334260762, 29.79531421708316, 153.8150479864292, 84.05166357623455]
28 1 [117.657966004163, 30.90509831356257, 144.3092021860933, 85.10282633977012]
29 1 [110.9735071523488, 29.10240262197703, 137.4157115228711, 83.6257689888419]
30 1 [110.0033113969863, 29.93608742403239, 136.2513814107655, 84.90591653519431]
31 1 [107.5906442715228, 30.14408969702572, 133.7741981358441, 84.76471553548251]
32 1 [109.2220521582663, 30.09868971454352, 135.3628791288173, 84.73106507227638]
33 1 [109.3415820463002, 29.55678890841454, 135.2199429119097, 84.07102115613749]
34 1 [107.8354428572953, 30.0862701927349, 133.5909408980209, 84.38905115935052]
35 1 [108.1580476327241, 30.10663275057823, 133.9324317055576, 84.85673482778255]
36 1 [110.3247901661694, 29.380089458175, 136.3560865463617, 84.07677679819638]
37 1 [109.9845002828538, 28.06611132258922, 135.779824817636, 82.9049070446317]
38 1 [109.0054884789884, 30.29933955902606, 134.7645255618428, 85.18605725160026]
39 1 [109.9292541532219, 30.25919601237774, 135.6536595084727, 84.38682260418726]
40 1 [110.2164860492945, 28.94950777208805, 135.7844039460323, 82.79003087290371]
41 1 [110.1601016851515, 28.07780466890335, 135.7045634820015, 81.89277743237346]
42 1 [109.4304502340406, 28.35788315078616, 134.8967080977479, 82.02139610403849]
43 1 [110.5949048282951, 33.55174606582523, 136.0961244625689, 87.39223797414105]
44 1 [110.5006417589635, 35.29631351968646, 136.1883671836756, 89.01734201644734]
45 1 [110.3098610373586, 31.86509257099033, 135.7729502744789, 85.58513161468197]
46 1 [111.6968101593107, 35.85167502900958, 137.3113492159476, 88.93809862316351]
47 1 [110.564525905475, 30.13641869565845, 136.2260211192691, 82.98173728101952]
48 1 [110.8903720559925, 30.6957597835958, 136.6528110656495, 83.14610869606676]
49 1 [110.1199309112877, 30.90104516512156, 135.7504082288102, 83.74859393144595]
50 1 [110.5326152922958, 30.88279381660186, 136.1560875129817, 84.12803356346291]
51 1 [111.6747315558046, 30.30520957229101, 137.3166534507888, 83.66771795588514]
52 1 [111.9432612838596, 30.06716667008959, 137.4057905862765, 83.87403531311227]
53 1 [114.4578992905468, 27.09825603557192, 139.7827157367088, 80.82594578143483]
54 1 [112.7743936660141, 26.7087390859183, 138.1521168424151, 80.38598785279044]
55 1 [112.6716410978139, 26.97577022281848, 138.1349963961958, 80.87228357396394]
56 1 [110.7269245250523, 26.48604549733364, 135.9422845162651, 80.3148326759941]
57 1 [115.9885680539906, 26.13877825704776, 141.1967047517991, 80.04342926353228]
58 1 [118.9208084209263, 28.69060509172641, 144.4002862739095, 81.90213159956907]
59 1 [118.9145816499973, 28.95269517121278, 144.4860598323815, 81.63145157311985]
60 1 [120.1499094451452, 29.0135921145361, 145.5356095291225, 81.79805533668227]
61 1 [117.4748246754194, 30.1090021783989, 143.0801994530879, 82.92510020257885]
62 1 [111.374776252606, 31.35025877305679, 136.9319739049692, 83.66843094647926]
63 1 [110.7592139775539, 31.16085013174825, 136.3631911647412, 83.49968315644793]
64 1 [111.8028650070215, 24.91874297880941, 137.2893716561002, 77.9021417045763]
65 1 [112.7082199240709, 25.7177267762404, 137.9193137252643, 78.11685512362976]
66 1 [110.4035799587751, 26.28018444204145, 135.6029318696257, 78.68950902219868]
67 1 [112.0959313596273, 23.52576529407315, 137.5757771495111, 75.85340624367147]
68 1 [111.5613902742649, 24.4532530548554, 137.0752271815795, 76.69616382446455]
69 1 [120.9850920374179, 24.27162127369456, 146.6201899952902, 76.63751879992837]
70 1 [124.8291696245456, 23.15222801440768, 150.4355188301651, 75.4686642561465]
71 1 [124.3975500772381, 26.90635563605838, 150.1777523269992, 79.3375655888252]
72 1 [125.4499971876526, 29.30015625232272, 151.0605903969352, 81.88083982550825]
73 1 [123.1833118210221, 31.34363638037257, 148.6460091602638, 83.82416118891854]
74 1 [115.8583909283066, 31.45561334477179, 141.1255493505094, 83.78916916525722]
75 1 [119.9308636794472, 32.36441721008532, 145.4599855309946, 84.74299836819449]
76 1 [116.9857472191239, 31.11264471696131, 142.1962469679094, 83.96821626088307]
77 1 [119.6492052088166, 31.37257457510941, 144.8649535777907, 83.91873576483044]
78 1 [119.904183951267, 34.67994184033387, 145.2230244110812, 87.34521724724327]
79 1 [120.1618277105177, 33.24615583555215, 145.3104999449002, 86.28372163514104]
80 1 [122.4740338894213, 34.06080708639138, 147.3951959091279, 86.81296764714951]
81 1 [118.9466477009142, 34.10969650638663, 144.0197693463117, 86.92704091278519]
82 1 [115.9548739167536, 33.74762954456173, 141.0750300574459, 86.172656708278]
83 1 [119.9074444743479, 33.99908762690984, 144.9288629478216, 86.2106737970223]
84 1 [118.4188210042799, 33.2419853311535, 143.6438517748711, 85.80570814588836]
85 1 [120.3206587406481, 31.39804948387109, 145.6766489618812, 84.45996821421713]
86 1 [121.9936173232878, 31.04611218241416, 147.2553461377451, 84.22032518017069]
