BlurOwl 0
2 1 [355.6998804807663, 205.5552515983582, 412.5977835416794, 305.3392357627551]
3 1 [358.7506458759308, 207.8687534332275, 414.9047241927174, 308.6651737407579]
4 1 [359.9963356917724, 209.374841734767, 415.9255071550722, 310.0120199801653]
5 1 [362.6425494849682, 213.0610421895981, 419.2453685896669, 314.8036712346629]
6 1 [362.4325247518718, 208.5393924117088, 417.9482393798609, 309.2235395514375]
7 1 [361.0758528709412, 207.4886270463467, 417.9179882492573, 309.5862862315623]
8 1 [359.0522106215358, 212.4348585344851, 416.1203720275561, 315.3401550177779]
9 1 [357.7105985619128, 208.0868250122294, 416.1221956939402, 304.1541082717277]
10 1 [355.6178285777569, 202.4634675532579, 413.2532734057805, 302.2441404459221]
11 1 [356.8080953359604, 203.2341845929623, 413.9378006923672, 306.5061581183498]
12 1 [352.3470517098904, 192.3415594398975, 411.2087527091082, 294.8004595102909]
13 1 [355.3393959105015, 202.6878237575293, 414.303465609152, 304.0722642010109]
14 1 [354.9976741373539, 198.1395785361528, 413.1656925029673, 298.5726801002596]
15 1 [355.0540783666074, 192.0915635339916, 412.095748282892, 289.4656959886667]
16 1 [354.0523001542315, 182.2035976350308, 411.5075901461933, 282.0583302060358]
17 1 [359.5111832944676, 179.8979630824179, 413.8860710479839, 278.452832543822]
18 1 [357.0990432277322, 172.0786722227931, 414.0941572257918, 272.6017078880459]
19 1 [361.7042217953131, 173.6748308283277, 419.5753856448501, 271.3876848092881]
20 1 [365.407930704765, 168.6865189429373, 420.3045371641616, 268.0228037741077]
21 1 [365.0364578133449, 181.017928769812, 419.9096045674423, 276.6765410817926]
22 1 [367.4829242229462, 196.0237566232681, 422.6076750510709, 297.0459632557905]
23 1 [370.6285990811884, 210.1810609959066, 426.4165073852155, 306.4169913630121]
24 1 [375.8432419635356, 219.948124255985, 431.8363956747581, 315.9251550242969]
25 1 [369.031451869756, 215.6649144031107, 424.8413488344779, 312.8719864979606]
26 1 [368.7531067281961, 215.250891264528, 424.5283134306797, 312.3917156207552]
27 1 [363.5819572247565, 228.0857866667211, 419.8981814236289, 323.9506851502163]
28 1 [362.5451452322304, 230.9732943437994, 418.7917661774229, 325.6688624365594]
29 1 [367.0143746808171, 202.7588185612112, 420.9039020906303, 301.6937104520896]
30 1 [361.5540810246021, 195.3023447878659, 416.5009158442841, 292.4356506350646]
31 1 [363.28625533171, 185.3701957352459, 418.5311144049547, 282.4089289339383]
32 1 [358.1847265679389, 179.2972435839474, 413.4709169782793, 275.406395051604]
33 1 [357.7097020614892, 178.7215666510165, 412.9496346644723, 274.7425772357722]
34 1 [353.4488664604724, 173.1331594046205, 410.2588822824405, 269.0618687541959]
35 1 [340.0975230187178, 187.0958311799914, 394.7347578604976, 284.197944902679]
36 1 [332.1580906715244, 192.5896736830473, 387.9902842949032, 297.7012440617098]
37 1 [326.7126219570637, 190.0568689256907, 381.4325309103854, 296.4282185873811]
38 1 [324.6347944010049, 203.4892055243254, 380.6985370859573, 307.6043379344872]
39 1 [320.6542959660292, 204.9656971953809, 374.7075687875218, 306.0249120664424]
40 1 [329.4732366167009, 190.4698193483055, 383.7170508200703, 286.2560663793231]
41 1 [339.8044023513794, 179.2102465908974, 393.2418212899869, 276.590536424168]
42 1 [342.6471040248871, 166.6175565999001, 396.5049401151166, 264.0286753864273]
43 1 [337.3416744209826, 151.8393730409443, 396.2681860135302, 253.5369517626635]
44 1 [331.9391553141177, 143.2753156907857, 391.2869910861609, 244.7909479036872]
45 1 [332.7226891219616, 153.7800336759538, 387.2583580224827, 249.441997229327]
46 1 [344.1359987333417, 175.6174108982086, 398.8435275562366, 280.8055791268049]
47 1 [349.9497006637976, 185.0012146346271, 407.232795737999, 288.1589058427041]
48 1 [347.7495472915471, 152.7929673008621, 405.9851355728858, 261.3638236725884]
49 1 [357.6826714202762, 169.9071848616004, 413.9937729902023, 278.4237116922365]
50 1 [346.3102578409016, 138.879514079541, 405.4636859168431, 246.6922623969588]
51 1 [364.1361021194607, 195.5371577516198, 421.1234456705025, 293.2534089433955]
52 1 [379.2097903266549, 168.7077184990048, 434.1535896135071, 275.5692297490954]
53 1 [383.0946935191751, 163.6748244836927, 438.1654937886242, 270.4127585083821]
54 1 [383.6489851996303, 165.9745740368962, 439.5351902959656, 271.5049028096079]
55 1 [373.6935931947082, 192.4372547750827, 431.2183807468609, 299.3102417482058]
56 1 [356.2607766166329, 186.7925265282393, 410.2877283239133, 291.2541562085713]
57 1 [348.6928146230057, 172.9271134026349, 405.8324807087336, 285.2846903954958]
58 1 [340.0459190541878, 180.4587862677872, 396.8135922148645, 292.4286266043558]
59 1 [355.9818912055343, 218.3615223949309, 413.5754101131515, 323.6896906093999]
60 1 [353.2875986900181, 177.8371391296387, 408.2029302846664, 273.3434436300524]
61 1 [350.2124431580305, 159.032261133194, 406.5085029932545, 264.6869836572535]
62 1 [345.4646773859859, 160.9968018755317, 398.7359523741733, 263.670061056744]
63 1 [320.6226067189127, 171.053162612021, 377.5761775187976, 263.8029602435257]
64 1 [334.5071393009275, 196.2904943004251, 391.8027490356661, 301.4669741145701]
65 1 [335.5997837837786, 201.5491438880563, 393.1726272750514, 306.1491071627696]
66 1 [326.1203469093889, 210.9566098023206, 383.0581802746788, 315.7798954464524]
67 1 [323.931193029508, 210.829380903393, 380.1330095004292, 316.6055230424972]
68 1 [311.6066245958209, 181.9630934149027, 366.6804173992832, 282.5053563008504]
69 1 [319.7231863569468, 164.7472722679377, 378.5570840949073, 262.6676426227222]
70 1 [316.9817479085177, 164.3200130239129, 375.3537298775929, 262.8105184307247]
71 1 [305.0403848420829, 181.674646422267, 364.8060037548667, 280.5600842705117]
72 1 [299.4900363907218, 183.2481172345579, 354.2638294438411, 290.8043907859371]
73 1 [312.4685869961977, 197.6139733046293, 365.6570565978052, 304.0769457294617]
74 1 [320.7683254256845, 201.9315427392721, 374.1404700233614, 308.2529245208088]
75 1 [326.5160265322775, 202.5372022241354, 385.2550508661131, 300.5476724625727]
76 1 [327.2320746667683, 202.261218637228, 381.9401339680939, 300.2694192976223]
77 1 [306.6818069703877, 192.0491455998272, 361.4682337373771, 287.6479246921804]
78 1 [299.8370665535331, 189.1499583274126, 361.0477984869716, 284.8180185222274]
79 1 [307.0363992105704, 209.7817209213972, 361.6884982386408, 308.5852123295595]
80 1 [309.3637571474537, 210.2549109086394, 366.3258662873837, 324.5634983099124]
81 1 [311.5836359784007, 224.0876836925745, 369.5558426449841, 323.903219062872]
82 1 [317.0583143075928, 220.0875392779708, 374.9161403641368, 334.398911977478]
83 1 [332.5518727339804, 216.4890882223845, 385.1102750365768, 326.509129937954]
84 1 [326.3096364252269, 190.756196924136, 378.5082092501443, 299.2375373350164]
85 1 [321.9365321276709, 185.670559708029, 378.5623300189508, 294.6030616645851]
86 1 [299.4920570859686, 194.5038489662111, 355.5955198548233, 301.6950405304044]
87 1 [298.1390133211389, 205.2313629947603, 354.1505714109581, 311.7564478805318]
88 1 [294.0992119340226, 204.7214247696102, 350.3810482970159, 318.53148725445]
89 1 [284.6017857817933, 204.8297176547349, 340.5997042596158, 319.0277380022541]
90 1 [288.1412388188765, 219.0381966941059, 343.2464134521545, 333.0359395871827]
91 1 [291.2062549628317, 187.8731254246086, 345.5249042955176, 294.0755838586953]
92 1 [292.6984798945487, 178.8905087616295, 347.3384877571121, 285.0888475349656]
93 1 [302.5110715664923, 171.0422328617424, 357.473814653395, 277.1713325906291]
94 1 [279.8903652084991, 168.6462576910853, 336.7970025355765, 277.7425686080824]
95 1 [268.7189507661387, 186.2192198485136, 323.7088698319763, 291.6644030461979]
96 1 [272.6447821771726, 199.7794976308942, 330.1065522488556, 317.0773221528203]
97 1 [274.1237048422918, 205.459020383656, 330.0153020795148, 323.0094090240411]
98 1 [268.522859624587, 205.3453701492399, 324.774562815944, 324.0045971357818]
99 1 [263.0964544033632, 195.4276992604137, 319.1124787443454, 305.8121096442567]
100 1 [261.5691389134154, 164.3249605819583, 317.8775389055138, 279.4781032246567]
101 1 [259.9505542768166, 160.6315764822066, 316.7851589797839, 277.1407253077285]
102 1 [247.0370718687773, 164.5282027814537, 306.2696330487975, 276.8631880123584]
103 1 [235.5289001008496, 178.598783262074, 292.5003947072441, 291.4924751328957]
104 1 [252.1749069159851, 197.9994567707181, 309.595642159324, 312.3838223745695]
105 1 [272.5125926351175, 173.8201572969556, 328.6456834059549, 290.9206975820307]
106 1 [276.7906713476405, 183.0853752270341, 332.6289766565731, 296.7664577061982]
107 1 [284.0825104704127, 188.4960719421506, 339.8731883968897, 294.8853349157488]
108 1 [281.4656462883577, 169.5362500324845, 336.7300179126933, 280.7007752653768]
109 1 [296.2641097595915, 193.2480184864253, 351.3340590551929, 300.9493710455342]
110 1 [298.7974991640076, 176.9123474545777, 352.7346503524519, 289.7425658075687]
111 1 [301.044467379339, 162.2020088732243, 356.1345683464458, 278.5402674766769]
112 1 [303.3654364189133, 180.2985302209854, 357.6060862081401, 293.3452816953979]
113 1 [307.3023217534646, 147.8558415118605, 362.8219283856857, 259.7096994159496]
114 1 [316.7785581564531, 172.3463700190187, 374.1066282219497, 279.1473754907295]
115 1 [328.8346442198381, 169.1623363867402, 386.6817857524081, 276.2126227759435]
116 1 [314.0494716344401, 175.4719928875566, 367.9525996778122, 288.324404486496]
117 1 [290.5339246978983, 175.9543021991849, 344.9193385708099, 284.3928438087415]
118 1 [284.179708509706, 174.8054998591542, 339.0989166148593, 275.7096669373267]
119 1 [279.7802913645282, 164.6931012384594, 336.0737729091949, 282.056115273859]
120 1 [278.8675799397752, 199.9795391634107, 334.9425809758151, 314.2261281524312]
121 1 [277.0832591867074, 199.4423461742699, 332.8454573123207, 314.7928575267117]
122 1 [295.2080716369674, 199.7321692332625, 349.306338885218, 311.0259750407825]
123 1 [306.1493089506403, 193.2167645953596, 364.3090443466921, 310.4987304343778]
124 1 [307.789590078406, 185.1241757175885, 362.9675482206569, 292.9696300137031]
125 1 [316.9993836143985, 183.538646068424, 374.5452789687389, 300.6633477419159]
126 1 [322.2336451327428, 168.2473974712193, 379.4101962003137, 285.5168769048657]
127 1 [325.102672371082, 195.2495548538864, 376.9246525378752, 302.4611999296441]
128 1 [317.6430080821738, 198.2186155989766, 373.2609325596845, 298.596939670588]
129 1 [318.0119692152366, 186.4498428059742, 370.5621227336699, 293.6615615334874]
130 1 [327.2371558276936, 192.1940362863243, 378.2495538038285, 299.2913156902947]
131 1 [322.0541160544381, 204.4567749127746, 377.7557790000067, 305.2438985989547]
132 1 [306.3182779205963, 187.7321347771213, 358.8375827518855, 295.2185277082764]
133 1 [297.3239360926673, 197.4830708852969, 354.701706703697, 303.5083832446424]
134 1 [287.8308983696625, 174.3852222142741, 345.1963171091065, 286.1873099333452]
135 1 [288.1112856036052, 174.7632076023147, 345.5085945280009, 286.6324274390806]
136 1 [295.0242276852951, 180.9723265878856, 345.2199561825374, 286.0636433360999]
137 1 [290.6751579781994, 174.3855248242617, 346.669098115156, 271.0071205896534]
138 1 [294.0703231797088, 152.4946506544948, 350.3755903076483, 261.5391249645086]
139 1 [296.4220600530971, 145.0168888494372, 352.6953171903792, 255.2476370591859]
140 1 [296.6701290153433, 145.373955540359, 352.9802633217461, 255.6899068975138]
141 1 [301.4634911706671, 157.5031964890659, 357.8071917347047, 253.0370128820725]
142 1 [303.9813069617376, 165.0086854994297, 358.6604228359402, 262.884131598589]
143 1 [302.2249098694883, 155.7568083181977, 356.4583228731156, 252.0542848873457]
144 1 [316.3003617143259, 145.2029118508799, 365.9007651949357, 251.6682073215048]
145 1 [318.8814638883341, 134.3401412889361, 374.282775865481, 241.3658762643734]
146 1 [326.2253706147894, 151.5611335486174, 381.3175267424881, 251.1188445478634]
147 1 [332.0935051133856, 145.4605731219053, 387.4509818285679, 245.0213358465321]
148 1 [335.4524691766128, 143.2376275033457, 384.332014957079, 248.288004440752]
149 1 [304.5363598680124, 164.9806124195457, 361.2547603436317, 256.6698489394113]
150 1 [300.0804327605292, 179.8195832911879, 355.4188915172786, 275.9501213689993]
151 1 [298.6805182546377, 175.6046042628586, 353.6726873795909, 286.1557903449838]
152 1 [289.2029440021142, 161.0210890173912, 345.3565736062989, 252.801766412812]
153 1 [287.6786592453718, 173.0552033372223, 342.8203072271097, 282.0647744656408]
154 1 [285.2655161907896, 117.1020707525313, 340.5804727574885, 217.3843657283967]
155 1 [306.9331061830744, 120.6123498212546, 361.662476240688, 219.2138354027911]
156 1 [311.4203050723299, 117.7561235558242, 365.635321407305, 216.7518192701697]
157 1 [326.2308895601891, 187.2694628350437, 379.9024419382453, 288.4728918942753]
158 1 [339.7357980152592, 148.5736002408667, 387.0606539555579, 254.6612435236071]
159 1 [340.6438711276278, 150.0661477827234, 387.985993697443, 256.2047316224783]
160 1 [354.3080616733059, 148.3030196659965, 401.2399440539796, 254.8630504581985]
161 1 [294.9163804159034, 96.76753227505833, 350.4368303552446, 209.3244134744462]
162 1 [305.7778846649453, 177.6620140802115, 361.8774012173081, 273.7721884501441]
163 1 [278.5354669347871, 118.3126735212281, 333.3795596364338, 232.6128038415414]
164 1 [291.6850867299363, 176.8574920427054, 348.3225005184315, 274.3765308139033]
165 1 [292.844932618551, 177.1766244377941, 349.5136338204397, 274.7585168070991]
166 1 [281.1199312834069, 175.3647819664329, 337.3553678035682, 273.3098191285284]
167 1 [315.2358060507104, 161.2216487657279, 372.2285614309413, 257.7236085723051]
168 1 [322.1878300784156, 159.4654226712883, 378.0844418051469, 258.4631945366887]
169 1 [324.0283271102235, 166.3191271331161, 381.1015266179531, 264.2523104783572]
170 1 [331.5324371671304, 156.5084531474859, 386.3689599235899, 253.2431188509372]
171 1 [316.13511247118, 98.40506904665381, 372.9111890957292, 212.5982828185896]
172 1 [334.6308169004042, 110.7383804293349, 387.8624088227505, 220.4766634822513]
173 1 [335.8555647220928, 123.4000115366653, 389.3159040993122, 232.8292607500692]
174 1 [345.3413947906811, 129.4157909126952, 398.7518418127984, 240.5017013159266]
175 1 [343.7723892882932, 118.306078937836, 401.5654523823009, 228.9645036934142]
176 1 [345.6282511309255, 118.7717161597684, 403.4633805737357, 229.520239911036]
177 1 [346.4880981252063, 119.8557381602004, 404.4178197371188, 230.8266244194529]
178 1 [306.5369319871534, 102.1289843614213, 363.6518725088377, 217.2756714331653]
179 1 [303.1147280716104, 96.00710720662028, 359.8351234939787, 209.2491442426423]
180 1 [303.0937369868625, 102.4783948520199, 358.5315137091757, 218.6222508913912]
181 1 [304.5561007045908, 93.71623018663377, 360.5544970113222, 208.0324079334805]
182 1 [288.7578240417643, 101.3072185302153, 344.6209137408926, 220.2081625877252]
183 1 [279.696618314134, 83.48535479186103, 337.2044618799649, 198.5544580705436]
184 1 [296.5592869326938, 110.0011904831044, 353.3339497372621, 225.0467382152419]
185 1 [284.5869756073225, 113.7027856791392, 339.8934879962123, 226.863816661706]
186 1 [318.1897233754862, 121.2124731231015, 374.905641675865, 239.3427481445088]
187 1 [273.7865871146787, 103.8717595688067, 330.6261478041018, 218.9867350017496]
188 1 [271.9963916026754, 106.1160499127582, 328.289011507323, 229.0969909186707]
189 1 [262.1052300885785, 107.3810158125125, 318.8984349671744, 224.4505470051924]
190 1 [277.6777124919463, 125.1604119027033, 336.2576429402611, 239.1253864277003]
191 1 [290.9577457562555, 120.0210752561688, 351.2517871825284, 232.6992804916431]
192 1 [297.8263190716971, 114.8879430154339, 352.3439976793938, 234.4247928185523]
193 1 [306.6657102063764, 114.4641842148267, 363.6214789437846, 229.0556394251747]
194 1 [311.0685128301848, 91.86055381689221, 364.5277804168731, 211.5542164806933]
195 1 [306.0937361054821, 87.36956023517996, 364.5579621756261, 204.5389619415121]
196 1 [311.2771992021008, 81.74855136219412, 369.9712956206819, 198.8796510329961]
197 1 [325.807494423585, 100.0805706876563, 382.9632314286338, 219.1472815818733]
198 1 [330.2984413460363, 109.5739736631513, 391.4291814484272, 222.6527912403648]
199 1 [333.2013848059578, 77.92655170802027, 392.4332365608931, 195.5358650695819]
200 1 [345.3798344687093, 113.8427099063993, 406.4398558583791, 228.0311378230107]
201 1 [338.8005223267246, 130.5905236387625, 397.7297229771642, 247.1330013668219]
202 1 [328.7841660444392, 155.7145043173805, 385.7499624092546, 277.2390529280052]
203 1 [323.5752824608935, 161.9288431564346, 383.5594745973798, 282.3775482686158]
204 1 [312.8347936932696, 160.1468703607097, 372.3031206962004, 281.0534974572267]
205 1 [318.2877208207501, 171.8181180292741, 378.9878988066589, 290.9884551716814]
206 1 [317.7115806107177, 169.765187622048, 372.9548745627437, 292.0278952791914]
207 1 [331.358819483663, 180.3412586906925, 391.6999288854582, 299.097927960633]
208 1 [337.7172048304929, 161.7467292109504, 392.9105451188891, 284.3167234543989]
209 1 [326.5376420979155, 159.9736951002851, 381.5050550566343, 279.8781460070227]
210 1 [310.100220228429, 163.3508087312803, 369.5534803315079, 279.3644531157611]
211 1 [301.0368250225438, 161.0672616297379, 361.3384898292145, 281.3443626528284]
212 1 [299.3038100664271, 176.3559508780018, 356.8539658935837, 299.8452583404485]
213 1 [286.2364496205701, 166.06091194693, 347.048117276495, 286.974949164515]
214 1 [286.4268420551671, 181.3022154187784, 344.8797654459875, 295.5069202327103]
215 1 [278.2347959427862, 163.7843090007082, 338.3291738645214, 288.3325857701339]
216 1 [282.7934292991413, 165.7583399200812, 338.7797151036452, 288.5884133087873]
217 1 [299.4702654473949, 173.618665471673, 356.7742267410391, 282.1344227852578]
218 1 [314.4676133160247, 150.6721774851903, 374.15940095894, 268.3480066410282]
219 1 [315.5373600826133, 192.4811284746975, 380.4214116039128, 303.9087882374087]
220 1 [313.1217516541947, 177.8461548630148, 376.9841106939767, 290.8789053802881]
221 1 [302.8180464126635, 177.2238138914108, 360.0200006996982, 284.780632515614]
222 1 [286.9022141073365, 177.8741855910048, 350.7758123780265, 287.7555809504676]
223 1 [278.7490973536624, 185.4772867904976, 336.7350249994723, 309.839645477414]
224 1 [275.1445259202737, 197.8950508115813, 339.5150087208141, 307.0191739712186]
225 1 [270.9799415533198, 181.6465841876343, 328.6707697273677, 306.7303609834826]
226 1 [266.9710551158059, 180.6563683776185, 329.4177817316967, 291.3858334885098]
227 1 [262.2565045908559, 154.7784085748717, 325.4622706883882, 263.7963018389824]
228 1 [255.7905599017395, 170.9674807908014, 314.736492368247, 282.2640505820758]
229 1 [262.4829105854733, 155.285113834776, 320.222692848511, 270.2377203318273]
230 1 [268.918191497447, 189.3676682738587, 330.1382365064095, 297.9684760304037]
231 1 [280.0654162241845, 183.4524098867551, 338.7631675932854, 301.7419382925202]
232 1 [268.5990674243076, 162.0947266267613, 327.4690118261901, 288.9148540648397]
233 1 [284.1043665780453, 185.0316533483565, 341.645448845732, 306.3932016343943]
234 1 [287.8471229926217, 194.6599225504324, 347.8908748228, 305.6503335241498]
235 1 [302.202976233908, 177.6523571248399, 359.1044304608704, 291.3364843521077]
236 1 [308.6744068932021, 176.3725077147828, 364.7072775678268, 290.6260277229568]
237 1 [314.4214435290778, 182.4595799084054, 371.2151150083017, 295.9387607171576]
238 1 [317.4959282946074, 174.9639495249139, 374.7813653200328, 288.6235218162101]
239 1 [313.4845848896075, 205.1178692830727, 373.8302766595686, 315.2621237067252]
240 1 [310.8608871287433, 148.1054835477844, 369.1276470530876, 265.9253043274963]
241 1 [316.7606378028868, 146.8336867252365, 373.5632096732592, 261.6489524729544]
242 1 [325.3127259443281, 138.388742105104, 382.4674278755238, 253.1088177081674]
243 1 [317.2637868960155, 139.6772738909349, 374.399432888823, 266.8102798690526]
244 1 [337.379910982796, 196.6940060044872, 395.9117166153961, 314.6496689847734]
245 1 [338.9906789731467, 198.7268136228668, 397.7028981105497, 317.1386163011489]
246 1 [320.9604736041511, 183.3751872341381, 375.408302116278, 296.9085254268901]
247 1 [318.3664868582273, 193.5920366431819, 373.1797497546051, 305.6923438052423]
248 1 [320.5331694890047, 199.3723597909557, 375.387864077942, 311.1404687372511]
249 1 [332.9333734287648, 198.9594142409042, 389.1783409380666, 319.2363984869234]
250 1 [307.8093113374198, 157.5745285042794, 366.530661230658, 274.7087316160946]
251 1 [324.6357851763023, 171.3145819669589, 380.5970785440528, 290.1279519632706]
252 1 [319.106004401925, 142.6043495992199, 374.8734974831058, 261.1517167873805]
253 1 [318.4904744297965, 191.8249548496679, 376.2977144585771, 321.3637668313908]
254 1 [309.1813340325607, 180.9625956779346, 363.9894002768559, 305.1157124941041]
255 1 [306.8484329207568, 159.6772855976597, 364.498221794104, 272.001481631622]
256 1 [309.4545300825266, 160.381183446385, 367.1745619041507, 272.8650603144226]
257 1 [313.2513861075277, 188.5086679245578, 368.9790856022437, 306.2943392387289]
258 1 [315.7213780338643, 190.4721061177552, 372.7992785192678, 318.1563116245486]
259 1 [304.178783414769, 153.9082525894046, 357.5420434639466, 283.0482711875112]
260 1 [304.4016988490475, 193.250270829536, 360.8103770548407, 325.1147973019337]
261 1 [299.8071638316615, 206.2639358351007, 357.178738792584, 335.0615926698121]
262 1 [294.7275184661849, 210.4020046899095, 351.3114484641339, 339.8442376739821]
263 1 [300.5009180024499, 177.4529292221414, 354.6811780303941, 297.0881394689168]
264 1 [313.1493486844702, 183.4832299211994, 369.6699388127778, 309.2466976124776]
265 1 [318.0206083141966, 180.3590020993725, 375.3800787485239, 306.3630973508346]
266 1 [321.2605727192713, 202.5159296384081, 376.8541011111026, 327.3203841637288]
267 1 [317.6568281193031, 211.6850005639717, 375.3999832172495, 340.4380268016165]
268 1 [298.769645244698, 208.7102921577171, 358.2350585760455, 338.342939234741]
269 1 [318.0319775183452, 220.7347848443314, 375.6844753170175, 350.6913960241351]
270 1 [310.6994626120431, 227.9304944993928, 367.5422860677832, 349.3584498110861]
271 1 [307.3486801245017, 212.5966291865334, 360.308112427071, 335.1130202028693]
272 1 [317.6330252558691, 201.8758135745302, 374.7859217383855, 327.5369365470878]
273 1 [326.1354511053069, 224.8880868675187, 384.3231625837685, 346.3572153177105]
274 1 [330.6125927724643, 224.5785068245605, 390.2296058161439, 354.6894803203385]
275 1 [326.9811634541256, 236.2397334715352, 380.0766561129385, 362.4462148216931]
276 1 [316.2756765921367, 245.1565298615024, 373.014511572354, 376.0142162746791]
277 1 [318.78847370937, 249.4247299609706, 375.9112306003765, 380.0423773652057]
278 1 [315.983027127455, 247.5559052070603, 368.1425146199944, 371.098632152841]
279 1 [302.0744034982054, 206.530073302798, 357.3780550322373, 332.1127570545809]
280 1 [309.4418374410598, 202.5461214398965, 364.6345169727149, 334.3360006656889]
281 1 [312.4111577597214, 190.0034562489018, 367.1678744219397, 320.9644026966777]
282 1 [320.0536604932277, 221.434108262416, 372.1923747316188, 346.2240078516854]
283 1 [326.6826311972691, 240.1962311929092, 381.7579105970333, 371.3956371455237]
284 1 [328.5450726476265, 242.3897734647617, 383.8027604993607, 374.0863868320444]
285 1 [327.8305651721312, 245.4118964439258, 382.7515325268127, 378.4933412553514]
286 1 [317.0979613725795, 250.7691857209429, 368.0716938694345, 378.9569869710966]
287 1 [311.6262780417455, 228.8020993201062, 364.6401825545219, 352.8223984497158]
288 1 [322.3382546108915, 215.8961659101769, 376.7973459711905, 341.7569662083026]
289 1 [318.3735564312665, 212.6652981331572, 375.9698988074422, 337.8753664432267]
290 1 [321.3231925395085, 206.2903951471672, 375.8543833878053, 328.4970753101984]
291 1 [300.981359091471, 207.8245207285509, 352.0342933153572, 337.0513462599407]
292 1 [311.4784202639712, 232.8260308681056, 362.8314849779366, 359.6290500555241]
293 1 [326.8422326965956, 234.3091911440715, 378.0052643317341, 363.1501669282448]
294 1 [333.3813110514311, 232.3914112700149, 383.6036272216602, 361.8649063645868]
295 1 [328.9946556751384, 247.8181682704017, 379.5025915939619, 375.1570607188379]
296 1 [317.6156046994729, 227.7603412689641, 372.1596663846429, 349.549961463708]
297 1 [309.5955247160746, 210.5087377680466, 363.9195414806611, 339.624513155848]
298 1 [324.8445209682686, 208.0789610780776, 379.545342534644, 331.8442596394509]
299 1 [315.1198524011998, 196.3927596984431, 368.1516755645503, 317.221488969298]
300 1 [316.5868934764294, 186.6507101235911, 369.8763550082528, 307.2557715898905]
301 1 [296.0376411405159, 224.2122107734904, 351.57015081717, 346.8236498501709]
302 1 [302.8949506682111, 228.908269870095, 356.7245037366949, 359.8649882280774]
303 1 [309.9367906254483, 228.4702469585463, 363.2152373843888, 360.2405225768214]
304 1 [323.204803849454, 251.2378478273749, 377.1145840977324, 371.5536657788657]
305 1 [325.2636859667255, 257.6917416080833, 379.2452898942972, 377.6813112275776]
306 1 [322.3657585921465, 215.8087253235281, 375.9319476066378, 336.7389553588312]
307 1 [323.3633814248024, 207.1873628757894, 377.1713308192363, 328.0065899710199]
308 1 [319.4912415844156, 196.8596819965169, 376.1163629887668, 324.308973140818]
309 1 [316.1369764906121, 199.0238543776795, 371.9082344150583, 328.6790647920559]
310 1 [312.2445004907204, 212.3862175936811, 366.5784374636571, 329.4868889296155]
311 1 [305.2531697190134, 235.6411337098107, 360.5837596644814, 358.702725721137]
312 1 [320.3437429139158, 239.357190086972, 372.2328812481248, 361.0579640711038]
313 1 [319.6945323267719, 240.8656191374175, 371.3540502364574, 361.2281079665044]
314 1 [327.6403526434442, 240.6257894928567, 379.2890964795131, 362.9336215632584]
315 1 [341.3784810373327, 211.8354264195077, 393.9103065643718, 332.6597900138579]
316 1 [339.2981856417609, 201.3156665479764, 391.9513608327856, 330.6877911669558]
317 1 [328.9887499165488, 201.550859621726, 382.2099593113948, 332.778704135074]
318 1 [314.84348640393, 196.7096966169775, 370.6268006498535, 315.3608828455721]
319 1 [318.1491585130571, 198.0552795194089, 374.0487866370169, 316.988493754149]
320 1 [318.9584403376794, 216.967594513204, 369.8209052246803, 334.8572129508974]
321 1 [318.9439335380448, 227.9776843255386, 373.7399792477001, 353.6560453370361]
322 1 [330.2461181100225, 235.5464145182632, 382.5093580526795, 354.0606003704544]
323 1 [331.0863310362911, 240.2880486487411, 383.3074255813449, 358.1022281991558]
324 1 [332.0721508268034, 242.2049580155872, 384.5759415720815, 360.5153836159265]
325 1 [334.0284077202668, 224.0236657406203, 385.7269768344526, 340.3174244844707]
326 1 [336.4721491824603, 210.2903774580918, 388.1228224522353, 331.7329968394878]
327 1 [325.9293917341856, 203.0906663080677, 379.2668827072827, 321.4682233436074]
328 1 [334.7953684519744, 197.0283010802232, 386.919846390535, 318.7530180936709]
329 1 [328.6922420453047, 194.5368021926843, 380.5006838079375, 317.2194169111118]
330 1 [319.5853990836768, 193.4443938722834, 372.544651073298, 311.4567278891288]
331 1 [328.899879020988, 223.2802955354564, 379.1925395373752, 345.5772348046785]
332 1 [329.3344261249295, 226.0511089409702, 379.5473248786076, 348.1025841784232]
333 1 [312.4079891442088, 229.8782400032505, 364.4315985375693, 351.2369954711969]
334 1 [312.2514299800387, 229.4168104710989, 362.8820876546519, 353.7847919571253]
335 1 [319.5956364142476, 223.0854490948841, 370.389158088643, 341.7923868153698]
336 1 [320.5549580315128, 204.3083050092682, 374.9894808851031, 326.4504305198243]
337 1 [317.0088862356497, 193.0289606461301, 369.7785866934709, 320.9726141078106]
338 1 [321.7810012128903, 181.2270941948518, 374.7276387967568, 310.5420837117397]
339 1 [322.7516916146269, 186.9775292011909, 374.7137591050141, 305.5647880227093]
340 1 [306.2209930605022, 201.5173470964655, 358.4507322490409, 324.0355917570093]
341 1 [300.5637324004201, 209.1743527343497, 354.4616781323847, 331.0212073458994]
342 1 [296.3040209523169, 221.485023627989, 351.3238081075804, 344.5219463267403]
343 1 [288.0979312172858, 226.7713260455057, 342.6195164137346, 350.0497770463788]
344 1 [296.4951675719349, 227.7158114304766, 349.2882090350823, 351.4944876656901]
345 1 [317.3498595979763, 237.7470995662734, 371.1605236094346, 364.5977942228892]
346 1 [323.7156747801928, 209.2980474224314, 376.0154379749449, 332.9400425509394]
347 1 [327.8865486100549, 211.3091196110472, 384.1343680647811, 328.390942363935]
348 1 [332.9041319802636, 206.74031510856, 389.3426475386582, 323.7956890672972]
349 1 [343.9262345907046, 250.7108651278541, 397.5323947714755, 380.8942571101177]
350 1 [347.2874516722513, 251.2566641522571, 400.9746963064349, 381.6832828664698]
351 1 [348.1689860476181, 198.8033657511696, 404.4159664658507, 319.5545697079923]
352 1 [350.7248311294243, 202.0211630305275, 407.2375034582388, 323.4326817580645]
353 1 [352.1170963075711, 204.4165169345215, 406.1492974284207, 333.1844583951888]
354 1 [324.6028788302792, 232.6929690912366, 376.76026800068, 351.9556157761653]
355 1 [317.4155775838299, 221.4578981807572, 371.2641892020638, 348.578688127711]
356 1 [298.9254747735104, 200.9043492460623, 355.1741941303988, 327.9942271257536]
357 1 [324.1143874925328, 235.3313683196902, 376.1103250710999, 353.3268841948649]
358 1 [341.0123267486924, 231.5249048094265, 396.4184468165906, 349.8076619983318]
359 1 [347.3040261581773, 227.1738760094158, 402.9282275916268, 345.771743068965]
360 1 [359.1326835468644, 220.2457664827816, 415.205084660026, 339.0123804812907]
361 1 [363.4487202480668, 213.5141901592724, 419.7309593183904, 332.2342246642024]
362 1 [366.4510443523759, 210.8592487792485, 422.2862288565503, 329.8993832482759]
363 1 [357.1533151747426, 198.1740015933756, 409.5354716388009, 326.4289868125126]
364 1 [344.1077004090184, 199.2111222366802, 400.5789371126528, 317.9418840364135]
365 1 [327.7893743235618, 219.7116779526696, 383.8870473667687, 339.2810676560039]
366 1 [324.4496842935914, 226.6343137170188, 379.5635189149728, 342.174756211847]
367 1 [331.279370394419, 193.629246651195, 385.6799967134658, 319.0444040998517]
368 1 [319.8942324236268, 193.5150675396435, 376.5310546867216, 313.1604689585302]
369 1 [333.395832115435, 228.306569411885, 387.9334944305462, 341.3009068407898]
370 1 [347.7937484249705, 222.6844201157801, 403.76810805111, 338.9873363967516]
371 1 [353.0696148142451, 218.1836271951906, 409.2369335267449, 334.6914324884029]
372 1 [357.2354030672577, 204.3278334001079, 410.9261382396479, 323.6620618610041]
373 1 [364.7892183128861, 203.0067620137706, 417.6262883793086, 323.044111850478]
374 1 [371.137012845662, 197.7328077415004, 424.2307796901653, 318.1249643699904]
375 1 [365.4185991052655, 179.6507518077269, 419.5505169435825, 299.1474970021662]
376 1 [340.4460930142668, 181.3737465525046, 395.0940451238748, 302.7423334592924]
377 1 [326.6460309686372, 213.0574503927492, 381.3533294277428, 331.6837576707453]
378 1 [316.9519893588731, 210.6436333446764, 371.2254038211768, 329.5995416633197]
379 1 [337.5754080069019, 227.3930129585788, 393.0122514012076, 351.9074388674414]
380 1 [361.1508217625087, 204.768389231991, 417.496532932807, 329.1388363750047]
381 1 [365.602525489754, 222.072965010535, 422.5848270264102, 347.3960337420372]
382 1 [310.0161627455382, 234.6640704609454, 360.8221187871156, 351.5954295758847]
383 1 [304.4195029659895, 234.0486359633505, 355.0075995619528, 353.2098403019654]
384 1 [329.1261569474009, 157.8401360651478, 382.8696222578957, 279.2400349629084]
385 1 [353.5770858247415, 168.3909577960149, 410.5065789758355, 290.4212800587674]
386 1 [358.8493447627989, 174.8368879491463, 413.3038215537357, 294.9160904709827]
387 1 [370.6650685396162, 177.359267779626, 424.8321484725393, 300.4202685735449]
388 1 [372.9824969794718, 167.7940288269892, 427.5273855312052, 290.7414956160253]
389 1 [377.0917523529497, 162.0908632958308, 431.7829569117553, 284.801365799006]
390 1 [359.8704924602644, 156.1207857811824, 416.8145347672751, 279.7565352273991]
391 1 [337.1702971305931, 163.3684964538552, 391.5753972022442, 280.3752329466572]
392 1 [330.9017249193275, 164.1264297873713, 385.1490881081991, 282.8367916285218]
393 1 [353.1953397456673, 202.7716311570257, 409.6677956213691, 328.5693788361487]
394 1 [348.142479881295, 153.0079665468074, 401.2164332424212, 270.1082333521634]
395 1 [373.7434986110893, 194.2281308760867, 431.2695901025354, 316.627739571601]
396 1 [348.362416999531, 209.5232157632709, 402.1278946132277, 336.5198593370654]
397 1 [325.7768356889719, 174.6999149690382, 384.275145035152, 295.053933669743]
398 1 [318.7345516771311, 175.5403289119713, 376.7895086596777, 296.8432860499941]
399 1 [316.2683411032194, 166.8383201877587, 374.4605051746936, 287.9334619415804]
400 1 [300.7502219741, 168.9662819532678, 357.9280176556975, 290.8278130984469]
401 1 [302.8795464996947, 172.0628010658547, 360.3334239835891, 294.6269213423092]
402 1 [299.7019006971968, 176.9081997303292, 356.9383930229693, 298.3228164641182]
403 1 [298.5478909973754, 168.2429140238091, 356.0424732874245, 289.2165982340594]
404 1 [284.0358549131779, 180.5928683690727, 339.2315916094766, 311.7961886505415]
405 1 [285.6396647457732, 172.9535161880776, 343.3939412470973, 292.1164187315931]
406 1 [284.0016864981735, 168.5492293084972, 339.2764078514617, 288.0469640043789]
407 1 [305.2058529198403, 139.0975971627049, 363.5444420603933, 256.7211135261898]
408 1 [318.6520059496397, 141.7491140137427, 376.6159380218044, 264.8638244538336]
409 1 [323.0365593821043, 148.3403035174124, 381.3853812430066, 271.5551911635962]
410 1 [327.8291445393697, 147.5036790305749, 385.7092607092518, 274.9793241130444]
411 1 [328.6512898568763, 143.6146629778668, 385.8135482306733, 263.9935119286282]
412 1 [319.5067200899357, 133.2078613447957, 377.8030371487809, 249.7338195438227]
413 1 [310.9850993842119, 116.1073015178554, 369.323528156407, 238.7108655285505]
414 1 [297.8844636101858, 146.2214714372531, 354.1849888694665, 271.0561217448638]
415 1 [287.8552457113401, 142.0118086123839, 345.1029950432239, 264.7266241169079]
416 1 [282.185611965193, 145.6903310203925, 339.388251726814, 267.417041929103]
417 1 [277.6466500473325, 131.6527091050521, 335.8921247309153, 257.4171451049822]
418 1 [291.3712775689201, 105.7156927967444, 348.3885377911897, 227.9820376248151]
419 1 [314.334351243102, 133.2290126490407, 371.4194066113412, 248.8698005518226]
420 1 [319.9892775431508, 136.3933466481976, 377.6640002064395, 251.7105467921672]
421 1 [325.8906968784286, 138.7653457550332, 382.4832242762861, 259.3277562335087]
422 1 [332.2042918000952, 124.6988671356812, 391.6919440175421, 248.0377167551717]
423 1 [338.8865273986594, 121.9255768591538, 397.9083722040606, 245.7477716582307]
424 1 [341.4129802380339, 125.1371973091736, 400.7406674952579, 249.6665694911734]
425 1 [331.5770511418814, 134.2925579207949, 388.3190275890635, 247.0274045848199]
426 1 [315.1492961585755, 133.638184686657, 371.7789700584201, 247.4827002837666]
427 1 [315.4069929659599, 128.7954198839143, 371.9418711984629, 241.4403351621182]
428 1 [322.2660782277817, 124.310852018185, 378.7637715400268, 237.5719239075705]
429 1 [328.8801641851896, 104.8005864503793, 387.0014035837095, 218.582522643975]
430 1 [328.8334391728276, 97.74501403002068, 386.6751056052439, 212.6741679352176]
431 1 [357.6457714425633, 124.4052113699727, 414.3226177877573, 243.2887441207604]
432 1 [362.3378657685826, 125.7552988934331, 419.1489845804002, 244.9774515243986]
433 1 [368.6677410589764, 129.2576229679398, 425.3186467104759, 247.1100103721553]
434 1 [373.4459336983273, 130.9699939298444, 430.2545104512809, 249.2009534234761]
435 1 [334.5672591190087, 101.8437207783572, 395.056014959485, 219.7011561961533]
436 1 [331.8851443481399, 118.8508717147633, 386.5132763123121, 242.5063550211496]
437 1 [326.6505820405437, 125.3264098791406, 381.3437494983799, 249.5331144919626]
438 1 [319.3394874731312, 116.1182448375039, 375.549447053665, 235.7226408331086]
439 1 [309.9256551727885, 133.9326235759072, 368.3890182575351, 245.5238765182778]
440 1 [311.8170983061427, 122.9658243167214, 370.6044415681816, 234.339399518241]
441 1 [305.9812349368585, 133.7532474277541, 359.8332717320968, 255.388996929131]
442 1 [301.4157080006553, 114.3918885840103, 355.4933189791137, 237.1190561571508]
443 1 [299.3793186832918, 145.3375594494864, 352.9536475234239, 267.5211135071521]
444 1 [320.8555360798491, 156.5110625503585, 370.8843370610445, 273.3230006580808]
445 1 [324.3101404324407, 160.3889571237378, 381.3160313233286, 270.8591325085041]
446 1 [317.5992138773436, 172.6598989139311, 377.7498432467845, 288.9625208539011]
447 1 [301.2440421149368, 186.4026535223238, 358.4442135574798, 296.6622562903909]
448 1 [294.4652734413976, 177.1551900836639, 352.5182398463517, 292.9904992794988]
449 1 [299.7451036152197, 157.6874218313023, 351.4525593879174, 272.9228265358645]
450 1 [317.1525842506671, 142.6709378064843, 375.5823617055415, 264.2384445321115]
451 1 [320.7571087506367, 135.3422733130865, 374.619306467025, 261.2341176721193]
452 1 [329.1384231016273, 143.543723040726, 389.8943848665408, 260.390938579175]
453 1 [335.0308714535786, 135.5639984193258, 389.5190107748345, 261.6216844908454]
454 1 [341.25130928203, 154.2430583750829, 390.553400832809, 270.988398030048]
455 1 [343.56989932328, 134.9637462678365, 397.4845633610522, 259.5954086061541]
456 1 [350.3331630952889, 137.8242369662039, 406.3716231166157, 259.7585609260404]
457 1 [358.3030328069581, 151.5493192793801, 407.5407102018975, 270.2057220672388]
458 1 [336.9205334697617, 156.9479380818084, 385.9987025651487, 277.3311086858365]
459 1 [318.2499518241966, 163.633858199697, 375.1599555405713, 287.1187774123393]
460 1 [316.6277904059971, 166.598758335691, 373.3218365380024, 289.0636491622511]
461 1 [305.8596649785759, 141.985861455556, 365.6439186972776, 257.293943636707]
462 1 [309.5861896170536, 124.8359286892228, 365.5795050218168, 246.7277007849644]
463 1 [329.49913407641, 125.3065497442149, 389.780638982187, 242.1674558902288]
464 1 [345.0466775052482, 112.4503556652926, 405.1692628694884, 228.5146111944409]
465 1 [350.7079034202034, 105.3064433499239, 411.107473819113, 221.3681625342911]
466 1 [357.5786445752019, 141.8772648661397, 417.4178034231052, 265.6283988887782]
467 1 [360.9877364054555, 146.2205331414007, 421.204447533456, 270.8705404958574]
468 1 [345.6754587319447, 152.1644561844878, 399.7913004048072, 280.7840388665485]
469 1 [324.5225715354318, 148.2568044043146, 384.8166269974919, 269.4125450423306]
470 1 [324.6802967317635, 155.6834996319376, 385.056032540521, 276.481475760478]
471 1 [313.082448459114, 109.1165050226264, 369.3652405249532, 234.1336917726212]
472 1 [311.6474277988309, 131.5114737316035, 372.3029088715884, 256.5656830878389]
473 1 [307.3240872387542, 104.9528501289897, 364.2001621307148, 229.4440504995226]
474 1 [297.2641023163451, 100.1738003748469, 354.6754386504895, 224.920563585468]
475 1 [311.1629581354791, 104.4983723773621, 368.8585058236029, 222.9722159482066]
476 1 [329.9265374100069, 125.0501808724366, 391.2647650114049, 241.4290145480288]
477 1 [332.6356257355074, 128.3977857432328, 394.2727940775371, 245.3891105299952]
478 1 [332.8577629578067, 126.1799913379364, 388.1169559478431, 255.0081995184652]
479 1 [318.5402842712356, 129.8230373593979, 374.6145867665276, 258.5568826377346]
480 1 [304.880484328256, 138.1497353515588, 365.5341596469655, 253.452192437558]
481 1 [304.737787292921, 135.6332545555197, 362.3224962771456, 251.1997649123176]
482 1 [308.6253165182425, 111.0003230827861, 363.5178902083456, 231.9563961440094]
483 1 [317.2627990421606, 105.873107697349, 372.3620182524326, 226.3319910537977]
484 1 [334.898461299832, 115.4909710693173, 389.3224127622204, 234.3833516783151]
485 1 [343.5155465182615, 133.0171004789881, 398.9489648275435, 252.4636303611987]
486 1 [332.4155039255275, 155.0415662969463, 387.8865756606233, 277.2134373857414]
487 1 [320.728886304074, 150.4061759649776, 379.8545123117522, 266.0256716670065]
488 1 [309.2188273273641, 152.9250431703404, 368.2577362814102, 271.6585942945178]
489 1 [313.9815028473968, 168.7286771475337, 373.5335282948678, 283.7104318893164]
490 1 [323.136394015397, 147.3062003697269, 377.9131430284499, 267.9806749568758]
491 1 [333.1919046208495, 133.8348400420509, 388.9794426338123, 252.6605687819911]
492 1 [327.3289319042815, 132.6766135836951, 383.2060437048792, 259.2901490924449]
493 1 [310.4386874564225, 133.5678896694444, 370.5503389464265, 248.0568056833179]
494 1 [307.9164873071713, 139.6042746040039, 362.7994541888194, 267.2554150070008]
495 1 [304.9429025031859, 170.0211694478057, 363.2249436035767, 284.8750234785314]
496 1 [312.2654987961287, 177.1769065982662, 369.0522617731409, 298.5606949318828]
497 1 [310.1239438630873, 186.7665969966911, 368.0344531056384, 299.7945429728229]
498 1 [326.0106400629738, 164.3289613574743, 384.5394763061789, 274.2443621147937]
499 1 [329.219004595303, 145.3040452501737, 385.5351593792564, 262.3662088058604]
500 1 [333.5896531582112, 142.6294662258588, 390.6097512390447, 259.8908679212006]
501 1 [322.6851353278616, 118.7155512175523, 379.6047306458788, 238.599989279123]
502 1 [314.8535220507765, 142.9014859176241, 369.8187142907113, 255.1356158551226]
503 1 [323.1000314323464, 159.2397316000424, 383.8739073543797, 275.232549531776]
504 1 [317.0782575764461, 155.5207409444265, 371.0789368169029, 280.1692917854128]
505 1 [293.4850427970523, 154.5547344054794, 352.2081005822769, 270.4721262594122]
506 1 [295.4089794025058, 157.2944365706062, 354.3807506776423, 273.7528545484147]
507 1 [295.9706851743395, 142.1993308342062, 354.7635792123905, 257.0854367315279]
508 1 [306.4181257035816, 132.1368565983139, 363.5536881645173, 246.9697535661791]
509 1 [293.5370276026661, 129.4504973120056, 352.6257901713099, 244.9983281690663]
510 1 [307.1254876904422, 153.3449128842913, 365.5682403921169, 266.018349605063]
511 1 [316.7640288356924, 151.7168058608659, 377.9931154235187, 270.5073049338744]
512 1 [318.0243138499791, 158.3298560059629, 375.6183324800855, 270.7898357263454]
513 1 [312.8394506879849, 160.9200568976812, 367.2110415271926, 288.8162803205654]
514 1 [320.4315258093411, 165.1663708328269, 377.0232559795935, 279.0535947150781]
515 1 [326.186959845596, 167.7429270385765, 383.0030762885787, 282.132897698316]
516 1 [319.9227286406094, 185.1974441683851, 378.6269189162856, 300.9694847389474]
517 1 [302.2674839101965, 179.4344786196016, 358.916069805215, 296.6002490850339]
518 1 [300.5769632660085, 191.1626449613832, 357.1809278789639, 306.976294216625]
519 1 [298.3564045928652, 196.290393808391, 354.6163275159594, 311.2796788171194]
520 1 [296.4990055091912, 187.3543754420243, 354.5974397923719, 301.0589569300736]
521 1 [303.48898514139, 153.2299125581048, 360.4282595022324, 268.6958476475418]
522 1 [315.2544895090396, 166.5684103979729, 371.8629931905199, 278.8747070142517]
523 1 [322.2797513097758, 184.0697982362472, 379.8237589780133, 299.8218790829155]
524 1 [321.9677619725699, 194.1790964654647, 379.402635521453, 309.0854278941173]
525 1 [300.6193401765777, 192.9624785589986, 357.7838316236698, 318.8300208837447]
526 1 [299.7328512378736, 189.4298659185879, 352.1193252022187, 320.1087770422066]
527 1 [289.4996174980188, 210.9689038679935, 349.0792091693098, 328.411357938695]
528 1 [302.1240472138161, 195.5287478505634, 357.3554021266812, 307.7991446404292]
529 1 [312.2114172178553, 169.6005779332481, 369.7239828582019, 290.4700331253437]
530 1 [318.1681653457927, 171.0242704874836, 375.840742616447, 292.3039349173609]
531 1 [317.4189777441789, 216.0602784729563, 376.8304732396921, 328.1619019591779]
532 1 [319.8119388051564, 226.1439937739633, 376.4069513155845, 349.3269162720294]
533 1 [302.2296886576587, 222.4128916314803, 360.3912678385113, 341.6766101989543]
534 1 [286.0220736590563, 210.4986118725501, 344.3677800332382, 330.6475742992055]
535 1 [293.6984706014628, 199.8668065308593, 348.2909785185889, 311.9357468318178]
536 1 [310.0733717061812, 198.998317477759, 366.4515581632553, 323.4698407338261]
537 1 [317.9746100838529, 207.7468746728264, 379.4958583980233, 321.5371749385277]
538 1 [312.5320674452232, 234.7339082336985, 373.3552549361082, 351.6164907107441]
539 1 [315.448788848822, 239.1558436132036, 376.6800129218235, 356.8986711933878]
540 1 [306.215022090124, 242.9503418705426, 363.5105986132227, 353.4916681879097]
541 1 [280.8038470663596, 227.4544568979181, 342.6676026093195, 338.9126796758721]
542 1 [273.858698820346, 185.5910393982194, 329.2628796217892, 309.7334915960616]
543 1 [310.4541630084859, 205.0343678719364, 372.3698066337293, 324.1562364618567]
544 1 [310.5945362665225, 212.4751477143727, 368.749221441517, 320.6773366187495]
545 1 [295.9803738493938, 236.399880988989, 355.7870847209062, 349.0498312572648]
546 1 [298.5303410191555, 239.9144214824773, 358.6455871642355, 353.1995251351785]
547 1 [306.8307220466668, 236.700118613895, 362.8621731332498, 363.5210277768247]
548 1 [309.9584927685792, 240.8375845677219, 366.3385470815395, 368.5110627542161]
549 1 [318.3645698145265, 240.5947817410342, 375.6284363967539, 349.3553833129877]
550 1 [322.67878567765, 205.4264976424165, 379.0761671670255, 329.7546634623859]
551 1 [309.2488620758522, 244.1820148578845, 370.9026879886215, 349.4852636141912]
552 1 [307.5718939300859, 259.0982959107496, 368.978303049917, 377.582277701419]
553 1 [312.9488271471346, 266.3513473109342, 374.414995923093, 385.1344679133993]
554 1 [313.2423635382438, 274.2348048524, 374.8288183151346, 392.6154657358628]
555 1 [312.3112938881386, 261.1715229055844, 373.4868229784533, 363.9673548740562]
556 1 [308.0170895766933, 234.9287020615302, 370.4779007756795, 340.9283921039297]
557 1 [305.4662069674814, 218.7429353655316, 361.6519676280451, 338.6286626820599]
558 1 [294.0883916519815, 224.7731172866188, 349.4917563312114, 351.8459676607001]
559 1 [275.5759927813197, 222.6336512309499, 331.2657587541783, 357.3409371733902]
560 1 [269.3848982636118, 223.336619917769, 324.8488829448966, 358.812577045319]
561 1 [262.5263139788294, 220.030724291224, 317.875474030964, 354.8505302600764]
562 1 [275.8532536585117, 219.0991713912226, 337.7945565888439, 336.9107169711822]
563 1 [297.8403653852874, 198.9186660586856, 352.5386114823711, 322.4346437957528]
564 1 [303.4166060250718, 216.2336192480288, 366.287180539943, 323.0394825251549]
565 1 [302.4351258438546, 233.7863285294734, 364.7728872318995, 338.7928468571347]
566 1 [289.9521580241853, 240.9824847257696, 346.1125159367971, 366.5860947752449]
567 1 [273.3819065891439, 235.546678212937, 329.7702323075109, 363.0833297008155]
568 1 [280.2416107753525, 225.3334363750182, 334.387800267741, 346.2079313666241]
569 1 [292.8764414830366, 205.0400291583501, 348.6262301954283, 332.3400795085281]
570 1 [298.2308203025023, 203.4600636563264, 354.7347081811508, 331.1821355433182]
571 1 [287.9302826706553, 193.827847127337, 343.2884071979429, 327.9359027699]
572 1 [279.8648122601444, 196.1046887761913, 335.4257935913786, 322.0820782606152]
573 1 [274.0695088306675, 213.9935004538856, 326.8292249746682, 337.789049984208]
574 1 [267.6531535011018, 232.2257268023677, 323.0769387076797, 363.9273931158028]
575 1 [261.5470074812183, 225.5573734468781, 313.6509575586137, 351.4705742507035]
576 1 [260.029627154232, 193.212910533417, 314.5883307286464, 318.7645137490464]
577 1 [272.7006234877044, 183.313700246159, 329.6675808214575, 311.7055313124779]
578 1 [293.1980286162579, 189.8385523133911, 354.1657880468016, 313.2076191437348]
579 1 [283.6366935024271, 178.933984559495, 339.4827217275268, 305.8001616676816]
580 1 [275.4585732423002, 200.3549851491116, 329.5243488407959, 325.8583301683291]
581 1 [262.692963350215, 207.3529922417365, 316.3910006974077, 332.6347756116941]
582 1 [253.8751073364401, 187.7449030396529, 309.5450222911331, 319.9854416329089]
583 1 [252.1509046755964, 209.3757336228155, 306.4684344097266, 329.9942771205968]
584 1 [240.5261391584063, 192.1096526286565, 293.3371275166696, 316.7202159878544]
585 1 [255.3252131441841, 203.1049663354643, 307.0718940010756, 322.8561901297337]
586 1 [267.4031029545004, 213.8451587422751, 321.4308846908701, 334.9236096834942]
587 1 [272.0974279843504, 219.6241091950797, 326.5792852509374, 341.8461134483803]
588 1 [281.7771045021946, 206.4799640574493, 341.4771147455602, 326.9067610912912]
589 1 [289.3760618470842, 194.8178469031118, 344.5559790044765, 316.7437983727103]
590 1 [291.9554367564851, 195.286025816109, 347.2236813457776, 316.6723339306161]
591 1 [292.9912793539697, 179.285275886301, 352.5184217653793, 301.7793498014205]
592 1 [303.5035510497401, 194.1609792425297, 357.2869706812354, 316.616525791636]
593 1 [294.2895782456035, 190.4055022625253, 348.9893709452827, 311.3883770493923]
594 1 [288.156354347826, 180.7843341794214, 344.1733292249864, 301.857494581376]
595 1 [276.515678334632, 181.4782053059898, 330.1875919630899, 305.7852674379058]
596 1 [269.7118089996511, 188.1439002174884, 325.3676063466773, 309.4987834244712]
597 1 [281.7612377271289, 188.4569107918069, 335.8056582733311, 307.5524545794721]
598 1 [297.2846791051561, 182.4324549748562, 353.2764593142164, 297.5752417484694]
599 1 [301.64796977269, 187.7587939812802, 358.0775964836558, 303.8825842104694]
600 1 [307.298753885203, 177.6302534914576, 362.8828388969712, 295.6797956066695]
601 1 [314.3056732692057, 179.386411217507, 370.0739043349544, 297.9090949471845]
602 1 [320.0442809142405, 164.3275109506212, 376.520350895968, 283.6301455514226]
603 1 [326.5554273404414, 159.4284752584063, 383.3191991302957, 279.1066809814946]
604 1 [307.6679193876917, 163.0937884389423, 362.8132943779009, 275.9627290755852]
605 1 [300.1486121393973, 168.2459411225282, 354.8347938580354, 284.2543603316356]
606 1 [288.3300970770652, 149.1477534747683, 343.7291208918845, 268.7434474087747]
607 1 [288.2595945891226, 153.581298945006, 343.5904997305573, 272.5566661205597]
608 1 [284.3875593222911, 154.8261682679877, 337.1434281805981, 273.7148379567116]
609 1 [293.4562883429462, 144.5854193335399, 347.9178292693447, 263.6663424677843]
610 1 [300.7636175394291, 137.3130091084167, 353.3433983171501, 255.7929826747946]
611 1 [306.0403881125385, 129.8088661944494, 365.0720399359874, 250.0972776637631]
612 1 [306.6817707099253, 133.7631846047007, 362.0030558420089, 253.9094600301999]
613 1 [311.2862844854826, 136.6975168874487, 364.1466946153143, 254.1731699722911]
614 1 [317.549833813333, 138.2784664621577, 370.6058426706696, 256.2591758203647]
615 1 [325.0702181175584, 141.3782117483206, 384.1149849658745, 258.0951748601148]
616 1 [321.4630681412527, 145.4700763453147, 376.9863528288291, 261.8931607801947]
617 1 [311.8548680559034, 155.3456342024729, 364.387365933199, 274.7515665284054]
618 1 [305.1838643566007, 154.9857954485342, 356.8379899315988, 275.5949279832677]
619 1 [305.5811449788744, 158.1188357728533, 361.6364978193356, 272.18939674653]
620 1 [313.1999181859428, 167.4034685632214, 368.9006477564344, 282.5951962257136]
621 1 [323.2642702475423, 167.7526232590899, 375.7044199450766, 289.3469491595211]
622 1 [322.5134017408127, 189.471271856688, 378.6286386119863, 303.4922959892786]
623 1 [321.7433684408898, 185.1662316164002, 377.8984125720443, 302.4137218186157]
624 1 [319.6368703335756, 197.2580078234896, 371.5184711809106, 315.3907678115181]
625 1 [323.4670987814898, 202.2229659548029, 375.7260436694673, 321.2923070020044]
626 1 [329.2702308386797, 209.2384821167216, 382.0850813476781, 330.0051271860027]
627 1 [319.921361421817, 213.0837147673592, 375.2411744804306, 326.4917126297463]
628 1 [310.5968158781761, 214.7831654539332, 363.4310004401987, 332.3489181484297]
629 1 [309.1023046403425, 217.805951485876, 368.0945265073938, 337.8076577655562]
630 1 [311.7989304006333, 220.9272105982527, 365.6507374282375, 338.5489515872613]
631 1 [308.8498944669263, 225.2163131036796, 367.693083890473, 344.9550455318286]
