blurcar2 0
2 3 [232.9180178642273, 208.193378508091, 355.7070454629262, 306.778470799923]
3 3 [244.1384634971619, 206.6243921071291, 366.8730278741596, 306.3495643053653]
4 3 [246.7446730136871, 215.7643852233887, 369.9148656159741, 316.0613415638015]
5 1 [252.5051925182343, 224.1678313016892, 376.0148842335972, 324.9074947920498]
6 1 [255.4020792841911, 228.7277973294258, 379.8303100586904, 330.3374630604303]
7 1 [249.7276892922819, 237.6481740027666, 371.3861906612046, 335.7273046349731]
8 1 [237.5959675400518, 245.260436706245, 360.9617228453201, 343.890862634351]
9 1 [248.9482179880142, 246.6384520232678, 372.3078678142982, 350.8698855234535]
10 1 [256.502513051033, 249.253075927496, 380.4590335459155, 354.099113425125]
11 1 [262.979124546051, 259.5633526742458, 387.3791964022057, 364.9176138329086]
12 1 [267.5037214756012, 265.3990485370159, 393.0323859035542, 371.9287132844002]
13 1 [268.4859344959259, 268.7446396648884, 395.2607163149642, 374.7039224552368]
14 1 [272.2256675958633, 268.1853889524937, 399.4434223378858, 374.8643158346015]
15 1 [269.8233733177185, 277.2955437600613, 396.9001691444814, 384.1325199324218]
16 1 [271.6714475899935, 296.8796168863773, 398.3809552527324, 403.598622157766]
17 1 [275.3473411351442, 301.926543623209, 403.0604829270478, 409.6526220480465]
18 1 [276.012923181057, 296.2879519760609, 405.0677849427957, 404.1477786273421]
19 1 [256.3905922919512, 285.2644592374563, 378.6674578190338, 395.1683589801692]
20 1 [256.1745401322842, 271.9179555624723, 383.8189680316997, 380.4216015380698]
21 1 [259.7808871269226, 256.4628460481763, 384.7891405820708, 362.7065189185223]
22 1 [260.9852443113923, 249.9401562139392, 390.8242099682478, 356.8420923286652]
23 1 [270.2815068364143, 251.2008519507945, 395.3129328825813, 358.873611020577]
24 1 [259.3779241144657, 267.7167165130377, 384.6337518482986, 377.2796253258422]
25 1 [242.8687614053488, 262.4037476666272, 368.840857428783, 369.5635267287448]
26 1 [232.6546391695738, 262.2418947555125, 359.1112445698468, 371.1487205848222]
27 1 [235.5059131458402, 262.0901157185435, 363.8386210765688, 368.9468648870204]
28 1 [254.8715791981667, 244.700647354126, 380.1453625499011, 353.6367220538868]
29 1 [263.0882337540388, 251.354558727704, 395.8949969073978, 353.252714082929]
30 1 [266.2321048825979, 256.1655681943521, 400.0282451282297, 359.1037345903236]
31 1 [272.9395149126649, 265.6710096672177, 394.1692007412214, 367.5919103493817]
32 1 [239.5195345617831, 255.0931352227926, 363.6882497655006, 364.6522383876364]
33 1 [231.0186958163977, 248.5314412266016, 359.895133316123, 357.119893835182]
34 1 [218.7258054725826, 247.9685037434101, 345.7653677249417, 356.6076421468651]
35 1 [218.7058239141479, 245.3186490237713, 345.9352798877895, 352.8391951013922]
36 1 [229.6860894411802, 253.5824561156333, 353.7901289920073, 364.7092123690162]
37 1 [232.834864616394, 248.1006770431995, 356.4987750989839, 359.2671043635581]
38 1 [237.4272519014776, 248.9328922182322, 359.3641788309314, 354.7868547104403]
39 1 [214.3104523830116, 254.2900915294886, 343.5710399239106, 365.2935778407571]
40 1 [221.7579055568203, 246.2514986693859, 344.8012720347606, 354.1015169027086]
41 1 [208.6493739476427, 230.2744685336947, 332.4657369480278, 339.3251419670406]
42 1 [215.2999318987131, 230.6066149324179, 344.6168251211326, 341.8610054802509]
43 1 [214.2678114064038, 225.5006019622088, 343.3243114243145, 328.5579060132912]
44 1 [218.1903307898901, 228.9112049005926, 348.6587324965503, 331.9190278134608]
45 1 [217.54342494905, 220.8943334072828, 343.9602350519936, 330.6129490577713]
46 1 [223.1005831053481, 240.1318548098207, 346.545933071192, 350.7775184804828]
47 1 [235.1420038929209, 248.5757900066674, 364.1346145850067, 357.6690066787717]
48 1 [233.7308136364445, 252.1559687741101, 362.9020196994065, 361.1719689990472]
49 1 [219.0940405279398, 230.0293635986745, 349.2391453284273, 342.5903381815826]
50 1 [241.4838844155893, 266.9447720833123, 371.560864957579, 378.5994735587286]
51 1 [231.3592700092122, 264.1323942728341, 361.8938869705214, 377.2847987089719]
52 1 [219.1194233428687, 240.9133639130741, 344.7949752346772, 347.3021240606024]
53 1 [224.6188863217831, 217.4606608077884, 353.0298537577481, 330.0661417155963]
54 1 [221.3178543876857, 223.4126883107238, 347.3041016020646, 330.5266406674878]
55 1 [238.8974558180198, 222.4363337866962, 361.3420540507507, 330.4859601179344]
56 1 [242.45604764577, 227.4551617391408, 370.2673424279737, 335.1440595970753]
57 1 [229.9949914254248, 208.7303892932832, 358.2776095067265, 324.7842256192317]
58 1 [232.7992278328165, 202.3047309778631, 359.7159844203345, 314.9171338351625]
59 1 [247.1519934935495, 200.8165739700198, 368.0371663277161, 308.6999120969988]
60 1 [225.8487488063984, 206.6639705598354, 348.6585136762013, 321.4823227108018]
61 1 [216.3718298114836, 222.0474585369229, 346.2025413437731, 339.0659947888581]
62 1 [222.5530931390822, 227.4324908331037, 353.6500369898206, 345.8589681929748]
63 1 [227.9511492317542, 227.395511906594, 356.2485373834958, 342.7273562382355]
64 1 [252.6131083341315, 221.1683808490634, 375.1022045380884, 334.1016583839681]
65 1 [256.5431992234662, 208.2480742260814, 379.6961412423835, 321.3625225550603]
66 1 [261.8952111424878, 206.5609424039722, 384.8232184114225, 320.6536621681213]
67 1 [249.2107249414548, 206.744429314509, 380.8222065983774, 309.4920861741929]
68 1 [227.4244388369843, 195.5188053156016, 355.4135902341624, 307.7427902117726]
69 1 [208.1232478087768, 209.622034015134, 333.2071164790394, 320.7844005626625]
70 1 [198.8135913377628, 203.0141006354243, 323.43902864608, 308.8065022645453]
71 1 [194.3973258500919, 198.3875887040049, 319.339644738421, 303.5654392100727]
72 1 [201.0791506981477, 191.0151930097491, 326.5502407106388, 294.6191496965703]
73 1 [181.598963550292, 190.1534791234881, 309.0161034862398, 295.0818678906793]
74 1 [187.2036493932828, 184.0974582303315, 315.9864231986219, 286.9854668515657]
75 1 [201.7100906362757, 173.4909271020442, 326.5894257842268, 285.3992449834152]
76 1 [256.4030663939193, 165.6345948055387, 378.2568655929492, 280.5384699375911]
77 1 [238.7000123774633, 160.6062486991286, 363.2513142779694, 265.901649690145]
78 1 [223.5505918760609, 193.3452706309035, 351.7701767360775, 302.5500201835565]
79 1 [230.6958005924535, 205.0348167391494, 359.4231068177403, 314.8397327756874]
80 1 [237.9184345503163, 218.5251622172073, 367.1928936591579, 328.942306900101]
81 1 [247.7674965162587, 222.0404495568946, 377.8171231886629, 333.2572944453267]
82 1 [251.8582082887006, 227.9315318437293, 383.08933049131, 340.3315439728942]
83 1 [248.4496909213485, 209.4234609268606, 377.6516555494079, 315.7122563908511]
84 1 [219.2557613449171, 205.7159172315151, 339.5233423245663, 321.1358901041791]
85 1 [205.2368205387902, 207.0331153543666, 333.2366414108019, 321.2025681382452]
86 1 [200.1582685460162, 219.0929198535159, 330.7878175784207, 331.9180214935378]
87 1 [213.6856408780441, 230.2042800411582, 333.5876919956389, 336.6812976219436]
88 1 [217.8229479854927, 242.0905155166984, 338.2311224646784, 349.2432143804869]
89 1 [210.1650016774656, 219.5179078392685, 342.115331308894, 328.5032866965979]
90 1 [211.2201672953379, 200.1836845548824, 342.5772127080871, 307.2323792838285]
91 1 [208.236495835823, 191.220713741146, 343.8935971033784, 297.2031959053408]
92 1 [206.5155733955326, 188.815740830265, 342.9835296619946, 294.2861343457085]
93 1 [206.0220895541133, 199.7226353120059, 337.8242077628414, 310.5889077755123]
94 1 [228.6428725694132, 212.0052234353498, 364.2085337747974, 317.7547569200087]
95 1 [237.81911074862, 215.2794907512143, 374.1708079050407, 321.7718827994687]
96 3 [235.7006975841941, 209.8113008253276, 362.6207711770095, 320.7320361699266]
97 3 [249.6044608784141, 213.6712761633098, 377.3509362868225, 325.4410275674305]
98 3 [260.193388147396, 220.5602087490261, 389.3524475232143, 333.9477982477582]
99 3 [240.4056690763682, 194.382314434275, 366.3157835650055, 303.8657821713944]
100 3 [252.2522893538699, 202.2861756701022, 383.9611987409399, 306.1139933600707]
101 3 [250.1202637535753, 188.6693307422102, 389.2603600248416, 295.9017628668299]
102 1 [281.0918031064794, 219.9422882348299, 411.7758275826056, 325.7970884167338]
103 1 [256.1833732752129, 200.4141046702862, 386.8620691184583, 306.4933376927722]
104 3 [272.8582669924945, 205.8538519348949, 400.5306098343632, 316.2608725725554]
105 3 [283.1286169718951, 210.3306685891002, 412.2447077982367, 322.8121713677157]
106 3 [273.0141813329246, 216.0559293897823, 405.5915067060408, 323.0985302555579]
107 3 [272.8788552780461, 213.1265410026535, 405.4402766838695, 323.1951896602504]
108 3 [263.6142948989582, 224.545463331975, 389.8339011007647, 334.8128077407407]
109 3 [264.2033587743354, 236.4732754314318, 391.2716556317295, 345.3538148982284]
110 3 [255.7041445907962, 241.3492076369003, 390.9029076799317, 346.7141536940333]
111 3 [274.0626811047841, 242.9423083635047, 404.1973145487212, 348.0341287509725]
112 3 [247.7943228066724, 248.9496249882504, 370.5045993459805, 358.4177399332221]
113 3 [275.0977969003143, 223.0985216461122, 418.6173023904837, 326.0529960470872]
114 3 [276.6225635572628, 239.38481427636, 408.8691862357609, 350.248810250026]
115 1 [254.5673078459513, 219.9382218243554, 381.3619494064616, 326.9675966176555]
116 1 [242.367549521965, 208.5337441079319, 381.9144098870057, 315.0934753593601]
117 1 [269.4808747639181, 207.6208713315427, 412.4782072603213, 314.2201610112737]
118 1 [257.7316128482344, 204.8719612173736, 404.3675068550241, 310.2643517556258]
119 1 [250.2277491437562, 220.9542642058805, 390.6809397880965, 328.1490528968048]
120 1 [242.3190322351875, 232.565808635205, 382.8827986884647, 339.9454296381153]
121 1 [248.1863054466667, 240.6024340204895, 390.5974450418775, 348.2936952341355]
122 1 [279.0364208361425, 242.5677887620404, 417.7209093991149, 350.1280755690628]
123 1 [279.0699152471789, 243.4336646916345, 418.4539277849045, 350.5148121183365]
124 1 [266.7383653131547, 225.7964985109866, 413.3229113854575, 334.544344137143]
125 1 [269.7605950534635, 235.1311128856614, 407.2788443913709, 341.4271778750784]
126 1 [265.024342110497, 227.9130902737379, 414.2158488141075, 333.2565593396472]
127 3 [268.0671494370617, 236.4809823865071, 403.0205413467913, 343.0899961664325]
128 3 [266.5547252250835, 223.1206034719944, 400.8150768011843, 330.5262785590999]
129 3 [256.5060409737052, 213.3657256551087, 403.1262789257741, 318.102845141548]
130 3 [245.8429106903495, 214.4981023706496, 392.6603193429064, 317.7264299406703]
131 3 [237.0509472322883, 208.1141945756972, 383.9382467923887, 310.111368758345]
132 3 [256.2724923410278, 209.5001413850114, 388.0298727109393, 317.704153759165]
133 8 [266.7826038981148, 201.0559485814301, 405.3741518612076, 304.5319120088515]
134 8 [244.318645915133, 189.1891033006832, 376.5803004485667, 297.0317419058499]
135 8 [250.1517035600555, 186.7336994586512, 388.2004870665735, 288.1516054278675]
136 8 [251.2718310011551, 184.2329339534044, 388.3441861682045, 291.4345751578106]
137 8 [253.3770611529471, 197.1524649802595, 387.680640521358, 299.854622409732]
138 8 [231.8158543084574, 185.7295542387292, 368.3064489367133, 288.2324565466696]
139 8 [233.492952416651, 188.8491754084826, 372.2677082105248, 293.7840567260744]
140 1 [220.6235669248563, 187.5267286403105, 355.5053435879275, 293.9964848333081]
141 1 [249.65446432319, 188.5322814844549, 381.5604565240933, 297.4569381913479]
142 1 [240.2110388324363, 196.201747212559, 375.5832754382445, 304.2497573281301]
143 1 [231.1305921220046, 197.6296214191243, 362.4273436225874, 299.8667795153374]
144 1 [262.5615837863879, 198.1846733801067, 405.2715589406394, 309.0425413049051]
145 3 [255.8683859576704, 205.9951749108732, 393.7804594537189, 311.6564666381187]
146 8 [256.5074200204399, 196.3086244268343, 386.4974536496277, 300.3904644783712]
147 8 [244.6800304037752, 190.805062841624, 378.9888526260548, 297.2647944847737]
148 8 [242.2953726557316, 191.1800340367481, 367.7889476898258, 296.5947200053977]
149 8 [223.8166933712782, 193.4713143380359, 352.2705246503723, 297.6840166818757]
150 8 [239.0841765862715, 192.4403944322839, 366.4880530673514, 299.4359112760665]
151 1 [228.1382446058851, 183.93534766417, 361.5879543610162, 288.3288698116634]
152 1 [214.7969838036224, 180.8385815136135, 347.001094792423, 285.4179930911279]
153 1 [213.8489370597526, 195.8065502569079, 352.4822185522191, 296.0810528410333]
154 1 [215.25683691632, 184.7776125967503, 352.503662617344, 284.9607536355052]
155 1 [205.0517552895472, 176.8986039273441, 338.625083366947, 280.977174564168]
156 1 [244.2120980911714, 173.3545631719753, 384.1272700822124, 275.0629670113253]
157 1 [247.1646566353738, 166.498371142894, 382.8115215411742, 272.3554310257925]
158 1 [231.2735975042742, 156.3938851668499, 367.3048107612638, 258.3772603512796]
159 1 [241.3562736761523, 160.4072237052023, 378.0084265416311, 266.9134834763144]
160 1 [243.2702383653086, 155.5452896668576, 378.6683961221542, 258.3533718553867]
161 1 [221.6992874806747, 134.1048165075481, 352.7300579459781, 241.4385044231459]
162 1 [262.6034942639817, 153.0464853337035, 396.9226087646657, 257.5049464946701]
163 1 [263.493198565935, 142.8429005285725, 399.4505601837512, 247.038902019683]
164 1 [264.4970116389741, 165.8429117491469, 400.3275502141087, 272.6552366887183]
165 1 [232.0728207470675, 163.2339922888205, 368.132074515608, 261.8884080007834]
166 1 [274.8528216404666, 174.6821101000533, 412.0417692413869, 282.5810115858822]
167 1 [258.5372977212828, 173.3967998824082, 391.7392196975344, 273.3785833515011]
168 1 [271.828484348749, 177.0688734194264, 409.815649224319, 287.2937891613621]
169 1 [250.780106361286, 162.2377509078942, 383.6281565326887, 258.5813550076269]
170 1 [239.4259569598362, 173.9522255808115, 374.3084756576064, 272.3769578153656]
171 1 [246.9782864672889, 181.8078584587202, 381.2493367021431, 285.6354444250805]
172 1 [235.0014405951661, 155.7993182716891, 378.4266778760306, 254.7449561081891]
173 1 [235.1631163687271, 149.4139024792239, 378.3675479096314, 248.7477785298581]
174 1 [260.2058146775526, 151.6388409016654, 407.0378873354139, 252.7538890331124]
175 1 [236.6870305196208, 183.9597196518444, 372.1012918589764, 286.5060136992707]
176 1 [246.3874605552119, 189.029058331158, 383.0619863516104, 292.7509287243468]
177 1 [262.3067736856465, 161.7240967592225, 396.6970825819646, 256.1526099971588]
178 1 [269.9314368001942, 172.0593788465485, 404.6473055328515, 266.9967772274969]
179 1 [263.0738758759399, 186.2636113157496, 405.1944874538704, 288.0962368266517]
180 1 [261.7593558386725, 214.0984888016246, 401.9355038180232, 320.3009722248856]
181 1 [263.8023610667151, 220.7170141874813, 405.4224287164342, 328.2059980672335]
182 1 [260.6950073780317, 183.0010688947514, 401.4908564224371, 283.7520795854747]
183 1 [271.0951781526965, 199.4238576679491, 409.7298600786287, 305.1507933733436]
184 1 [261.6154514430091, 160.0475305728614, 397.6476604109189, 258.6477509868133]
185 1 [253.2285479337734, 186.566914039664, 400.9828386802794, 288.1867967258512]
186 1 [250.0351314314466, 179.7078390875831, 390.3086535463029, 284.427971536272]
187 1 [247.9769995154638, 177.1183242825791, 394.7298342150842, 283.3244366754565]
188 1 [240.447161746939, 171.2361362939701, 379.1864071472946, 272.6527505862694]
189 1 [228.0454214148049, 180.2363910144195, 371.8563582377154, 281.3707920216804]
190 1 [247.4241124324326, 193.5604529073462, 390.7495116706155, 296.597057226229]
191 1 [277.3928940946062, 186.9106952929869, 421.7187252321642, 283.0316179623537]
192 1 [274.0898394862015, 176.363632584922, 424.5273301555496, 276.315308003212]
193 1 [295.7713084200223, 198.9384184582159, 439.137689096169, 299.5787763827657]
194 1 [295.4073304867197, 182.1218325747177, 440.5694334842053, 284.8861017410029]
195 1 [298.2114861251612, 185.8562247445807, 438.1603759227322, 288.522723084676]
196 1 [302.6429074162443, 182.4274778077379, 450.218470573536, 280.7612815466744]
197 1 [303.1251305432816, 175.8673927551135, 442.344825603275, 276.6037921595104]
198 1 [288.959668578842, 157.3526246184483, 424.6580540952422, 267.5507309204082]
199 1 [309.0012127275404, 159.8707582978532, 446.2559556073197, 272.5518504148374]
200 1 [313.2992186488409, 189.5623334115371, 453.0098026065456, 293.0472006783698]
201 1 [324.6763548904855, 195.7180408844724, 473.701679547757, 294.6222503335528]
202 1 [333.2930625507433, 186.3907794365659, 483.0909436773791, 287.7061806105781]
203 1 [334.6968810560938, 173.1786634414457, 475.9863545940287, 281.5451169720276]
204 1 [340.905513679405, 181.8064167061821, 493.47018000268, 284.1185202579018]
205 1 [344.2496993297536, 187.4074025908485, 498.172663238635, 290.7748867359967]
206 1 [332.3254579583008, 178.2184725711122, 480.6230981739753, 274.7333324249063]
207 1 [350.6805655660864, 178.8962519182824, 493.339482946915, 288.9512831184197]
208 1 [356.1364665159781, 159.2264347421005, 511.4494061746674, 257.5145458011269]
209 1 [358.2468678125006, 168.5425851950422, 492.0137250347582, 275.8541529388268]
210 1 [343.7606112563808, 158.3177670547739, 490.2694529252832, 252.8700001332602]
211 1 [334.8802970627148, 160.079234325327, 487.1246676501676, 257.2599349789151]
212 1 [340.7892763170239, 188.0382211520337, 489.2144311528529, 298.9898709097824]
213 1 [325.7784721555945, 193.2511988854967, 468.0006904389059, 304.0332302298917]
214 1 [331.7546123566863, 179.9289807504974, 475.8208903392425, 291.0345998476977]
215 1 [347.9094133826729, 171.0891824974679, 496.9881619969431, 280.5197340222567]
216 1 [347.2643740566273, 185.8297687480226, 497.4993295694077, 286.9730267676539]
217 1 [352.4543701971707, 177.9298821478151, 490.3717723837101, 285.0305619441216]
218 1 [342.0090683989984, 184.8558744965121, 483.9675056471029, 294.8006091742303]
219 1 [344.264939084911, 183.9842897481285, 487.4313099169609, 298.5621103791536]
220 1 [329.3248816507694, 175.4033005740494, 480.3913117756219, 291.1988226434027]
221 1 [328.8407164134842, 166.8852636674419, 456.4957706964021, 277.8964408658874]
222 1 [320.4298645558592, 156.7429156370927, 470.9703278497171, 263.8932469240814]
223 1 [309.3961894812819, 171.4667604633141, 462.6460559572847, 280.3259351719015]
224 1 [314.5557604565111, 166.6210693321191, 464.8252108953437, 276.2396627884441]
225 1 [324.4427019052964, 180.2997704865411, 454.2848648940876, 288.9328615807832]
226 1 [322.4116141021077, 175.3006225093268, 462.9174789853962, 282.8344722052365]
227 1 [305.0634207690891, 177.3495825580321, 455.157917781574, 284.5309865774846]
228 1 [300.8501722871151, 173.4613059102558, 455.8730677340274, 278.3687679019766]
229 1 [310.0837977438059, 188.1797157614492, 445.670414674047, 293.7968009432981]
230 1 [328.9460422492412, 185.5048673613928, 484.8750151129656, 288.9762091092482]
231 1 [339.0287222361949, 189.3705844148062, 496.0603090081931, 293.7394328091161]
232 1 [344.9205924964335, 197.5599574311636, 503.9640241724052, 303.6053102126311]
233 1 [300.1751347279933, 191.276581288781, 455.0798454424806, 291.2067680702143]
234 3 [298.8932460940268, 190.1547890915535, 456.3193851829536, 290.6855756303673]
235 3 [332.8798697723832, 187.829216608312, 470.135546692328, 290.8992738734436]
236 3 [328.7045169642952, 178.4493784620427, 489.6890071015876, 283.2186686485047]
237 3 [324.8583238965657, 171.1583312614821, 479.7464746562769, 273.7248699260442]
238 3 [341.0212144649413, 190.838146539405, 490.1525963442003, 300.3733673987739]
239 3 [341.3815038765606, 159.439318255987, 500.1627141756707, 265.4133522311392]
240 3 [357.4356167039659, 177.3464148063213, 506.4859507598435, 287.5764652165948]
241 3 [318.3789723108348, 179.555752398679, 472.2593080547326, 282.9226201963865]
242 3 [313.3364893051621, 171.9127730107866, 458.4592991633737, 278.5186343111792]
243 7 [331.7836539841082, 182.2532398267649, 487.4807763638677, 284.7906698477902]
244 7 [306.6529457012948, 172.4445463439915, 459.9686627745797, 275.32636625935]
245 7 [332.901710152888, 158.0103136147372, 469.6973986639041, 262.1886988421509]
246 7 [306.0784503280011, 177.8730455136392, 464.0566224577547, 280.478227513495]
247 7 [302.9692534471687, 177.3253127015196, 451.993058716614, 284.1917841050492]
248 7 [303.8146580125031, 179.8894729292952, 452.9280738647535, 286.8657387859718]
249 7 [330.6666939726856, 191.7254922925495, 486.8663551638896, 292.6799348961705]
250 1 [340.4921573037573, 164.0376632488333, 499.0062530653829, 263.6515028534337]
251 1 [321.2898123006162, 190.0342498861719, 470.565023391055, 287.9588583485888]
252 1 [341.3321328929451, 177.3032177905552, 494.9698670141251, 273.6229657658159]
253 1 [325.9286548684177, 180.0465942455921, 477.3999241531453, 278.6046137939854]
254 1 [329.7620562857774, 193.810527040856, 477.1343372399509, 291.710805121804]
255 1 [309.1130413404026, 208.3837208002806, 470.1601486069758, 306.4588338057494]
256 1 [320.8769171426829, 205.2681329988409, 469.0407124661942, 304.8151205455415]
257 1 [305.5640386034211, 193.6243454508949, 459.5327989913822, 291.0999957709332]
258 1 [326.5293922017154, 191.1123632781673, 478.8342164912559, 287.017631758955]
259 1 [304.2591501761635, 191.0985712104011, 456.2914904920409, 288.8452370743871]
260 1 [300.8880622985598, 181.2669814764522, 458.6760639888195, 278.5917852018915]
261 1 [304.8401396451809, 203.3203025292605, 464.2429325629338, 301.5382561275718]
262 1 [315.0224996472534, 214.2481910951901, 470.3068274220487, 309.4953648742779]
263 1 [302.5489094502118, 210.5665912865661, 459.8680100296648, 308.9129741213108]
264 1 [303.7477177402761, 192.547042458551, 456.1979856512035, 289.3384128764236]
265 1 [285.9098193256941, 183.165477705712, 442.9109711829276, 278.9746081865526]
266 1 [273.0259681234893, 195.3518387072254, 426.0189960219554, 292.2199148083349]
267 1 [291.5099971110758, 191.1613339327741, 440.7235725347002, 287.8156753871754]
268 1 [299.9036091773596, 181.5261209013406, 451.5266992900569, 277.8352883025214]
269 1 [306.8957232053217, 209.485429539578, 458.498407112695, 307.1351383769342]
270 1 [319.2679906983685, 209.3179627649952, 471.30293168797, 304.8631706419651]
271 1 [308.5678558538493, 223.1794725686777, 453.6773143827505, 318.5734056924744]
272 1 [311.8090441192326, 206.2281531610061, 456.3953255048919, 300.7633261247134]
273 1 [309.750615556055, 205.0861101180781, 450.5246216937561, 299.591171015084]
274 1 [306.1429743210611, 210.7046202153433, 446.4697260530984, 305.1339792633218]
275 1 [287.2272738276806, 216.6912963616196, 442.4135325479857, 311.646201963863]
276 1 [282.6580048341712, 206.2948116243351, 434.4876692947208, 302.491950141954]
277 1 [274.3775237698865, 207.56922440161, 425.1641916642603, 301.2893711413766]
278 1 [278.5740082918492, 202.7012559401337, 433.2847368076683, 297.6556625504532]
279 1 [280.9146312459197, 197.618961795466, 422.7342413618414, 295.2827549728477]
280 1 [288.0336875210342, 183.8647017211188, 437.2068492943383, 280.8814114654055]
281 1 [301.8019054571923, 177.3535748154391, 443.3248374268904, 272.8157044612402]
282 1 [324.6109521875915, 171.6720409181435, 472.5849854535733, 267.8906183057343]
283 1 [271.6532298059028, 171.5140499316622, 424.3371029124462, 268.8760501126637]
284 1 [270.6468295295199, 167.6690168261994, 415.9154206958893, 262.1226692992788]
285 1 [297.3399100939569, 187.7829005338717, 445.5481408266826, 282.6619994971077]
286 1 [300.6333582962689, 188.3601402633358, 451.7795830693657, 279.9717492039942]
287 1 [301.8342701087531, 165.3826423503924, 449.3973976483743, 260.4747050079501]
288 1 [279.9740823472675, 178.1564251391828, 427.7176572261735, 275.86103258013]
289 1 [267.3105959522363, 183.4251330376137, 410.0666245645589, 279.3712319508556]
290 1 [267.9606679196295, 197.9450313330162, 420.0335704096412, 297.800914663056]
291 1 [284.4884693891218, 204.9696730964351, 438.9459817224708, 299.2230126212432]
292 1 [261.7222869417456, 210.2351948202122, 416.8280322984531, 310.4807232366778]
293 1 [260.0016149806615, 204.3851650834549, 401.495557384616, 300.5807199046989]
294 1 [273.8126291076478, 185.2305052487791, 421.8649535672872, 283.6940616062906]
295 1 [270.649477442581, 181.8855128123105, 417.3052571624645, 280.0061941037154]
296 1 [261.5832193697279, 173.4667161537946, 410.151268748444, 270.078432111418]
297 1 [282.2853427680966, 171.5993163793028, 433.140471779135, 269.388258919531]
298 1 [289.3416315585782, 194.4037172340322, 434.681552646319, 284.9584465699738]
299 1 [286.0555941912171, 173.2532319857419, 435.0982279854416, 272.1345458092225]
300 1 [261.3623197272827, 174.220593436854, 418.9305714159209, 270.5143623621007]
301 1 [296.0921681414184, 168.5592378101828, 443.2732429849751, 260.2792670210384]
302 1 [295.0202245007095, 171.6816298089507, 443.8813516902736, 262.5404242111178]
303 1 [271.7865654474881, 158.5439663336147, 412.7541426373125, 255.221070229257]
304 1 [264.6195861345914, 158.7878707565833, 409.0433333862011, 254.4981749393119]
305 1 [260.2113886198786, 156.9224572882522, 400.5001746915202, 252.7929280126216]
306 1 [249.3858649975446, 155.0414544485975, 394.3353834927599, 250.8996759191847]
307 1 [238.2558849102643, 151.7924469851423, 382.2238603304294, 246.8380073496533]
308 1 [264.166744577029, 165.7722741321195, 404.6826364942181, 258.5957103334464]
309 1 [253.3160609773186, 178.7282343164552, 397.1572032530555, 272.8284694104219]
310 1 [268.8403484121373, 164.0182012089063, 418.3477204364136, 252.4488763302051]
311 1 [252.3637398600986, 173.3849514045287, 398.0527339557881, 262.3676382973582]
312 1 [245.9559408224013, 173.4230186000932, 388.1375746908224, 269.0901975856027]
313 1 [257.0316373825481, 178.9227531247307, 405.7601600288914, 266.718914976773]
314 1 [248.333543686982, 164.3325413160492, 392.5758525995004, 246.9989546646289]
315 1 [240.7327579821285, 189.8404296257068, 379.9741045889128, 280.1434715769142]
316 1 [233.6551832522091, 180.8109094717074, 370.9365931121997, 269.5550200820848]
317 1 [229.8385165559885, 189.9915263012517, 367.3592863129685, 281.4942918215344]
318 1 [269.7187310571608, 178.5113734521437, 408.5309835295058, 268.0749295103381]
319 1 [223.7491937096056, 169.1592536263634, 364.8975068254013, 258.9910858817948]
320 1 [213.6941979567346, 171.3528019145597, 353.2203927764595, 266.0690191325068]
321 1 [222.5524167830881, 156.9432635002304, 361.4547974054481, 244.7477891899709]
322 1 [238.6280363726255, 157.5205261216033, 377.5783399334794, 248.1550059522731]
323 1 [246.6342035702255, 153.8058081970085, 383.0865298426267, 247.8398032411971]
324 1 [258.1355795658019, 149.729046593653, 396.1595811903054, 242.1430664038865]
325 1 [247.4977293445554, 184.7791379645933, 382.3088470018355, 273.4870902275673]
326 1 [246.7006779390213, 193.0314731553663, 381.5816229422477, 282.3379706559073]
327 1 [233.063822797063, 154.2687430747319, 372.3027837338884, 242.7516095214122]
328 1 [223.0607483894855, 154.8972777791787, 360.7568839309668, 243.0635317089573]
329 1 [213.6931322128803, 141.6501752801705, 350.7454641658439, 229.2175281875353]
330 1 [210.190766862157, 135.8627091117669, 345.9716037138474, 222.4784937945206]
331 1 [226.853812907153, 157.9771381013561, 365.2252689647098, 255.0964056718339]
332 1 [231.1087605750945, 168.0100420818199, 372.9505269209457, 263.855030618177]
333 1 [240.021926427522, 171.5664942221483, 380.8202688356411, 264.7016146608301]
334 1 [259.5655636138108, 152.6925817832816, 391.9299884116654, 244.1099110667544]
335 1 [261.1256715723139, 151.9589112654794, 396.6345515811347, 244.6080225404461]
336 1 [269.2075016650197, 161.5071783030871, 407.3787284577745, 254.9926176778383]
337 1 [257.3655364311126, 175.7736861737212, 391.758255365074, 268.9993894211205]
338 1 [244.597406650224, 160.9213927605888, 387.5034293596847, 259.1878825904333]
339 1 [274.6997363048431, 149.5098141350318, 407.1206880920356, 233.4838289207872]
340 1 [257.6326617899176, 138.9222873516846, 390.22468486598, 222.1867690251331]
341 1 [241.4774232006457, 152.8574718752643, 375.7474069745965, 246.5689294204918]
342 1 [234.4626862949517, 158.86405270861, 371.9110703833942, 252.4095311928272]
343 1 [244.5143582134333, 166.7605004042853, 380.8306726979446, 258.0328808356526]
344 3 [240.7434895283368, 153.4468097643694, 382.0555223311206, 253.2347318443391]
345 3 [259.2055050491181, 133.8932804812212, 390.3143259589107, 225.0375280581778]
346 3 [208.9569278082636, 154.8676455424866, 350.0734030976808, 254.7634508799104]
347 1 [247.8090010697779, 163.6165875897277, 372.9839695811212, 249.7499207682347]
348 1 [254.3805758769449, 167.6639679775108, 378.4585636963623, 254.0199801741679]
349 1 [248.4785515929398, 164.060203838395, 380.8778748696213, 251.7799727723726]
350 1 [237.3207277918991, 156.0225245684851, 363.4736944689937, 247.5634066047962]
351 1 [230.7276709492144, 167.8222037993837, 359.2996271830414, 256.7076601688117]
352 1 [223.4271715509531, 165.0759729791898, 353.2076435783678, 254.2998113134421]
353 1 [209.0106493907806, 172.0952678241301, 339.1849641604773, 258.7374493918951]
354 3 [249.7706997043279, 174.9686677337159, 380.4730663141816, 261.8576774787316]
355 3 [238.5443329459813, 173.0077877223957, 365.9884053335761, 258.9101403414321]
356 3 [200.8744586373505, 168.9021070629824, 328.1381379554585, 260.4135899269527]
357 3 [201.3431770468887, 168.5612898275722, 329.9413775398989, 259.9726337529333]
358 3 [218.3688956892875, 160.0392007597257, 349.664221993854, 246.6416424799418]
359 3 [229.7241081411776, 156.9795413643587, 355.5972422156526, 240.8696393698723]
360 3 [237.4537057171401, 147.973343762802, 369.6774971445798, 235.1931281926647]
361 3 [245.4685366640624, 146.4488551348914, 377.4833299332371, 234.8158472012619]
362 3 [210.813185265084, 163.7136046078522, 344.4434102728598, 258.3526744882922]
363 3 [224.6863254460332, 163.1479342237581, 351.1187847095498, 257.7228270687807]
364 1 [234.2447873808269, 153.3611767531838, 358.0646939083877, 247.5204604513156]
365 1 [224.6693304295477, 137.8741395801771, 347.1224698630826, 231.6095853616108]
366 1 [206.9282607755449, 135.5590837241616, 343.2640102124817, 227.2204533211967]
367 1 [196.2651499824424, 160.410842434736, 325.4023883863293, 250.3199436935193]
368 1 [206.8260356013489, 146.9914817602839, 336.0901770877496, 236.0062539678373]
369 1 [214.1984214748081, 147.2902650807519, 338.6382476996535, 243.979650860117]
370 1 [221.6678845414717, 141.3993078472558, 351.0947779233618, 235.3804203170662]
371 1 [230.8288786604826, 132.6024359420408, 355.4221803552028, 227.5080761149195]
372 1 [234.5980772537005, 137.413256052183, 363.0203406781164, 232.9214162556905]
373 1 [232.51756476218, 134.3188013045583, 369.6499200001713, 227.1538004461847]
374 1 [246.3683862539765, 142.9115064770449, 373.4361353237567, 238.8834781435802]
375 1 [242.3146099036385, 135.5246911107097, 381.4846929772602, 227.3991398526923]
376 1 [235.3894027809438, 175.1208388109226, 364.6193378869975, 265.8444350241841]
377 1 [242.5490489343938, 178.9906384844799, 371.2644676773023, 269.8789614894348]
378 1 [233.9044129404065, 173.1047799487133, 360.6177239885144, 266.1795455240785]
379 1 [255.139158163016, 167.1882244853769, 391.3923106207664, 260.6151925859045]
380 1 [265.271058098675, 153.2801041894127, 390.1311852567632, 249.5746572630615]
381 1 [259.6071026332502, 145.1284240724053, 390.4429368355654, 235.962689002964]
382 1 [280.285202355386, 158.8329108201433, 409.5008062484917, 252.6460640113431]
383 1 [296.6538186532271, 162.2680360965896, 427.2068322639876, 256.9890390877042]
384 1 [293.6469452244055, 160.5787427120376, 424.9389895138691, 254.7030163365531]
385 1 [285.5455404680979, 180.4259830110241, 413.2752736719534, 276.366026924868]
386 1 [288.1014496248972, 187.1803670518566, 415.0153185516921, 283.4675167407665]
387 1 [272.2493483287108, 176.9742841415573, 399.773730975846, 273.5214012870083]
388 1 [267.7302459043276, 155.321574541973, 392.2886146328502, 251.7376763557778]
389 1 [259.1375860732805, 142.0960632294882, 383.0629363406699, 237.8552039803412]
390 1 [242.8703383400862, 161.7295479939785, 372.7546538806868, 257.7097883905319]
391 1 [268.6089108928863, 159.0726896540728, 395.944996619754, 249.2968312013541]
392 1 [271.5666414143343, 174.2016174739692, 404.5462551099715, 265.1839668851591]
393 1 [274.658662285452, 181.5549150204752, 407.2334867096625, 271.0425224613962]
394 1 [275.2075815641147, 161.3209302120376, 402.5925047301738, 255.8917374605562]
395 1 [276.156772556511, 164.8798952044454, 412.0784000297707, 254.3587281381573]
396 1 [275.1481653794472, 164.4909121633973, 408.2973252581922, 251.6384416678486]
397 1 [286.9834860225965, 165.0693100786302, 416.8846575984017, 254.8131240991503]
398 1 [292.234558888973, 179.5524868464563, 416.8015557708727, 272.8348531332132]
399 1 [302.2116541161959, 173.4310227052774, 432.2714202507398, 269.2115091297724]
400 1 [299.4399828065943, 173.9452702787239, 425.6019353249772, 266.8932004582745]
401 1 [300.5279381175351, 173.9921396647114, 424.6790686106137, 264.8837871874351]
402 1 [295.7966881429602, 193.1357485523913, 424.5007524858057, 286.5612201542456]
403 1 [295.2415468122636, 200.5636872889008, 427.2587045139389, 294.1909381800689]
404 1 [305.083475892694, 169.8424154382665, 430.5884554660112, 261.6061862099004]
405 1 [302.7115314987314, 153.6939269446302, 434.7671501049548, 248.6478743599185]
406 1 [290.3595810917032, 148.491424336331, 422.5687195736391, 244.2825830822675]
407 1 [290.6943745327008, 156.1895062916447, 411.8726165864694, 255.5024907134275]
408 1 [278.8978136491787, 175.1685055114795, 401.8251187960182, 272.9842508081113]
409 1 [284.4663188115519, 188.1181887865532, 407.4229711279693, 282.1873816352676]
410 1 [289.4892130301159, 192.9949787401129, 416.3227266355372, 288.1731449022079]
411 1 [296.0166860346508, 179.4795200091321, 418.5370161371419, 273.4429132463678]
412 1 [277.5191130743187, 171.1652781211305, 405.2790908345921, 265.3967575597786]
413 1 [291.1983074501914, 182.8968343839515, 418.9930198619833, 276.3676169303741]
414 1 [297.1157284335059, 194.5950374708045, 424.7402191900744, 288.9637105114143]
415 1 [305.1554093112063, 162.3324834790546, 432.5082222397502, 256.4992131004017]
416 1 [300.2277595151973, 153.2425939526875, 426.8427121793355, 246.6864971569654]
417 1 [293.6733419050288, 144.5059161868412, 418.4886271766993, 237.5735001599891]
418 1 [276.2552162979555, 167.2550076388288, 397.7147326115627, 258.5801237955258]
419 1 [273.6095261059527, 153.4113451258745, 400.8151455277692, 248.2925700180474]
420 1 [288.5570637483907, 164.8065975171048, 414.6724221081701, 256.2014536688188]
421 1 [282.2862231426698, 161.9842113137711, 402.2077120424084, 259.9748049325033]
422 1 [300.5364101913583, 155.0498588152695, 425.4876393072926, 257.1342187777276]
423 1 [302.4267796215427, 161.5295877077151, 426.3253898512716, 261.8745814854233]
424 1 [295.019387895969, 160.7418260539416, 417.3799367328983, 261.8132651426281]
425 1 [299.0258504401718, 163.661182701122, 419.8414983829252, 264.3352817240003]
426 1 [307.9458118530747, 164.3967584476341, 430.5572705410949, 266.7486923037684]
427 1 [302.6743510316883, 160.9216709728353, 422.6798400504486, 261.1454838681774]
428 1 [297.4337142308068, 172.8641409941483, 425.8540103180532, 275.9342715590879]
429 1 [307.184129203466, 147.9542781601194, 430.1387596514304, 250.0268589651838]
430 1 [319.0175216805947, 148.9247439198662, 444.955600784192, 251.7545353682136]
431 1 [292.4913639154111, 155.558189555537, 412.2711465876527, 259.0557638657123]
432 1 [320.4906221989368, 157.4927581662778, 440.2731705118287, 255.8030629990849]
433 1 [339.4484331433487, 163.5323420495261, 460.4437442758317, 257.8935735965403]
434 1 [343.6259054367256, 172.1551218957175, 464.3700546824607, 267.1891628029128]
435 1 [336.5491075020109, 169.8351854088251, 461.925458324014, 269.8656131212816]
436 1 [335.8689341110003, 166.0036235817242, 463.6584122630803, 270.7611107185837]
437 1 [328.4386128534388, 161.002303692745, 443.2876351927431, 260.7779449761856]
438 1 [313.7130067099643, 139.3718242042232, 442.9097766954982, 243.9756510375107]
439 1 [304.288014690188, 161.1942155475263, 423.6190299511694, 259.6454902257319]
440 1 [318.6543925244187, 168.2932511905674, 436.9436551472089, 267.33487123189]
441 1 [333.03491839653, 173.2479857504368, 453.1775131420295, 268.0993857695224]
442 1 [326.6563888031815, 187.7422198096756, 445.7986352151023, 283.8041109501658]
443 1 [335.4277282159601, 157.5360902214889, 459.5796171895931, 259.6868115354329]
444 1 [329.1720014016901, 149.1230388546828, 451.6245991647458, 250.9818122299387]
445 1 [312.3842633117747, 162.920808973955, 429.8133824527873, 257.8472034885598]
446 1 [316.6329591858957, 176.3985990921501, 431.8132400527738, 276.7975095950144]
447 1 [321.6727027248417, 177.1320920626167, 443.9942635522554, 273.4029611771138]
448 1 [299.2656922687602, 183.3047356039751, 414.3019267381178, 281.5527378904126]
449 1 [295.3824697782111, 177.9582144648302, 412.6646564828488, 271.9320405827334]
450 1 [285.9773683895182, 178.8644261986483, 400.1751428680282, 276.5723119019383]
451 1 [293.4787400414061, 191.0274769694079, 408.7910504984237, 284.3779282581879]
452 1 [329.5504751403641, 176.0114308868069, 445.5862462131855, 267.824734696801]
453 1 [292.2020706858311, 189.0382794479374, 417.1482140420126, 283.2612332413159]
454 1 [310.2638526980591, 173.7359776210506, 429.1822007286579, 269.200120576207]
455 1 [342.3311867539596, 163.8590775851626, 454.6020202130805, 258.408510108826]
456 1 [358.1581741918635, 182.4822664053645, 469.095064472087, 274.224234064839]
457 1 [330.9977463234973, 200.275060306536, 448.7902123552466, 298.3214679120092]
458 1 [338.1432721366, 198.6557977602352, 456.2944684209928, 296.2910166766914]
459 1 [362.4130610723805, 187.1577587772626, 475.9709309810868, 281.234546861473]
460 1 [345.9443304173474, 169.9299971994478, 463.5665155302393, 263.9142226999155]
461 1 [352.6613940645766, 169.0366983276326, 469.0436963328207, 260.8714421386616]
462 1 [363.5267319877457, 166.9036677062977, 481.8472280164535, 266.4292197181228]
463 1 [355.9835294119839, 171.3190012380946, 474.9334885411564, 266.0084006169623]
464 1 [364.7641419943248, 173.7424372418318, 483.3957487183781, 264.1904019778389]
465 1 [369.4005021055054, 177.4765695246751, 481.7754939422607, 271.7481661427099]
466 1 [377.3625764481549, 157.3065022334922, 497.8751668121362, 252.6934722222498]
467 1 [337.5794856201683, 177.4851274027024, 460.6846166113272, 268.6616842838651]
468 1 [348.8956437956367, 151.4055379016791, 470.431484997591, 244.2449540415753]
469 1 [341.4141301762138, 141.0424800498877, 462.5121317054197, 233.3754375483968]
470 1 [333.943669642118, 130.5146678073797, 454.6060533600918, 222.3446736464034]
471 1 [325.4581187616859, 128.4542683048639, 445.516369134377, 219.6990584711981]
472 3 [343.6526349161577, 151.5178059369791, 455.2449265416501, 246.0415525101153]
473 3 [327.0809275608335, 143.9456997162197, 445.8786907204854, 235.8737521216505]
474 7 [331.6063437189732, 153.3025281599257, 457.7258704530157, 247.7504809858895]
475 7 [341.8426992695604, 135.9852654023562, 460.9826787973892, 228.5411436140939]
476 7 [343.2446791322727, 132.7522956768517, 458.8041708770778, 229.0365499967706]
477 7 [330.873645350599, 149.8054697623011, 447.5875307780992, 248.8443350424583]
478 1 [343.6030537935731, 168.5728592870291, 461.2383848326738, 263.8331926692847]
479 1 [348.1150357143779, 169.214615866309, 464.6374370701698, 264.9821411984941]
480 1 [350.7838295118709, 158.7242248912808, 465.7237198642965, 251.0451927309928]
481 1 [347.2207679830317, 156.3650998708326, 465.1158227594676, 248.9238650402359]
482 1 [333.8055391561065, 151.3200117929373, 456.9481129821063, 243.6939047661238]
483 1 [338.7117181576614, 173.6367118314374, 460.2143508508151, 262.7301319389782]
484 1 [346.781870373321, 167.0656851821113, 467.4754842087181, 256.9419969057394]
485 1 [326.7807152166788, 177.0125593526755, 452.0841235147407, 269.4375876265381]
486 1 [324.0407516851847, 173.0526872260962, 449.4275627971572, 267.403163028801]
487 1 [346.9253466264636, 163.4899117613677, 465.4514757904532, 258.6895200581161]
488 1 [335.2943145155732, 169.2240114425076, 455.0024996892198, 257.9495296216197]
489 1 [353.0430704586033, 189.1143604509998, 473.9058074467893, 280.1010406174423]
490 2 [340.5163263713766, 192.7764833348338, 463.3582018751978, 289.1240563548485]
491 2 [354.9797765442927, 186.6360897200648, 477.0907420970018, 283.1441523709916]
492 2 [360.3497593056236, 186.4557711689267, 481.9840736724473, 277.0676052105744]
493 2 [357.1643972581078, 182.1729009973351, 484.7815257282381, 278.2581183515168]
494 2 [376.4291723582719, 182.0892513825093, 500.3677348381517, 274.9104577008861]
495 2 [370.6234570963134, 198.2198499517981, 495.2480647549872, 284.4124239495732]
496 2 [385.4549592172552, 178.6343532057945, 509.2525572690821, 273.2402744882534]
497 2 [380.1783418234263, 194.2409397943411, 507.3800345532621, 285.7578362543055]
498 1 [398.752725394239, 200.9093163607176, 519.3200239595822, 297.6817901220764]
499 1 [386.0369438443158, 177.0320741368923, 509.4835635134078, 268.6709605847597]
500 1 [398.222788483632, 178.6605237054173, 517.5005387022791, 269.1065946317783]
501 1 [356.1573334315617, 159.9670283196028, 472.5062032425553, 252.3160476862637]
502 1 [373.2062658851792, 180.6604635869153, 501.4306245733465, 268.8927864037712]
503 1 [398.6175180923019, 193.2121829597745, 518.0922678287489, 278.1070859965784]
504 1 [356.193268336152, 194.4124944813084, 480.6322233444093, 281.2495630731736]
505 1 [355.0914372478437, 185.8130021675024, 480.5226711398927, 280.8528659873422]
506 1 [337.7907699717034, 193.8959946043324, 460.5115070473091, 279.2297639658866]
507 1 [382.3543897967611, 179.6592531332281, 509.2914648666212, 269.9068615080455]
508 1 [379.7821288320993, 205.9922219349537, 505.9611114910501, 293.6820202700036]
509 1 [375.135181245656, 192.9453113956843, 504.0834499710179, 287.3116971465967]
510 1 [374.2286615048361, 197.7805132700596, 500.9158368540199, 293.3848748006438]
511 1 [405.1171427730296, 202.2817279680166, 531.6904649107, 291.8865848003746]
512 1 [405.8380212772463, 179.1096191017423, 530.6029230910858, 268.5600546620251]
513 1 [409.9092047799204, 187.0998786299024, 534.1069129851051, 277.1113066303242]
514 1 [385.8071431468998, 166.265323711792, 509.0425739778918, 256.6811460701763]
515 1 [379.0265675626288, 152.9688580685761, 503.7058609258562, 245.4330343721496]
516 1 [400.4465368900274, 151.8961008919869, 523.5866726548123, 242.7198357420419]
517 1 [413.9700608186249, 154.64115825505, 542.2404778505122, 245.030580293066]
518 1 [369.7581972173939, 140.9351112300064, 495.4765955676804, 234.5658276437888]
519 1 [396.2513587388967, 151.1672240032349, 525.5783701921295, 240.9735169919069]
520 1 [413.982304283214, 152.5850601962302, 544.589750452716, 244.1244509700732]
521 1 [387.3504792291496, 176.9803104458842, 515.7197500187276, 267.9409049379516]
522 1 [396.9736204061483, 146.2091857476626, 528.3398300749155, 236.1726237449072]
523 1 [420.1825426749711, 141.9317704115529, 552.0117999847049, 232.0498865902993]
524 1 [426.0811018219974, 146.2031171007548, 553.2020843872639, 235.4800608818526]
525 1 [418.3047105323349, 161.3706164716277, 548.9475738985657, 248.0119647306026]
526 1 [431.8401196364139, 147.7938664241228, 558.5566049045349, 237.7335803614326]
527 1 [451.0786023501132, 131.2624559088145, 579.6954234502391, 222.5136768258641]
528 1 [440.3161436084483, 141.8499166055117, 568.3213202191066, 231.4007435234355]
529 1 [430.0420458659355, 147.8160924466793, 553.772201731798, 239.5052130024131]
530 1 [446.3955522466276, 144.7312992720399, 571.5749521093271, 228.01867336731]
531 1 [455.2133378035214, 150.5156307949219, 582.606617737339, 241.1841654286331]
532 1 [461.6616203494195, 167.3200531445909, 597.0284290232391, 260.976139550366]
533 1 [463.3125464010809, 152.4965599088464, 588.4893394606728, 237.0775711359818]
534 1 [461.6010854530905, 148.3706927208696, 585.9492347782233, 232.2985686833509]
535 1 [462.7881161517289, 160.4391994236503, 592.3326628090182, 251.253514677633]
536 1 [432.7652527529572, 141.5019714089576, 561.6265599026224, 230.0715630641032]
537 1 [449.7584774738934, 161.4312517179642, 576.2591384992446, 250.344910450857]
538 1 [418.3378126679745, 162.7580314504448, 545.4725186658177, 252.4627706255916]
539 1 [431.2339856683102, 161.803107569227, 557.1099980120997, 252.7280462662292]
540 1 [441.2696641658258, 154.9025086222682, 568.9108814018847, 242.9008580155764]
541 1 [450.3860245596443, 144.1172699911986, 581.2110749012124, 233.0329973459436]
542 1 [458.1013347881672, 147.8058640568052, 584.1025015950813, 236.5264504261552]
543 1 [455.7712063889776, 135.8165744973812, 583.9043767895819, 226.6459517863302]
544 1 [449.6868693779979, 150.8878487490583, 573.8757546555895, 236.818342385432]
545 1 [458.5936658222054, 155.3296248896513, 578.9841125708205, 236.4912493421909]
546 1 [464.476337770262, 135.5901291875634, 590.3281854909455, 225.9345114154683]
547 3 [448.8144189350132, 135.9060854504933, 576.549672427975, 229.3182258709695]
548 3 [450.9755781663407, 139.8169682960142, 577.6267569696282, 233.5968450055348]
549 3 [448.507208679599, 155.2190086340997, 576.7004967244253, 244.0669381981853]
550 3 [438.8371002602216, 163.379299296299, 566.7258644786961, 251.9879146952791]
551 3 [438.0876736177888, 158.1845056919847, 563.3505576295958, 247.6704297565999]
552 3 [418.5605388179247, 146.9925032651518, 547.2344130563226, 234.698715418538]
553 3 [409.8144983544771, 139.4450925386045, 538.682899364461, 226.5035342672545]
554 3 [426.2794356837694, 152.0237921448425, 553.8689469401185, 238.7118499014582]
555 7 [421.3366879567329, 164.1468184536789, 548.3788474750187, 255.0669192221639]
556 7 [414.7763294026081, 167.6992609447334, 539.4059346790901, 257.5625971933728]
557 7 [415.5316098078911, 162.069088751683, 541.894807103626, 249.4009606351668]
558 7 [409.753690263984, 155.4187625742052, 544.7343826536053, 240.0183723856766]
559 7 [425.0906833468762, 153.0082261937205, 554.436544321036, 239.5601220249194]
560 7 [439.1890745538112, 146.4458762577269, 564.8819760900709, 234.9463813187353]
561 1 [412.2283565297548, 156.2778894128278, 537.7901597214712, 242.6576266485685]
562 1 [421.3478415387508, 157.0205357952509, 543.0516631085059, 243.4826865663696]
563 1 [430.3415395829652, 150.1022015421186, 550.3381204469988, 237.0094260970515]
564 1 [425.4105082827446, 144.771085931221, 546.8793708976489, 229.4581669677161]
565 1 [414.7945642958221, 146.2535723580513, 535.3863264045666, 232.1276446443405]
566 1 [398.6331314801064, 153.4571665434633, 525.1767066536741, 240.0699814531833]
567 1 [407.1454988743935, 157.6418562701438, 529.426588226467, 243.5976185983624]
568 1 [405.4100842818443, 150.0115231880918, 529.4400480072876, 235.4651216243267]
569 1 [414.0122105668124, 164.4120511694346, 530.2840697922627, 250.7720286952234]
570 1 [392.9570455008943, 151.5991208506748, 517.2832139229816, 236.4294174750378]
571 1 [401.0478572871361, 166.6518117210362, 524.6149762075411, 251.6902858807426]
572 1 [408.439112196007, 177.6811747348402, 533.8445693909998, 261.5990275192617]
573 1 [417.1853059737769, 171.2736985741649, 536.7664034945276, 254.5161006956255]
574 1 [425.5899771044788, 164.6654346866999, 539.4333918512984, 249.8437403542862]
575 1 [416.3942350934085, 160.137715814868, 530.8556213373595, 244.0850445401502]
576 1 [417.7834132521239, 160.3275755702052, 537.5297116475007, 242.9972732832742]
577 1 [417.9561556454573, 166.6359213462565, 541.2884411547925, 250.9810885319461]
578 1 [427.4868599067268, 185.5291760808323, 545.3864176269511, 271.2646853152061]
579 1 [426.9605481738981, 184.3090424037073, 545.3378033311253, 269.7702373294014]
580 1 [434.3182327340182, 191.0759107118938, 552.2871355528895, 275.1990977012541]
581 1 [437.0114533065644, 193.4825988768134, 560.3838580192103, 279.077805339998]
582 1 [449.0553358684119, 191.2077638788614, 561.7498522937689, 274.8137322269473]
583 1 [432.8574310357508, 167.229309324408, 553.8367545139761, 259.7344725602937]
584 3 [442.104551244789, 181.8682423515711, 561.2677205033085, 270.0927102659531]
585 3 [437.6918101192277, 188.5571402220521, 555.9718285190064, 275.419743738607]
