BlurFace 0
2 1 [244.9152997229248, 229.7239753603935, 339.059681638057, 343.6732777571678]
3 1 [245.3771202266216, 230.1865901052952, 339.9131136545022, 343.5132678455693]
4 1 [244.7774083167315, 233.0035547912121, 340.1816705137508, 346.124619581252]
5 1 [247.0235769450665, 237.242992669344, 341.491015184659, 350.5370282354508]
6 1 [250.302441380918, 234.3769689276815, 343.8559948161542, 350.528528515774]
7 1 [251.8329867720604, 239.901807308197, 344.1062100470331, 354.9280970587581]
8 1 [250.9655939042568, 238.498931825161, 345.0907038081612, 352.4772853137822]
9 1 [251.8460463732481, 240.8430729433894, 345.0546127429841, 355.824005336468]
10 1 [254.4163597002626, 236.2163919955492, 345.7535184592394, 354.2557128142393]
11 1 [254.4230235740542, 238.5084689408541, 347.9942300788003, 353.0139909488136]
12 1 [255.0046269455925, 235.2044212445617, 350.3051910178572, 352.7864538490659]
13 1 [259.350464809686, 236.8666326999664, 354.4617171832822, 354.1594396377146]
14 1 [262.6311314105988, 232.8628766909242, 357.4495069008349, 349.8483608470141]
15 1 [264.2225698009133, 234.2338589506107, 359.4147036987455, 350.5963841389784]
16 1 [268.0544601194561, 229.7460728138685, 361.7141352768815, 347.4385103995526]
17 1 [269.0220734290779, 231.473211273551, 363.5540976117864, 348.2852083327931]
18 1 [270.2485327422619, 231.5573510155082, 364.6484878190618, 345.4528493584909]
19 1 [280.1829058118165, 229.0565640479326, 376.9907669034374, 342.6708031586326]
20 1 [282.3083717934787, 227.6115949050291, 377.6896274799055, 341.8698346516186]
21 1 [276.768671204336, 230.0174232572317, 374.9582756383467, 345.9115951687514]
22 1 [276.3794394209981, 225.1908163353801, 367.9145562360039, 340.1076548471086]
23 1 [275.5195237882435, 220.1380252093077, 369.6637861688025, 333.288281974348]
24 1 [282.3809581622481, 215.8113070530817, 378.3928535959647, 325.1086329388459]
25 1 [298.0516147986054, 200.5427254759707, 390.9724959798897, 318.662670967038]
26 1 [306.7628789320588, 201.3021434121765, 400.1091962809778, 320.4378957157501]
27 1 [308.1902681663632, 201.5427892678417, 402.5198684333783, 319.859234359059]
28 1 [317.6139818504453, 207.525383757893, 411.0841894438241, 325.5264761996329]
29 1 [314.0111016109586, 211.6355725401081, 407.0970147483889, 329.5962463094614]
30 1 [305.0326150283217, 220.5838519753888, 397.571916983362, 334.4687854472111]
31 1 [289.7493321681395, 223.5700881108642, 387.0116151264846, 339.2425464159987]
32 1 [279.7804153943434, 236.2156867608428, 375.6471118789459, 351.4907534769978]
33 1 [270.8124012127519, 208.8060599612072, 364.4699083831243, 327.2913333456212]
34 1 [277.8936208225787, 208.0162647151155, 371.102520970707, 325.8120481379195]
35 1 [296.3170466199517, 208.3967146696523, 389.1381466674634, 325.0089058813951]
36 1 [317.1180846448988, 211.1267595522804, 411.102747959339, 330.0036239792636]
37 1 [310.4880835395306, 205.66415508918, 407.3423761039546, 319.9607831745523]
38 1 [331.151961828582, 229.3037767335773, 425.333249315403, 346.5383739575834]
39 1 [332.3769173724577, 228.4045419469476, 426.2957220095766, 345.5897444985786]
40 1 [311.1529824510217, 240.2786318631843, 398.6567472854235, 353.6661028416728]
41 1 [278.4722085483372, 237.2769678989425, 377.0400302718937, 356.2802653823086]
42 1 [263.6197688058019, 235.6588768633083, 358.4626522147696, 348.9037664143588]
43 1 [258.2645924761891, 226.7757302196696, 352.7527525031849, 339.4288750400838]
44 1 [270.9462122060359, 218.9026972325519, 364.8014938087143, 330.1084469191147]
45 1 [290.850905328989, 209.8375992523506, 384.1008196880803, 322.2376069436901]
46 1 [295.6138656008989, 222.7842866815627, 397.6581329962286, 329.6840450846428]
47 1 [302.4665394891053, 220.1507520116866, 404.3558595019038, 327.7258930378918]
48 1 [309.610474454239, 224.4512888230383, 410.5863217004588, 331.6861720562179]
49 1 [314.5479889400303, 227.4404418998165, 410.1580398238281, 342.6450672395239]
50 1 [296.3741047959775, 227.9371017916128, 392.7709438099909, 343.8304036852163]
51 1 [285.5123180523515, 224.9048723699525, 379.2004446659427, 335.0885458198083]
52 1 [283.7565201893449, 216.2012787582353, 377.4184544274908, 327.1494483608268]
53 1 [296.6046133264899, 208.3135128440335, 394.795589864335, 326.5935470754734]
54 1 [291.591747039929, 217.299731336534, 393.4611290545028, 322.8069058723025]
55 1 [310.7043156499276, 217.5500291259959, 406.0139650554301, 332.3197016576382]
56 1 [319.4081590051064, 222.5601917179301, 413.7150683685978, 336.8932516587774]
57 1 [310.055821116548, 229.3487684056163, 411.9185543834208, 334.7452903229145]
58 1 [288.9086213055998, 231.0707716969773, 383.5990823651918, 346.1696801530403]
59 1 [274.6512921247631, 224.0544605348259, 370.8737799536638, 331.0966682382484]
60 1 [310.3362590819597, 249.72369923722, 409.1612172565058, 363.545890750177]
61 1 [275.4225104767829, 245.1157451071776, 374.638321173356, 352.4241087546001]
62 1 [284.3048818875104, 243.7602372653782, 386.2805955774127, 345.9987496768227]
63 1 [275.9957333287457, 197.4669683212414, 373.3959258979993, 318.4483334914263]
64 1 [270.3390373667935, 196.6639288747683, 367.3629705078299, 317.0120675457919]
65 1 [298.5717592760921, 208.4628463769332, 398.9513078529653, 324.5101373419836]
66 1 [299.5132739190012, 232.741419444792, 395.6786550203745, 346.6284141972767]
67 1 [293.3473877707729, 246.1136417137459, 389.406843552925, 361.6705442559982]
68 1 [275.381897110492, 234.9417959450511, 374.175148939534, 354.1280156783838]
69 1 [274.079480637447, 236.7674101621378, 371.6688380849646, 355.8416080053383]
70 1 [263.2412764616311, 219.2761980294017, 361.0911359748444, 338.2776374717638]
71 1 [267.6139462180436, 219.5280346664367, 367.9927348454953, 331.7325560888147]
72 1 [285.0329765863717, 215.645616275142, 384.6049422484041, 333.3429987313098]
73 1 [290.3598331101239, 240.2139988698764, 388.0910566860216, 360.5834818934725]
74 1 [280.7521395577351, 245.7830282405485, 380.6830406068469, 367.9142419267781]
75 1 [271.9770583702484, 247.0836585119832, 367.549551980583, 361.4088569777073]
76 1 [256.469009090215, 246.8330253259046, 356.2752699293023, 366.9059906298309]
77 1 [252.2158335335553, 241.0106570617063, 350.9654229573712, 360.6973696118079]
78 1 [291.416223179549, 254.7290485509438, 389.6573907427223, 371.641254762689]
79 1 [291.4000000245869, 240.985077318619, 389.6975111322616, 357.0321374102531]
80 1 [256.8495726026595, 210.6588719383581, 356.1094099304166, 333.1921537460672]
81 1 [269.7146553307539, 226.0123563098023, 370.3661014083871, 347.7733714836691]
82 1 [292.1596500556916, 241.2373199657304, 392.8222672262083, 364.1279226219697]
83 1 [285.6552497489611, 256.9746697333176, 389.4493260461431, 373.4232033228484]
84 1 [268.5970053268829, 254.0873220947105, 370.5074385076331, 371.0666758490197]
85 1 [257.3343117529294, 224.6796446206281, 352.0018181142829, 350.3511582691361]
86 1 [249.6634000726044, 242.9519999370677, 349.7188048618874, 359.4880132067024]
87 1 [247.5353681627894, 209.6003453683807, 343.0880576984193, 334.4332908721856]
88 1 [236.6792461462319, 238.3868509874446, 336.9576323972893, 355.1519596776183]
89 1 [267.808824996464, 246.5340789279435, 370.1078539679725, 367.8987866252746]
90 1 [250.6884058145806, 258.5175686201546, 354.8703666083883, 385.4382431354932]
91 1 [249.7220972506329, 256.2466988584492, 354.022724015427, 383.5247985083377]
92 1 [250.3133760718629, 263.5981278738473, 353.5968175567061, 387.9248742558568]
93 1 [234.0063604945317, 259.7103575355141, 336.5270527483814, 388.7258289531432]
94 1 [250.2381917042658, 243.8415642699692, 350.1288181230744, 366.2726800142397]
95 1 [270.2210071816808, 233.4531731245806, 367.167336956729, 359.728015762904]
96 1 [271.8213619897142, 242.1579440793721, 377.1334793737387, 364.5445876603118]
97 1 [288.1619084952399, 241.3560080772732, 389.0487566394421, 364.4858967350545]
98 1 [292.6590455649421, 243.589200997958, 394.3557559385948, 366.0411568276448]
99 1 [301.4327050326392, 249.2379576212261, 402.5511016993373, 371.5770102525902]
100 1 [283.3637670753524, 265.7972216850612, 384.5498004654195, 389.8797335680998]
101 1 [266.189889269881, 269.2474773025606, 364.7810400530624, 398.1544321391052]
102 1 [257.8518134116894, 275.0189638294978, 360.5374861861814, 401.2129519923987]
103 1 [298.6580437183147, 277.718327154289, 401.3118873374855, 407.1646369719451]
104 1 [295.7132860779529, 275.4637147084577, 398.456995768682, 405.1662533704016]
105 1 [241.3809853553539, 274.4064534612699, 343.3793382588572, 397.9006208626587]
106 1 [282.6735700620338, 272.4019540532026, 385.8081528085949, 392.8290940163284]
107 1 [296.1415057763225, 245.7468640030129, 393.9958184039813, 366.6399326462151]
108 1 [294.0438863023883, 241.8971388757927, 391.2727169906153, 361.8275249477577]
109 1 [307.0016333594685, 230.9761794813676, 407.2202523236446, 360.2396737389144]
110 1 [311.1519825592404, 235.5944325932069, 411.2318959298559, 363.2790292567401]
111 1 [307.9206389322644, 229.6091904648347, 407.977702157715, 357.8735463767816]
112 1 [292.9519088327652, 218.4604560647858, 393.5976174385444, 348.3383418048265]
113 1 [301.0336092993384, 223.0273340427084, 403.7841668391591, 348.6615137798676]
114 1 [306.8500997213414, 215.7347748399479, 407.4429396468796, 341.9006411681417]
115 1 [285.2496786176926, 205.154653021018, 385.0649867438052, 330.4876399097378]
116 1 [321.5767727367347, 213.2014919788344, 421.0840427817177, 334.8379848166352]
117 1 [333.7205450370675, 220.3230406128569, 436.0419742696138, 350.6945626830317]
118 1 [329.1159274749225, 201.1746539146407, 429.4771155946627, 322.8346228931471]
119 1 [288.603842802695, 198.0696705071023, 385.5008123493531, 328.8240836014536]
120 1 [285.3792198508745, 225.5838053271873, 386.7472767607094, 351.7015329535423]
121 1 [307.068714768975, 237.8446464490844, 411.2369891475938, 363.6659614567482]
122 1 [314.7403727000346, 225.7539207738591, 416.7344580105288, 357.8253811437483]
123 1 [319.3785394489532, 224.1467491042567, 418.8004854561218, 354.6252452405072]
124 1 [290.3782229259377, 237.6886246510549, 391.2879569082146, 367.3105493417517]
125 1 [286.136094321846, 218.4222094406141, 388.9987142476809, 347.2609067716386]
126 1 [311.8165876757121, 216.7213759821607, 416.3181501513069, 347.9865302250903]
127 1 [319.9369354679948, 210.0825707399054, 423.8967458508879, 340.5753368803445]
128 1 [323.594323596335, 218.0804933764739, 427.8857743270297, 347.2664577361645]
129 1 [311.2484539434081, 207.3608182038879, 408.0274297781309, 339.2573657453537]
130 1 [281.7044142534724, 205.1120003749384, 384.998806345189, 332.0774037391286]
131 1 [279.6627206908306, 215.1867795799626, 384.6610956088244, 339.5268536790733]
132 1 [273.3938168635359, 195.0085448910249, 377.267695201646, 322.0099955856788]
133 1 [288.6200879648095, 207.0066439983202, 394.6894767091652, 330.5505509423864]
134 1 [262.5923272123328, 178.5998487164034, 366.2387746159212, 305.4197056427636]
135 1 [295.5513163743308, 193.0820912931813, 394.8863373941444, 326.3471805316395]
136 1 [290.5179649445927, 215.4619248927338, 395.5516529746451, 346.7029112282258]
137 1 [286.3694608438527, 227.4585410923464, 388.9523349817167, 358.147598167108]
138 1 [279.5335981849348, 229.9879156023962, 382.6245624592865, 358.4041698427743]
139 1 [276.0845501109725, 237.7540905651404, 382.0764269127571, 361.3821292625597]
140 1 [258.6369728430873, 220.1932211377425, 358.9549242061228, 347.6566222963194]
141 1 [266.2237304024166, 199.9792868708028, 364.7202951019928, 330.7647212869871]
142 1 [261.6080154333031, 188.0048823886318, 366.9981132094708, 317.5416752187911]
143 1 [288.1853143166518, 202.8081453498453, 391.8264301851669, 331.4442602842617]
144 1 [304.059962699539, 222.7669105556561, 402.7338357977933, 356.9019396629705]
145 1 [259.9642075452721, 230.5709946685238, 366.1520645847982, 362.1717811031253]
146 1 [292.9270196188008, 231.0309578798479, 394.4082913667227, 362.995242861641]
147 1 [294.778400696232, 230.0971953495173, 397.2969758153911, 368.8322569995717]
148 1 [292.0575853012269, 220.9045795974089, 391.1377346624769, 354.7469564327751]
149 1 [281.7136025073705, 214.0412006311817, 393.8480283336297, 354.7553129018151]
150 1 [289.0210008359281, 200.2563440211816, 399.5167598587939, 335.6055711360272]
151 1 [319.9447323143249, 223.3559270267142, 418.4833376942852, 354.9635990436742]
152 1 [313.3042103186017, 198.8259365659906, 413.9376042057759, 330.0526448772067]
153 1 [319.2425602249568, 224.2868918989552, 420.0879429160588, 364.3077609278726]
154 1 [298.6861066328129, 217.828285053256, 397.8830345418598, 357.4243342837606]
155 1 [307.9750488552963, 234.061888793367, 409.2325492434881, 369.1075530010126]
156 1 [304.4875563302776, 245.1150239928393, 410.7739153281361, 379.3984352025294]
157 1 [320.9466557571432, 238.6483721312834, 422.5231417141682, 367.1408948726179]
158 1 [286.5150808769977, 239.6327053726418, 394.4437947446593, 376.9954757276045]
159 1 [271.2653382722056, 219.5999387808843, 379.6271049282074, 357.099709079351]
160 1 [321.112861316069, 194.1801732702879, 420.009367716492, 332.9479973592693]
161 1 [316.8139409826836, 187.0266306324629, 415.4267328336106, 325.233147409331]
162 1 [306.6370399849257, 211.5019949449925, 406.2395484162951, 346.9178501768825]
163 1 [319.0220232115826, 250.6522428354947, 418.5768172269368, 388.8955895729599]
164 1 [323.6735198594397, 242.6338869956089, 423.8786303508409, 377.7535814312371]
165 1 [330.8877382980427, 248.0493942013709, 430.224194749107, 385.1089128212925]
166 1 [331.403487752541, 260.2216978854267, 432.5093032849595, 403.8884248840822]
167 1 [321.6692663443973, 235.2744616632117, 416.13694013279, 376.9521945484937]
168 1 [340.5871505377581, 234.0106381446822, 435.4868993311018, 375.5022027544015]
169 1 [328.6298591498053, 219.9664999608649, 428.4654671282533, 351.6383526118891]
170 1 [320.1921882707393, 211.4889653091086, 419.4308283423808, 346.2396345890819]
171 1 [301.7539329914143, 218.2025943387998, 398.0347282928192, 363.4435877912104]
172 1 [309.1127087263158, 225.8819210965885, 403.670181085844, 373.9175201050865]
173 1 [305.3573882015189, 235.0696412211983, 400.1522092143829, 377.1679455464691]
174 1 [294.8395814740798, 241.4909178455127, 389.3497915713608, 391.3461455039511]
175 1 [319.9422738788417, 272.0285448402865, 412.6723236884935, 409.6117331344274]
176 1 [291.3797327171778, 257.0898637658684, 390.7615408018282, 405.3456557215546]
177 1 [285.6832256162306, 241.9701448566048, 380.0160935565983, 387.5900951994267]
178 1 [286.0150540241739, 247.5493389804615, 380.7977324889318, 397.3219443869228]
179 1 [270.3609093272826, 248.558721516165, 362.763275737991, 395.8028636722547]
180 1 [279.7530934627866, 272.218380618724, 379.5993142997613, 422.3507909431378]
181 1 [267.8393277566647, 268.095803905162, 366.481407239728, 414.2842359558416]
182 1 [270.4182367812609, 281.6085704154102, 371.3776036373003, 428.2685487437802]
183 1 [247.90175758244, 255.9442847518949, 341.9823013092002, 402.046960428638]
184 1 [239.9704718304565, 270.9990746591939, 336.150533859884, 420.254696658557]
185 1 [260.7246622483945, 285.9930862503825, 359.446468717678, 432.0626294423969]
186 1 [285.6968709471403, 290.9219408378704, 385.2219073898284, 429.634129331691]
187 1 [288.1125575694023, 287.1969497547252, 387.1848623243822, 425.2048875309548]
188 1 [293.7518239807105, 275.6156954931794, 395.2948434319958, 424.0598923439025]
189 1 [297.9147222283064, 284.352329854737, 396.8137797289518, 421.4201498992815]
190 1 [307.3716648708796, 269.9794749281136, 402.8406375653095, 419.3632562973976]
191 1 [274.6437382971635, 266.3949872710509, 366.0127822172365, 409.0165708766219]
192 3 [266.9381809508195, 273.6465199448867, 357.8448153806511, 416.2662430794072]
193 3 [261.8048781430116, 271.9210970558925, 352.3976840306263, 413.9159521499196]
194 1 [259.3179651017999, 267.4321947357385, 354.7956437993398, 416.40579171522]
195 1 [255.1147704239702, 260.8478800317971, 350.3403380469578, 409.266837670593]
196 1 [251.0301135893678, 254.6232668420998, 346.0208197417712, 402.5213670765219]
197 1 [283.6119587061694, 247.4283698730869, 379.3780723211922, 387.5266006142274]
198 1 [280.9318409202388, 243.6332315736217, 376.0973370527195, 382.4680502395264]
199 1 [283.6453932797303, 241.9509564497275, 373.4266903548882, 383.3690499328224]
200 1 [292.1545987663558, 238.3819203608437, 387.3875579552766, 376.1496670528696]
201 1 [295.7779421185842, 235.9952923812671, 382.6706471765864, 376.4519234578397]
202 1 [278.0902456532931, 224.1063003725139, 377.2219226011477, 363.5362983138335]
203 1 [275.1783295761561, 220.2299748844234, 373.677140564255, 358.274047569434]
204 1 [252.322287861607, 210.4515123477904, 352.2500886221528, 355.4365319149423]
205 1 [247.3460170667386, 203.942316781613, 347.0716873018097, 349.3644242450052]
206 1 [277.0365465100622, 210.1969130820362, 375.3991992794068, 349.2592595117752]
207 1 [284.5503399189329, 210.6232733948855, 381.4371596565213, 348.7230628111219]
208 1 [267.8915416769451, 189.7067563718883, 368.2326306614906, 330.1723354918372]
209 1 [283.226312440238, 191.8037133401958, 381.300820669541, 334.1951742372386]
210 1 [299.5581226370996, 199.6170334349154, 398.8668479162295, 341.8893354878613]
211 1 [275.6912446342176, 182.6729925459949, 374.2423834206477, 321.2417570854759]
212 1 [275.7671101106098, 174.7631575650303, 374.0179716079529, 313.7047855558917]
213 1 [255.5959938786691, 163.7306004873244, 354.9210319583716, 305.5357714681024]
214 1 [254.868208723492, 159.9678050511284, 354.0191515637267, 298.8145056689641]
215 1 [254.3351399240783, 163.9290641777916, 350.7689344872058, 296.0162802070548]
216 1 [256.0742017714074, 180.1993870892329, 352.7301373570115, 314.5259015156735]
217 1 [278.2303949160269, 196.8028658040566, 377.2774386549876, 327.7767601429831]
218 1 [287.5620712799719, 202.8085243114037, 385.6907119444228, 333.5293034539549]
219 1 [292.8293790383032, 213.5311984427972, 391.4961772930691, 345.6737557779517]
220 1 [291.5549812180689, 210.3838881262345, 390.2585845048076, 342.9250393707387]
221 1 [259.7331188194221, 224.4089285022346, 357.877499152709, 364.0751209636692]
222 1 [258.2499698869651, 222.523126352462, 356.7990179767541, 363.6300813991988]
223 1 [262.5314245693153, 223.4232872462599, 361.8696382476902, 363.612223830307]
224 1 [260.4583858273691, 224.8064132517902, 358.2337057723281, 362.8999568101082]
225 1 [279.1481534711784, 205.0405757239787, 375.7902968320896, 347.6360094695606]
226 1 [276.2740565597778, 199.6715450863121, 376.1319305820833, 338.7850997974661]
227 1 [297.0250478707021, 222.4329405667959, 396.4110276467082, 357.9340393510466]
228 1 [303.1158157013124, 204.8292907158611, 400.8073755714997, 340.8395838920634]
229 1 [306.8385215423768, 205.2840022946475, 405.1419031333527, 340.2391885938734]
230 1 [292.1176930092042, 209.0453372540651, 391.7504338664662, 341.7218739210855]
231 1 [283.7136903725332, 200.0077438930748, 381.9087790782382, 333.9611000772146]
232 1 [274.6358526073163, 201.1438603530405, 372.0971921233922, 337.5005203031732]
233 1 [283.4690254874295, 177.402008792269, 380.224456772531, 313.6761102970089]
234 1 [282.9118553124135, 176.7403929139255, 379.799503063549, 311.4618579110459]
235 1 [299.5143498381367, 182.2337066213368, 396.1342990246618, 321.8961441977436]
236 1 [310.39030770713, 196.589909910108, 406.2906388720729, 323.5389662122171]
237 1 [312.1614684065571, 200.1015616784571, 412.1425695278343, 339.5640431614184]
238 1 [314.1240193269914, 213.4482478181599, 413.6992891309391, 348.7093390925421]
239 1 [313.8646365603199, 200.1600523124216, 412.1486908037505, 338.7809388035389]
240 1 [280.0522356800502, 202.2213260288118, 376.5878628070849, 340.9062811568197]
241 1 [269.5692887803307, 205.85310971539, 366.233831516131, 350.9971660668115]
242 1 [301.1593706806889, 226.3555990735767, 400.3816464342202, 363.6916191953941]
243 1 [300.0769876450067, 208.6263371928362, 406.7177716447621, 350.9366870210399]
244 1 [311.1433962307638, 198.8549634825904, 412.4187034702593, 338.2455386513442]
245 1 [314.5019781304291, 203.7942108901916, 409.5369861516609, 341.607365814264]
246 1 [281.9342819781741, 210.9915817988804, 381.5850429966351, 353.1639512724357]
247 1 [281.3083385390928, 189.8433961829869, 380.4062049563937, 327.8813138028571]
248 1 [302.0427732862299, 204.336586612626, 400.9393750087779, 345.4074589347943]
249 1 [281.2661244295305, 224.2986438627122, 379.8889376168854, 355.6954452019684]
250 1 [296.8316694063833, 231.7145533225266, 393.3917725762899, 366.8582698549677]
251 1 [307.0860508404439, 231.5822124219267, 405.4063013772988, 375.4923550386616]
252 1 [283.9567316643661, 244.5697532052873, 383.8188107369956, 376.535134513245]
253 1 [269.6135128609603, 234.9690059776185, 369.2238711020057, 369.1995624762939]
254 1 [277.5363985769218, 227.1879534347681, 387.1669136249944, 373.7069507096709]
255 1 [318.9666821941501, 247.4801456480054, 420.1154614628585, 391.126515494273]
256 1 [259.7967734601116, 217.765001032385, 354.9675117385108, 360.521332651979]
257 1 [273.9217689953512, 207.1973286307184, 368.3415783233706, 347.9547048618027]
258 1 [286.0329298995202, 213.2007489231182, 384.8081406371443, 354.7087412550667]
259 1 [298.3190877124434, 222.8575206844835, 398.5994440910358, 372.2945109726911]
260 1 [305.6124301155796, 246.3305314275203, 401.2207694963833, 388.7550520020259]
261 1 [292.5790114601841, 249.6359227987705, 389.9234194095067, 390.0029498031492]
262 1 [260.0036949239438, 250.2878716046689, 359.8131167288901, 383.4459198913461]
263 1 [253.930341633386, 259.6903672273038, 353.0777330190247, 392.8289773622882]
264 1 [264.9755563534563, 221.493603803101, 372.3398060854568, 362.1349827953517]
265 1 [276.9802924193209, 208.473069096799, 378.3386069010287, 356.0666404734008]
266 1 [293.3176157757407, 236.4514563902048, 398.9431240981373, 378.0078972893602]
267 1 [277.7332469023531, 197.0131382596446, 379.6209728305965, 344.8796927258208]
268 1 [300.9420253656572, 225.0748724042205, 409.638699556665, 368.3210910299584]
269 1 [318.2684357039398, 239.5436477026669, 429.0520969910563, 384.1583799772789]
270 1 [308.5286791197723, 243.0675059667556, 418.7615516745676, 386.6376338323471]
271 1 [271.65413464827, 247.0771680137841, 380.6676241803774, 392.5726627396759]
272 1 [265.3604913450545, 237.3083259834675, 375.7384701737329, 385.3644962159505]
273 1 [265.0928783923155, 248.2742241042433, 377.3572420849368, 387.5547468812844]
274 1 [316.1876280693105, 244.4413909054129, 422.5818510947211, 392.8684412563744]
275 1 [278.1567146111047, 229.1867571434705, 392.5255743184083, 368.3165208135733]
276 1 [301.9039073440945, 216.8513393745525, 412.10415706522, 359.8088176207082]
277 1 [317.2179755702382, 228.8189776911167, 422.45715009397, 373.8825808587898]
278 1 [312.9611063696211, 213.7186343519716, 428.9601883505667, 362.7151777023785]
279 1 [311.3446779773221, 205.2865944354562, 424.1479914253333, 355.1683124109627]
280 1 [303.9308970741695, 204.738032661262, 408.8306010797703, 345.3959203198607]
281 1 [273.3697043493157, 205.4376496392069, 384.8062060882616, 344.4972830342459]
282 1 [267.4377566709882, 211.080184878665, 381.2021903879116, 351.6664155196395]
283 1 [263.6572709813481, 209.7906085866271, 377.119473642008, 349.9071421839585]
284 1 [272.1398434176808, 190.5460678058444, 383.0925684558606, 329.1862825234309]
285 1 [268.9657634630567, 188.905480952817, 379.5704566081981, 327.0070822167679]
286 1 [302.3619921895443, 195.6851219310192, 415.2072098288894, 336.2888362553938]
287 1 [311.9904389436124, 195.3640951885609, 425.877424348727, 337.2501586330034]
288 1 [316.4620536024449, 189.1319728194503, 431.3013631717894, 332.4850577857533]
289 1 [306.7839031241601, 191.9111225305824, 416.9889833359229, 326.2710940072658]
290 1 [296.8619454227155, 180.0517086609034, 408.2329975196019, 313.0740654150511]
291 1 [286.197032010532, 185.7185253239004, 392.1973526932927, 327.2786687715808]
292 1 [309.2152816749876, 208.3204625098733, 414.4857212363687, 349.7412785821832]
293 1 [326.0074680711841, 203.4516526310472, 437.4771525611462, 348.3340278895961]
294 1 [263.187792894314, 199.835185475531, 371.1682751173831, 333.8136381411709]
295 3 [273.5210215154802, 167.0563262997894, 383.7517351423463, 309.0049157292151]
296 7 [307.9002943955129, 178.1329758017091, 423.6883759334453, 319.8261690355745]
297 1 [303.8597793824738, 192.4983777402667, 421.7416634621941, 327.8516901143061]
298 1 [328.656194130308, 206.8959089292912, 449.8776421260097, 340.900081701113]
299 1 [335.5876182712382, 209.8277880920796, 458.2603651600609, 342.7732601115665]
300 1 [344.964560190565, 212.9525496735005, 467.4753537553172, 344.8657198780975]
301 1 [324.455914045102, 187.2065150662093, 446.4141252303083, 318.4777329573115]
302 1 [314.3826304882532, 172.1033567347331, 421.4388539969485, 305.8515595615735]
303 1 [293.9525368757313, 188.4976144431857, 412.5076726669164, 324.1311345681004]
304 1 [329.0367340150988, 209.4683488243027, 432.3395269030715, 347.0222157697251]
305 1 [299.5194395486033, 203.158335305634, 410.031224339207, 335.8879332174012]
306 1 [297.7099860314047, 194.5066832395969, 412.5293814392346, 341.0358266216404]
307 1 [285.8827055100119, 205.1708127482561, 400.284651557198, 336.3539666634519]
308 1 [312.3623111698544, 215.2443643443985, 417.189904395131, 355.8144495590129]
309 1 [313.2491413707612, 228.895067248377, 428.2714368359631, 373.134937438514]
310 1 [294.2457888129866, 199.0436824801145, 409.0540563429998, 347.301954269708]
311 1 [315.0260325305862, 195.2405529114185, 427.1872526236767, 337.3706136301848]
312 1 [329.4002329342766, 189.8970450571505, 447.0492986552078, 337.4586752231667]
313 1 [336.7892261449015, 177.2642600134714, 450.1589803605318, 322.9927336372388]
314 1 [340.6395824853098, 178.6202586785657, 454.8577302292071, 323.6411127135683]
315 1 [344.1634186211741, 179.6566132054431, 459.0360015335189, 323.926087192925]
316 1 [300.0660461041844, 178.0806704534916, 415.1547515539151, 311.0808178680467]
317 1 [291.0072697274154, 189.545462235692, 403.7733390526627, 326.5911449782437]
318 1 [287.1573362819618, 177.5486577599077, 399.4155460863605, 314.9437977019891]
319 3 [286.1736411921447, 175.6264981179265, 398.0709632857999, 312.4783524975612]
320 7 [303.5840529802954, 174.5320828881813, 417.2959000531557, 305.7069931071611]
321 7 [320.1078872237122, 178.8073020725278, 438.1873895981227, 315.6615048586316]
322 1 [325.6912739801919, 188.7468423618702, 440.0346660493689, 325.3153081467297]
323 1 [336.5298824611818, 194.9157021212159, 451.7416728654418, 341.7016628813499]
324 1 [338.7980597320711, 203.9211327972589, 452.6389161446318, 347.4100814328592]
325 1 [344.8904270055937, 203.1815568375168, 456.2784938048605, 351.9684828514589]
326 1 [323.677552320878, 221.7808290774701, 435.5766473345791, 359.3217503790837]
327 1 [327.0772373460932, 229.0047844703076, 437.7148881433303, 366.0713813890994]
328 1 [336.9490980211413, 213.5745318251429, 451.8240446047071, 364.9711292373222]
329 1 [339.8522809747374, 227.4368309247075, 450.7334483504055, 372.3369680481851]
330 1 [311.7603055731161, 196.9419501622906, 428.2248665145602, 339.5878613903598]
331 1 [362.3605416837381, 239.1908066737233, 473.2732333494981, 390.0938583916011]
332 1 [325.0288398907287, 188.175139342784, 437.5823047900316, 328.3462348580555]
333 1 [337.2573929623468, 180.1963397389045, 445.427058961315, 321.7065813797145]
334 1 [328.0071450368268, 178.9185052638641, 436.4875740052063, 322.0677647788359]
335 1 [347.9127503995551, 224.6065697161248, 464.3279495951416, 363.5707014848473]
336 1 [305.3743682178902, 190.8121191727696, 413.1058920661525, 344.7507110943027]
337 1 [302.4344470322831, 186.999431726872, 411.052965954583, 330.8823314119289]
338 1 [322.8676620469196, 235.6531403114786, 438.4496976252358, 373.9063094929176]
339 1 [303.5971025499748, 203.5513275134144, 409.6784108246502, 356.5567096953799]
340 1 [293.515883659129, 204.2023417371092, 402.9549425153176, 356.7842108239587]
341 1 [289.5253736869199, 181.0693685681326, 402.8477128981791, 324.467186886021]
342 1 [326.0282682749676, 190.6117261218606, 430.136972494009, 339.51288777921]
343 1 [318.5799067775952, 166.7175598646281, 423.5351595281807, 321.9816050148555]
344 1 [320.4080630250974, 189.2047573829768, 434.5384090661764, 330.5570403846446]
345 1 [323.1475871923612, 208.8346976804314, 431.1266118076804, 361.1368390098897]
346 1 [293.6409204947995, 208.0349030363141, 398.1952587844158, 356.1126577917356]
347 1 [291.4083158719586, 204.9586495029507, 395.8945290097846, 352.7751668467791]
348 1 [282.0158412429737, 207.51386556949, 392.3189274215968, 359.5865411064343]
349 1 [273.9376881095814, 213.3014497550903, 383.4976760554678, 365.3213409495073]
350 1 [306.1405327386456, 189.3900481349556, 405.413982287647, 337.7530011236738]
351 1 [306.6025074693607, 183.5510976886144, 406.0940648899963, 336.6817679773839]
352 1 [304.3177856813418, 174.5531188341556, 412.8532864019986, 329.8961766959199]
353 1 [315.4555595229613, 181.551129000145, 418.7514518347383, 326.7100105164716]
354 1 [311.6437005839543, 174.998440790805, 408.9110562590878, 325.2820132141966]
355 1 [287.2990861657308, 172.9774622636614, 392.2889961873, 320.6878429361574]
356 1 [286.2116938951658, 171.1822985130129, 390.8930025329989, 318.3661141148631]
357 1 [289.1535643610405, 164.8048360570101, 389.9104733431047, 315.5978765175986]
358 1 [297.3210457834648, 157.9894931538729, 398.7806441178084, 307.8867454076557]
359 1 [270.6489168229746, 170.9559657069622, 378.3931146610387, 323.0141530472835]
360 1 [298.468383870204, 185.0729987228988, 400.6410089401992, 335.551921941778]
361 1 [313.5420094552683, 190.2705147973029, 419.4625304837832, 346.038217718864]
362 1 [287.5913384865271, 198.0214395018993, 393.3627242367634, 352.3152790031686]
363 1 [306.0401866707252, 198.2643448299496, 407.1815200542547, 350.8142929572997]
364 1 [282.9471456754254, 166.6381629760144, 389.3789557731923, 322.4070135845826]
365 1 [300.7199400040554, 167.5768535322277, 400.723693035132, 320.3712578613806]
366 1 [296.1680855724262, 162.0726214832394, 395.9515891686485, 314.9906309885612]
367 1 [273.1922626245068, 154.9592994357226, 379.9537575645999, 314.7229129092568]
368 1 [297.2608300793218, 196.7153328488348, 404.5949390266984, 340.9574763628017]
369 1 [310.7981008040952, 192.362732916954, 418.1763527115285, 346.3623366539522]
370 1 [309.6256051334785, 206.344204081106, 417.334245038364, 352.8777056079385]
371 1 [297.5482386379736, 179.4631827360718, 398.2682710237529, 341.021174532144]
372 1 [310.3899163781898, 174.4894017576007, 411.6905283193786, 335.324189270762]
373 1 [304.321525770356, 168.6455162166385, 405.2533578745743, 329.4722825376696]
374 1 [318.1218785076635, 167.7100729121594, 417.4086150683571, 329.5396230425795]
375 1 [295.8210935379611, 175.6835907901404, 412.2768998589395, 330.2784312027533]
376 1 [316.9542275118874, 185.9783572558081, 427.921018727713, 337.9679593107574]
377 1 [329.9323282699334, 201.1948932538508, 437.5999147153792, 354.8348667189758]
378 1 [298.0493683117675, 200.454604292172, 406.2445680099308, 361.1457752594362]
379 1 [269.8201027634786, 192.5354828702984, 378.1560120494296, 356.8795003473958]
380 1 [268.4504959109472, 190.6106030213414, 376.4404416767253, 354.236349182723]
381 1 [265.9730993333506, 189.6885222214041, 373.764460043843, 352.931258703096]
382 1 [267.5680135685252, 179.4757860497339, 376.8008412711967, 334.4719638565883]
383 1 [268.0072273995029, 179.1739642451285, 382.6686215881827, 333.9512305884877]
384 1 [295.0446951697813, 189.3549075344345, 400.5151608719685, 349.5951702445005]
385 1 [289.6423963579582, 212.3720137047349, 392.2846782716547, 365.1919652620231]
386 1 [288.2343182835029, 210.3199029731331, 390.5202665359083, 363.0202984291635]
387 1 [293.1951827771263, 206.6255764401285, 401.253831368902, 368.8089400257475]
388 1 [245.362392992829, 209.3427176045952, 350.8612366526364, 368.7750562230569]
389 1 [274.452659462695, 197.4077529477654, 376.1342324275468, 348.5320862482708]
390 1 [287.2325145761715, 190.9436360764084, 388.7189867117609, 344.0411365300137]
391 1 [285.9992243099259, 200.5067013879307, 395.3040243961797, 353.1429356615556]
392 1 [298.4230654436396, 200.2192714990815, 403.1988348230524, 354.97583913598]
393 1 [303.644822750357, 209.4426802563248, 409.2305258484322, 360.9993444485497]
394 1 [311.4483403164195, 207.0524358929833, 415.4071093474682, 358.8803124067186]
395 1 [315.943913658266, 209.5903977932176, 418.8430824448784, 360.8393580340415]
396 1 [293.3655548962997, 192.0979289099341, 395.0024042104697, 344.646406734129]
397 1 [279.7193998174043, 187.8187692927895, 388.1213018065445, 339.993611172185]
398 1 [286.5562712523388, 179.4525630160933, 387.4442629574298, 331.5358642461251]
399 1 [314.3472053232836, 175.8998978458112, 414.0766597385355, 327.9810579785556]
400 1 [318.4698314714478, 180.5329631658969, 422.2919170548537, 334.5738784366001]
401 1 [328.4578459087061, 177.7979203819996, 429.0229074884056, 329.0562779175872]
402 1 [329.5493421080755, 180.5293288844405, 431.9856324748333, 334.1779875798467]
403 1 [298.6204541643383, 195.7381830125814, 398.6645852175433, 341.4805355407744]
404 1 [296.4389169710921, 207.3003200924723, 402.1173133987061, 359.979712575044]
405 1 [288.1208966096165, 192.7800336986547, 388.6914116907133, 338.3110096566605]
406 1 [329.8333710693987, 210.7248836028157, 437.1917355508126, 362.281500123089]
407 1 [279.0344587882282, 189.856730675674, 379.4670950060371, 334.9640242639349]
408 1 [277.1277924795868, 186.954514956451, 377.4451599507036, 331.824783902134]
409 1 [297.092395069194, 191.2183622777229, 396.9920007850512, 335.6406196613992]
410 1 [311.2688129144954, 197.4826487730024, 414.7944266694537, 343.1124996015171]
411 1 [311.4336361485766, 202.9633711109636, 415.2837655590153, 347.3760513356277]
412 1 [298.1484008749249, 201.4794832136249, 399.8178357605224, 346.2534676711949]
413 1 [289.7196955402615, 205.1810520555591, 391.1184874748798, 349.6295054510534]
414 1 [292.6079226081492, 188.1092474370962, 394.0643973478021, 333.1541142189258]
415 1 [291.9362723996164, 202.7433982066577, 392.4551966854544, 346.0932332087501]
416 1 [288.3897419535788, 201.273610938224, 398.4610279997297, 348.5434252678349]
417 1 [318.7418248673203, 206.229284456349, 418.9090281250482, 348.8348060360232]
418 1 [324.3811115046265, 213.0788759276038, 426.5122033302943, 356.710119712728]
419 1 [330.8250924368622, 216.556910960353, 433.8643645835398, 360.1519749651337]
420 1 [317.1438496728661, 204.2979215591913, 416.962265522248, 346.728851293204]
421 1 [292.153504358721, 195.2054141223198, 392.6133524663091, 336.3996323671084]
422 1 [285.6256297213258, 181.078132292605, 388.9794246229603, 322.5013939196076]
423 1 [281.5318486856995, 183.7315038352972, 383.8317509424768, 325.7806640220889]
424 1 [301.0511433501961, 197.0433586224681, 405.3598539458312, 334.4359908108015]
425 1 [308.7761181016685, 201.375440894044, 414.3039220464419, 338.035889052667]
426 1 [313.0241428437876, 208.2233197725145, 418.8931738137612, 349.5427229694099]
427 1 [319.0614561978146, 196.9241499638883, 430.7592138553495, 342.2561431893075]
428 1 [303.4500804712297, 195.7433034240967, 409.7950038630805, 331.1619774820847]
429 1 [285.2389968076022, 169.1852630040376, 395.8677240266525, 314.6374878675856]
430 1 [283.7079051771434, 167.0274902245728, 394.2485200111566, 312.2887964806962]
431 1 [292.2267880459549, 160.3056048363214, 395.8042381578815, 300.2904453928678]
432 1 [287.8185384889366, 163.8418628781801, 392.3409145970571, 303.3217357128527]
433 1 [281.3082026113989, 185.490056987037, 385.5834821653689, 331.2624161295296]
434 1 [284.9422618868994, 196.1350064928411, 388.0295007325315, 332.9480013585292]
435 1 [274.3900318612577, 199.4142224028474, 377.6335368058514, 338.4104848503159]
436 1 [269.7267376055243, 197.280079688062, 371.8825022363194, 342.6112782828911]
437 1 [258.774586560321, 191.2025537475711, 364.3285416726614, 332.4942888443588]
438 1 [251.6621788340854, 194.6568674332229, 358.7196850825699, 339.750008120042]
439 1 [261.3640923966887, 207.1781933348393, 365.5554815319338, 348.886464561435]
440 1 [291.3061371567892, 224.6848670410691, 396.9863347759876, 360.162756417111]
441 1 [269.1071296091832, 229.600464333198, 376.4447929974232, 369.0853385440087]
442 1 [291.23058305413, 230.0005666184006, 396.991574516395, 365.6719633450734]
443 1 [289.6880777302431, 229.1844131815014, 395.2798354195721, 364.5909322152096]
444 1 [287.5967079569819, 242.389957815758, 388.3233313919794, 373.6012671962022]
445 1 [276.2577227997826, 231.7589624243556, 383.1866335275115, 363.2618961057323]
446 1 [303.4560000087367, 232.6581924798666, 405.9524348010542, 366.910646257518]
447 1 [302.3315842385637, 231.090261155623, 404.5442865224957, 365.2253427337482]
448 1 [297.7465532656061, 238.4204165282426, 399.451232771523, 372.6178549722739]
449 1 [292.0112599182176, 235.5120557936607, 399.8283008827851, 370.8338986526446]
450 1 [293.6161462339805, 238.0664874444483, 399.978165387739, 375.5357930041099]
451 1 [291.3185601989972, 245.3954577510012, 393.2008351943002, 382.0283496537485]
452 1 [279.075173449819, 231.9969338941155, 383.9625912474118, 372.4504863535141]
453 1 [274.2713643686147, 215.3408284141915, 381.7583506631466, 361.9092645200901]
454 1 [275.275826950674, 229.3920997608802, 382.5775700387638, 365.8038513481148]
455 1 [291.6566353786038, 237.5263619440375, 397.7919173300867, 367.5711991329056]
456 1 [303.5806596028851, 239.4491595792351, 409.6934932462117, 374.1386419258539]
457 1 [313.6228393513011, 221.4301814342616, 421.2046288548061, 357.0518697396549]
458 1 [312.9925197112607, 220.3483349288581, 420.3817529659614, 355.6505907247736]
459 1 [310.4276663606288, 209.8569217795739, 417.2480742605842, 349.1532553366275]
460 1 [310.8417694066884, 204.005605923594, 417.376926918071, 344.1955846810895]
461 1 [310.3275571559789, 199.4141479308019, 416.2680638434259, 338.0814304716512]
462 1 [316.3079231494339, 207.3248530301498, 425.8294728907306, 338.9267462442316]
463 1 [331.5510172565701, 212.3044617945561, 441.2589088044614, 345.3148435470645]
464 1 [337.2356673824834, 222.1456968056737, 445.1135027132329, 352.5603721199918]
465 1 [331.8950711685466, 226.0049349645851, 440.1551577570126, 360.011900930801]
466 1 [318.1159953615861, 232.1111761330394, 422.326733007287, 364.8751303123494]
467 1 [303.2434645789908, 218.5701192094712, 408.5539003397878, 348.9960916516815]
468 1 [319.9175298056798, 251.9673444627551, 426.2812380521751, 387.0791943784712]
469 1 [293.8357937830733, 222.4772641732125, 398.2313693366217, 351.2874121003938]
470 1 [296.9062805670546, 212.55527570087, 401.9148094748832, 344.9541744427347]
471 1 [304.2048764351057, 214.6109164709924, 407.9299497900586, 354.6457512591074]
472 1 [301.7761206562864, 227.3533019627212, 408.4513247965987, 366.279881992558]
473 1 [277.6899715635227, 229.3170787970303, 385.7214162058865, 358.2133353698292]
474 1 [278.6639565724181, 225.0809894892154, 383.9139004200845, 356.0644794268824]
475 1 [305.3686289984034, 223.6268896440743, 408.1228297355444, 354.1787764394613]
476 1 [323.2930093753384, 237.3108343704371, 428.3267416604129, 364.9660348767852]
477 1 [328.7609457719373, 237.03480689961, 434.9451506311613, 362.7242470215396]
478 1 [330.1531485962914, 235.5300755723147, 436.8529440754886, 362.5752649371317]
479 1 [327.5028556335019, 233.0675245745806, 432.3645720722179, 359.2692725063099]
480 1 [308.1799994903849, 217.0051421265816, 409.5005254547391, 346.6988689582339]
481 3 [303.4915759164142, 208.8265293877339, 404.706402732315, 339.9481771316368]
482 3 [295.1831664080964, 196.9765163603006, 401.3369516762683, 323.9864765248665]
483 7 [294.6877582307207, 196.115229690331, 400.6915235949157, 322.8993966799681]
484 7 [322.6173845428275, 217.5396670441842, 424.5899421779578, 348.6686141515272]
485 7 [313.3418478938984, 219.2600529285846, 419.3543812038935, 346.4039959502546]
486 1 [324.627592501347, 221.1531504633604, 429.8545171269996, 347.621692643504]
487 1 [329.4534778530942, 214.3959332181839, 433.1200314315614, 344.4621112715868]
488 1 [336.0109637613641, 220.5994518770604, 439.9466608043094, 349.7811193364515]
489 1 [319.0547434176551, 216.171045761439, 424.5485284980804, 341.9360086919905]
490 1 [303.0961246840889, 209.5909909828333, 411.3796811216876, 335.9647082592688]
491 1 [305.0869949284243, 215.2757815661607, 409.6659272025702, 340.2976720728144]
492 1 [313.0926940991776, 217.7968732378213, 414.7127639854546, 348.1764822115472]
493 1 [308.2521008542972, 220.5826568644261, 413.0285312555793, 351.0390757540504]
