blurface 0
2 1 [244.0479571223259, 229.453643321991, 338.0631759717129, 344.8618128478527]
3 1 [246.3989110887051, 232.105999648571, 339.4189103764441, 351.0032559503074]
4 1 [246.6151363253593, 230.8097485303879, 339.9968759441986, 350.1416535914887]
5 1 [249.6024206876755, 234.0388060212135, 342.4965410219571, 355.1317132734811]
6 1 [252.1632838845253, 233.5878354534507, 343.6523891866832, 356.0702252067916]
7 1 [254.4343908727169, 234.6663927510381, 344.9315263566882, 357.8002189777089]
8 1 [256.9012864530087, 236.1218462362886, 346.9578520567799, 359.1571076419823]
9 1 [256.1934643089771, 237.6198307648301, 345.3667834835411, 359.8128709022708]
10 1 [255.5981328934431, 239.0805614963174, 345.2803377308782, 360.6280471753938]
11 1 [257.2109564989805, 237.3457171991468, 347.8681961974209, 357.9469653732397]
12 1 [259.6492141336203, 238.7239323034883, 350.2466345707102, 357.9112105687448]
13 1 [261.6078093498945, 234.4058642759919, 353.3578652935206, 354.6816120118178]
14 1 [264.9936395734549, 234.6612862162292, 357.3044844688486, 359.2501717384149]
15 1 [267.1354111880064, 230.5503487996757, 360.7245289570682, 353.4336045854407]
16 1 [269.5269702225924, 228.372441124171, 362.2955467475573, 349.6032644569451]
17 1 [268.4264537543058, 229.4724806807935, 362.3993558944899, 347.8750774175333]
18 1 [271.6892075389624, 224.7403207086027, 368.6264863033042, 342.3020019466122]
19 1 [279.2264836877585, 224.1284319423139, 376.9548649275508, 341.4350574436517]
20 1 [281.1535258442164, 229.0150627158582, 376.8492237005332, 344.0619180119302]
21 1 [281.4540908336639, 226.939617510885, 376.5304348223312, 346.0428866158865]
22 1 [272.6889500617981, 222.7719731293619, 366.9755013778711, 343.6363141812903]
23 1 [276.8546495437622, 210.4698522053659, 373.32612469564, 331.2174370358439]
24 1 [282.0374969244003, 205.8751178942621, 379.111243393176, 327.1290022058346]
25 1 [295.5530945062637, 203.2654742561281, 392.2006831965559, 323.8898505991218]
26 1 [308.7540522813797, 205.8312166891992, 405.0004185387579, 324.3445280190924]
27 1 [319.0916804075241, 201.4127979837358, 414.398941591994, 319.3940728439254]
28 1 [320.7305910289288, 203.3495518229902, 418.1966517623744, 322.5929476518326]
29 1 [314.4811995923519, 210.0060060285032, 410.4313653992317, 326.0872266926559]
30 1 [307.6213141381741, 221.6999390386045, 405.139677244943, 339.8154373576716]
31 1 [296.8127783238888, 227.6341840289533, 394.0415606586507, 345.5663664908026]
32 1 [286.8327536284924, 224.5580863617361, 381.5568414976713, 345.3394397877552]
33 1 [278.7964679896832, 220.2805199883878, 370.7672324631187, 342.6604325977557]
34 1 [281.3846327960491, 211.9635411761701, 374.0149967830569, 334.1079359696075]
35 1 [295.4621901214123, 211.6519426964223, 390.7569514028009, 328.416377047262]
36 1 [306.5543880164623, 212.0264315642417, 402.4285672529253, 330.0173731499473]
37 1 [316.277224034071, 210.579588714987, 414.491718600853, 327.2337575683471]
38 1 [325.0482734143734, 216.5083083547652, 424.4517108336788, 329.9490039089185]
39 1 [325.0911656850949, 223.3616742528975, 424.1916756659214, 341.6803610427319]
40 1 [319.5743445390835, 232.7471992410719, 416.0916528536536, 350.3844979659632]
41 1 [306.7246262067929, 236.5789830721915, 404.2217523656382, 356.6375668188101]
42 1 [296.6366414064542, 246.8398618735373, 395.4269055631125, 367.7311110458572]
43 1 [289.6549127334729, 257.4308979548514, 389.9991564344915, 376.3841861062298]
44 1 [289.9432875299826, 246.9852173365653, 389.5478997466233, 365.828988633243]
45 1 [295.0970448637381, 234.3782353438437, 393.4593265415508, 352.4703929223552]
46 1 [303.6152531290427, 221.9474756754935, 400.0645241602084, 339.6404596072004]
47 1 [320.3737880373374, 221.1550515182316, 414.5815642116401, 337.6946281906491]
48 1 [332.2320188665763, 217.4111139066517, 426.8407284673811, 335.2336074856052]
49 1 [323.7532247686759, 224.2857598550618, 417.1296728728573, 342.5246485866611]
50 1 [311.5491964006797, 223.2865905798972, 404.6193559669482, 342.1340979977305]
51 1 [293.6693956041709, 217.2364300526679, 387.1066410403014, 340.6553203249868]
52 1 [289.6847514891997, 204.8343437947333, 382.6105590201204, 328.1351490924467]
53 1 [298.2876549744979, 200.2918988503516, 392.2453824563388, 324.4745344290141]
54 1 [309.4676981950179, 202.8644248880446, 405.0387465086624, 328.5380682081384]
55 1 [323.3667861009017, 204.4723977185786, 419.7508528042252, 329.0092231986304]
56 1 [332.0989100718871, 204.8293261267245, 428.7605882440557, 329.4050422531022]
57 1 [319.7165183806792, 208.2378764487803, 416.7623183821218, 331.9810322823406]
58 1 [313.5231028581038, 216.079237613827, 408.2614365713544, 340.2298477797908]
59 1 [302.4404381299391, 224.0895201303065, 395.962787169878, 347.2953493730315]
60 1 [309.5044009471312, 232.2811944819987, 405.3929416111934, 359.9861471716272]
61 1 [318.8155083442107, 235.2352212406695, 415.5193548762596, 365.6441008762447]
62 1 [330.0133209014311, 240.4764394499362, 429.1811376539438, 371.8145143723896]
63 1 [328.0785223925486, 233.6954455114901, 428.9089221148761, 358.4747367839788]
64 1 [319.8148408615962, 228.7147717215121, 420.1717945034691, 352.8931518138557]
65 1 [307.4787965500727, 221.2080977894366, 406.485445633707, 346.0772121223725]
66 1 [305.1077985847369, 228.6743174530566, 400.8465267544902, 352.8431859056441]
67 1 [287.1601212108508, 236.6087959744036, 381.2022799925483, 360.4362308936877]
68 1 [278.7019497239962, 238.9507773555815, 373.7581180929218, 364.0892143960519]
69 1 [280.2619852209464, 238.5905928201973, 371.9590616904127, 364.3559278530968]
70 1 [270.8470918321982, 226.3983673639596, 362.2772671749259, 352.995286013879]
71 1 [273.5312427664176, 213.2080978937447, 365.1851902462151, 340.2093068710076]
72 1 [291.0990132475272, 215.7387045808137, 382.3382099659369, 341.8331081883076]
73 1 [293.1861376846209, 226.9157973714173, 385.866583628619, 355.331496634871]
74 1 [295.353960105218, 235.925531167537, 388.6664459692818, 368.0755589047468]
75 1 [289.9151095831767, 243.7568620629609, 381.9268007122383, 376.0739836639167]
76 1 [277.9738578284159, 246.5296045728028, 372.3061752815996, 379.0006232917589]
77 1 [262.1489295447245, 242.3107517547905, 357.4255889393558, 370.213356532492]
78 1 [275.7525834525004, 242.1775524355471, 370.8260620144591, 371.5540575021399]
79 1 [291.25359029416, 231.0608510710299, 386.6638270796049, 359.045960855588]
80 1 [287.6784044587985, 210.5524162985385, 383.0019982145265, 341.9456574525957]
81 1 [301.9245499456301, 210.1998648457229, 398.0232051551287, 345.4942031023246]
82 1 [312.0314437234774, 221.475989561528, 409.1743765392861, 358.8372798068547]
83 1 [294.4423216665164, 225.9178027920425, 392.3663491877424, 363.5443779610422]
84 1 [280.3761082971469, 231.6726050190628, 378.5190996299952, 370.2059095327198]
85 1 [271.3111412608996, 229.0101078562439, 369.5049772657538, 366.202729131353]
86 1 [257.7666580760852, 228.9821772873402, 352.5687009076177, 371.2362996650434]
87 1 [255.6500452840701, 216.0439639389515, 352.5530143605229, 355.0535249775368]
88 1 [268.4940356099978, 212.9503222405911, 366.3630249001948, 346.9004489301813]
89 1 [267.552104302682, 226.3585205972195, 364.8763699708325, 362.2001345336395]
90 1 [264.3128657424822, 238.7950738370419, 363.5016464644436, 374.8114922819601]
91 1 [265.8120016837493, 246.4508154094219, 364.8361225720699, 387.573975354131]
92 1 [257.0135746980086, 255.073501676321, 357.4951079156032, 399.0536379901071]
93 1 [251.1667995238677, 261.262746065855, 347.740605097548, 403.8341006112826]
94 1 [255.4829861307517, 251.7866029441357, 353.3121644993169, 391.8844841168739]
95 1 [257.0941393161193, 243.3057608306408, 353.3165281806504, 380.7020234112791]
96 1 [264.9789987588301, 236.3598718345165, 362.4691834333222, 372.681697313406]
97 1 [274.6327696824446, 244.0391435325146, 371.1621051836611, 379.9960562293098]
98 1 [282.9131750846282, 242.3664035499096, 384.113864228177, 379.8684986242956]
99 1 [284.4883857751265, 255.0368764102459, 385.3493891284426, 391.4434822932938]
100 1 [282.4969947421923, 265.5601885020733, 386.2456564724232, 401.1837299739507]
101 1 [273.6864167535678, 264.8759350031614, 373.9360831930473, 396.1373173349984]
102 1 [258.3385866964236, 274.9053355902433, 359.7844982353435, 406.3843141589608]
103 1 [244.4332379186526, 279.808393701911, 347.8416014069805, 410.7735289261728]
104 1 [232.3948007905856, 283.2209300845861, 337.2202763871702, 411.0715272788131]
105 1 [239.6107918107882, 277.5284361690283, 344.4524187435051, 403.3200830440497]
