blurbody 0
2 1 [388.6368417739868, 52.82877522706986, 474.7619779884815, 362.7282643457254]
3 1 [382.5045210123062, 62.61779206991196, 468.386292617036, 371.5770642715843]
4 1 [374.1163343191147, 69.7847290635109, 459.1276149997304, 375.9545629915454]
5 1 [357.7671521902084, 71.7222883105278, 442.431746582981, 387.7043792684874]
6 1 [355.6124232709408, 58.37487238645554, 439.2999602670276, 369.3277406512954]
7 1 [340.9977351129055, 53.44879943132401, 425.8583570445682, 369.2901253760956]
8 1 [340.2865030616522, 39.61734491586685, 424.3740562149056, 356.953166386824]
9 1 [335.2425404638052, 30.7616211771965, 420.0736298744128, 333.6749646102315]
10 1 [332.7470142394304, 19.66086047887802, 419.0816992130775, 321.0303769826628]
11 1 [334.9239277094603, 13.82218736410141, 421.5671045605524, 302.6830402493387]
12 1 [336.3550164550543, 13.99927725270391, 423.6292549112877, 295.5676201277087]
