bolt2 0
2 1 [266.7477944791317, 75.72899022698402, 300.9597502537569, 139.7679306884607]
3 1 [268.8599101006985, 73.88772183656693, 303.2573188614683, 137.7710593472771]
4 1 [266.5937021672726, 73.46846198290587, 300.6687253223583, 137.8167591093689]
5 1 [265.4540910869837, 75.36498510837555, 299.8895729295296, 138.3025877011136]
6 1 [267.6015028655529, 71.43597686290741, 302.1848126029288, 134.423149246131]
7 1 [273.2438146993518, 70.06531593948603, 307.3823810250677, 136.11361166794]
8 1 [282.9653357639909, 71.55301099270582, 317.0235977418887, 135.2317762842037]
9 1 [269.8806672468782, 71.42079235613346, 304.1012541325824, 137.3782316160329]
10 1 [264.931388489902, 70.01873189210892, 297.8789500315588, 134.064049239092]
11 1 [261.6880141880829, 69.56838950142264, 296.7014207723141, 132.6581693405186]
12 1 [261.4836921095848, 66.26192951202393, 293.9950148561986, 129.4933922838729]
13 1 [261.5666009038687, 65.63120975717902, 292.9554291877089, 128.9042415006978]
14 1 [254.912120655179, 64.05919232964516, 289.2664929437448, 129.4231591019781]
15 1 [250.8330921381712, 67.06235119933263, 286.0643330957113, 129.9296475548703]
16 1 [251.2754562050104, 66.83968135714531, 286.0554336643023, 129.8837740098878]
17 1 [249.6400380060077, 66.13298700749874, 283.5701554141899, 127.8997286298129]
18 1 [246.2738259062171, 68.27509768866003, 278.9063331254859, 130.5988404206968]
19 1 [243.3380815591663, 66.91580312186852, 277.9811471700363, 127.7566603269381]
20 1 [239.0835514217615, 66.96032386599109, 272.8896575726965, 131.9601700897713]
21 1 [251.7933225929737, 75.2156517803669, 286.6028397839077, 138.2139308159092]
22 1 [237.9845540081151, 75.60094667226076, 271.8310131975621, 137.4366329257593]
23 1 [240.3984095081687, 75.57703858800232, 271.4195043601135, 136.923087981962]
24 1 [253.7886169850826, 88.72967013716698, 288.8160074292161, 151.0909188976711]
25 1 [238.7814711518586, 76.38179195672274, 270.6501611592747, 141.7390442208801]
26 1 [238.9447516128421, 77.51150122471154, 269.5813607935202, 139.1900160196749]
27 1 [236.976784683764, 79.89773710817099, 271.5925542491206, 140.8465237788913]
28 1 [238.7586928829551, 76.99971874803305, 273.5734875245786, 139.487408953029]
29 1 [242.1242963261902, 77.55059910565615, 273.4906279153141, 143.6497402295094]
30 1 [242.9048995797057, 73.59115927107632, 277.1634064184191, 137.699835313425]
31 1 [244.3071156071965, 73.80846633203328, 275.6405140954348, 132.1215550682198]
32 1 [246.9223494008184, 68.69124604947865, 276.8413504266996, 129.457590447511]
33 1 [240.4204511858989, 65.46352683193982, 273.1461117566541, 131.8916951319693]
34 1 [238.2075949229766, 65.09754328615964, 270.573273102615, 132.0180536572611]
35 1 [230.7278957818635, 67.16944969817996, 264.0412468441336, 129.7930032926702]
36 1 [222.6900968253613, 67.11060074716806, 258.229011288595, 130.8785185437075]
37 1 [221.6485112819355, 65.20379370171577, 256.4579568577246, 126.8004869043601]
38 1 [224.5653427469079, 63.80417936109006, 255.0727976146199, 124.7376138023087]
39 1 [221.3642510627396, 78.57375613972545, 254.5276762170417, 141.2799591252391]
40 1 [213.5754550918937, 79.4877544566989, 248.4506342141642, 141.8517477372228]
41 1 [227.5507635327522, 67.32432403229177, 258.3794856969549, 125.6859651460906]
42 1 [227.7809671238065, 72.55113517027348, 257.4318262986806, 134.5638570504496]
43 1 [227.5459155889694, 70.52211560867727, 258.2142412250938, 129.4186877072863]
44 1 [228.2496210858226, 74.26053206063807, 257.3471465574236, 135.6027548138387]
45 1 [229.4125557616353, 76.32255653478205, 258.8402756561661, 138.4068745076928]
46 1 [228.3804149036296, 82.31909259781241, 261.018749574932, 146.8934795848026]
47 1 [228.5262968246825, 82.89798056334257, 260.2093930078361, 142.8049629391627]
48 1 [230.3144748958293, 84.07253105606651, 260.4355110625102, 144.5013758525273]
49 1 [227.3080494133756, 86.99292474985123, 262.2064300608718, 152.8213825815716]
50 1 [231.3824909944087, 90.91495487466455, 264.6296146442646, 152.3873703457944]
51 1 [232.1297462163493, 89.9341700701043, 266.8119731046741, 153.8537778301933]
52 1 [232.9700878118165, 89.69984653964639, 265.99053369319, 151.33559426638]
53 1 [234.7125168815255, 101.1425932599232, 266.4686487663159, 163.9407379703712]
54 1 [230.3896055598743, 94.34025132656097, 262.5483039561713, 155.2840018928121]
55 1 [231.5217059706338, 107.0785609036684, 264.4812826552823, 168.4985149747341]
56 1 [224.6953653248493, 95.0139489066205, 253.6834261724918, 153.5161757071179]
57 1 [222.0341574104969, 95.80702752288198, 250.7362565827611, 154.5392388880477]
58 1 [220.8918180020992, 94.93784394528484, 250.3793865102365, 150.3220693971272]
59 1 [216.4217755566351, 94.82000660244376, 250.8528616007568, 160.247307669082]
60 1 [215.0377301750705, 93.17161202523857, 249.3967308158184, 157.3746920095425]
61 1 [231.1861035525799, 102.3956965012476, 265.778630090875, 164.2089532338899]
62 1 [228.9428965009283, 98.26756046712399, 264.5976448028608, 161.5979224185358]
63 1 [230.9450820502825, 98.26161867566407, 265.0833134779495, 159.4141387012991]
64 1 [219.0204585269094, 96.94317360501736, 250.8334655183996, 159.3771617288215]
65 1 [218.2041441574693, 111.2942238819087, 251.0337423194527, 174.3985973439924]
66 1 [212.6683523803949, 104.4409539559856, 244.843862949729, 167.3008931291671]
67 1 [222.1870104591362, 93.26539605949074, 257.3751482083124, 155.9586160755992]
68 1 [225.1745916525833, 91.9454111168161, 259.5179832833406, 154.9659896121917]
69 1 [224.7722428473644, 95.22880033217371, 259.683722629085, 160.6706916035016]
70 1 [229.3284802646376, 84.04478052258492, 260.8757412853478, 148.1452174034049]
71 1 [227.5194629207254, 83.12042535375804, 258.684987526347, 145.3513142015992]
72 1 [228.9170414018445, 82.69372992310673, 261.8039553698104, 148.5790477177381]
73 1 [232.4131474033929, 83.02360633015633, 264.7356901673999, 146.4686083318393]
74 1 [230.3294371203519, 80.58908769488335, 262.6823290038134, 144.8950458959833]
75 1 [246.3879716834053, 105.5205941675231, 280.8793674298999, 167.0223210068041]
76 1 [238.2880667103455, 100.7177976388484, 272.1900098223672, 168.0032678224823]
77 1 [237.2946464638226, 105.930377506651, 271.8556156776094, 170.1085453448663]
78 1 [252.5587423862889, 100.3654546067119, 288.7529303791172, 164.2918062448725]
79 1 [260.7136428374797, 111.1627745358273, 295.0278253059263, 172.682994285154]
80 1 [262.6903856727295, 115.2553684879094, 297.6888932157636, 178.7897355612691]
81 1 [254.2632379564457, 112.8955331081525, 286.7451204637357, 178.3495580419148]
82 1 [259.2985735409893, 113.9662409024313, 291.4494299777728, 178.4362152145863]
83 1 [259.508459453471, 106.2714990749955, 295.9681762148282, 171.8898371357588]
84 1 [260.7439653570764, 95.60627944860607, 295.0292391182813, 156.2909707823247]
85 1 [258.0164450751618, 94.50687100738287, 293.2319281373896, 159.6211527542695]
86 1 [263.4644904728048, 94.46040127519518, 298.4339105061858, 158.956241944023]
87 1 [256.5011931462213, 91.35776321031153, 290.2656251477527, 158.6111867383202]
88 1 [261.9195268414915, 90.50415698066354, 292.250371746281, 151.8617236217809]
89 1 [247.6044107724447, 86.36131189391017, 279.6764908746124, 148.7556271245621]
90 1 [245.3793296236545, 86.16780908405781, 280.5358212259141, 146.982311437246]
91 1 [240.369170607999, 85.98997888248414, 274.5039218230897, 146.7455936318154]
92 1 [245.4578740657307, 99.11384122539312, 277.3395116563333, 166.8474544307626]
93 1 [242.5305773569271, 82.60491265542805, 276.9449691084355, 151.9728733973912]
94 1 [239.1853327625431, 101.6947449194267, 270.7139600255496, 166.8397163301543]
95 1 [247.1490086517297, 78.70683198887855, 280.8111585660331, 143.1555198723611]
96 1 [247.4584641070105, 81.53023177850992, 280.029827530041, 149.0139148236044]
97 1 [253.0838632904925, 84.57602068874985, 284.6744259113122, 147.4483680366166]
98 1 [253.7096060155891, 85.96935723070055, 287.0775184744036, 152.2236839973118]
99 1 [257.8056066175923, 85.85134717263281, 291.124674982134, 153.3910216844732]
100 1 [259.5233861538582, 85.24307731166482, 293.7820692700843, 151.469414984826]
101 1 [260.9247500072233, 84.48757127020508, 296.9954958197332, 149.3818099530111]
102 1 [265.102863482869, 85.70281360391527, 301.6395404939779, 149.2566939905701]
103 1 [267.5786223560572, 83.21029019635171, 301.7337563829076, 149.884096628496]
104 1 [269.9053430459462, 85.61302191554569, 302.4780037555314, 144.0199292564479]
105 1 [267.6230865665712, 80.83001937810332, 298.6278931633437, 147.1095823310452]
106 1 [259.9206516142003, 83.54651466105133, 290.8165982439994, 147.1509014042063]
107 1 [250.170264312299, 77.44998508691788, 281.8746238053352, 143.4173810781805]
108 1 [241.1820167985279, 80.33331924676895, 272.822658675269, 146.0972568505219]
109 1 [234.2852776434738, 71.4274405092001, 266.7211320658482, 138.3949416497734]
110 1 [222.390809610486, 79.16459367703646, 257.7322471891317, 145.85187908875]
111 1 [218.9380493313074, 74.96063546370715, 254.0654806225333, 141.2041823875071]
112 1 [217.970435409341, 73.38600418157876, 250.344142191403, 138.0782691848068]
113 1 [217.506049065385, 67.54676623828709, 249.2693105523871, 131.6286324288599]
114 1 [220.5279258443334, 67.27723054215312, 254.8948128362274, 129.436445300585]
115 1 [222.0431314060697, 65.3303816691041, 254.558730128329, 130.7605467275193]
116 1 [223.1831916184165, 70.11845017410815, 256.6171993854491, 130.0898251470015]
117 1 [231.1079691345803, 72.32999144215137, 261.5095677056158, 136.3151366644363]
118 1 [236.5928845335729, 74.24972499348223, 267.5370035289242, 140.1763827720703]
119 1 [231.7422555830563, 87.39264953508973, 265.7331579107176, 150.0295010037534]
120 1 [244.8370985682122, 81.61898087803274, 275.4077388007044, 145.5818923080535]
121 1 [247.2648538877256, 90.77575353998691, 279.6843819058247, 156.4342360982762]
122 1 [253.9313149443187, 83.1535503230989, 286.1803006942811, 145.894552360451]
123 1 [261.5442676418461, 91.31510941404849, 294.8523151991946, 159.2671682337024]
124 1 [263.8531005610712, 91.99084834055975, 296.1289742028751, 156.8351986944975]
125 1 [271.2354053365998, 89.35897701280192, 302.9062246627453, 155.1839033345224]
126 1 [271.55163451517, 84.010423399508, 306.3868265745674, 144.9886865815255]
127 1 [278.6592270731926, 87.07170359053998, 312.0403350080565, 154.85899293567]
128 1 [288.3683713842474, 91.81986859627068, 318.971751407227, 152.3875988366373]
129 1 [287.9339964834508, 94.62247343361378, 320.7730622939372, 160.7749703564552]
130 1 [292.1750893760764, 84.76887262053788, 322.2760082666901, 145.1518410806987]
131 1 [294.0352452856023, 95.16498626768589, 325.656873917348, 159.0118956348601]
132 1 [295.3523444717284, 102.3583239279687, 328.2211900376258, 170.9750497207828]
133 1 [305.2221109416569, 106.4094460718334, 339.4273196678628, 168.7079154595485]
134 1 [310.7472072113596, 102.0030923057348, 341.7142223256354, 162.9541337393942]
135 1 [313.1835168839898, 103.7836182592437, 344.6916345671178, 171.59360414011]
136 1 [310.9797588137444, 104.3732006624341, 344.2620327492113, 168.8686671837362]
137 1 [313.8166620619886, 104.111215012148, 344.0965385305042, 163.65783029773]
138 1 [312.1521434970491, 106.3156445194036, 342.3591712603296, 164.8975415760919]
139 1 [309.4249407239549, 103.8742017615587, 339.8039687534782, 162.3444592174066]
140 1 [303.7940744348161, 101.9424704704434, 334.1877483896756, 160.1019088489118]
141 1 [297.4495759467827, 104.542709059082, 330.8246518737783, 166.7799273635853]
142 1 [293.0169758983247, 104.6914279889315, 323.5353652515885, 163.7348408440303]
143 1 [284.0295509286516, 103.5740661304444, 314.3651464995969, 162.7738715947582]
144 1 [284.3132100860821, 106.3709129309282, 317.8950424759973, 168.9773824220866]
145 1 [282.5120336599939, 106.4736372660846, 313.7433173773795, 166.6707606646626]
146 1 [280.5412747112569, 101.6340276375413, 313.4740731265156, 165.1988601302363]
147 1 [274.2876136635896, 97.25499843806028, 307.0079919191267, 164.2697704906359]
148 1 [276.4639967727708, 95.95056893862784, 308.987977533923, 156.2439462944775]
149 1 [280.3579040654295, 94.69867747835815, 309.6051312304002, 153.3169434601574]
150 1 [273.5580395954894, 99.21665790118277, 305.9689190574389, 159.3553216852152]
151 1 [275.7297740169161, 97.11869352124631, 305.031449813132, 155.3167437509446]
152 1 [273.1870825217338, 96.82439031405374, 308.2823825468389, 161.1906938577519]
153 1 [276.7046961981105, 95.40090265311301, 309.1098122362876, 156.467725492281]
154 1 [278.9470844763564, 95.17058380506933, 311.3026379780255, 155.9221885216818]
155 1 [280.0733787852805, 89.37442319095135, 312.3140967819214, 156.9165660808141]
156 1 [285.6048557944887, 97.14811154268682, 314.912576777645, 155.6012599793751]
157 1 [287.1814197711938, 97.98441626690328, 317.4309363094505, 157.1315096050091]
158 1 [286.4999201452592, 96.76259262114763, 319.4503110646872, 158.9023140852425]
159 1 [287.2625260946807, 97.2684089243412, 322.4827079027877, 160.9543870985631]
160 1 [297.9862785387086, 103.100293898955, 330.2228714109233, 163.1134719378898]
161 1 [296.0095153786533, 99.77643215656281, 327.4924861034632, 159.6431721711143]
162 1 [294.2052874453366, 98.61041285423562, 328.1303213250969, 161.9217018899323]
163 1 [297.773017980624, 92.9068415760994, 328.5831496992407, 160.8254995620497]
164 1 [297.6563048590906, 95.06680611148477, 328.4525137325547, 162.4247156026481]
165 1 [298.7362196344184, 96.49687240459025, 331.001786094404, 158.1063067219027]
166 1 [296.2310718880035, 97.79258637782186, 330.5917495479284, 163.8290360470566]
167 1 [298.2482490646071, 98.06986398622394, 331.5213662465275, 165.9306500450827]
168 1 [299.2365471501835, 87.43750610947609, 329.8521272343533, 154.2718055164996]
169 1 [295.9122093995102, 88.48152154684067, 325.872989052142, 156.0816103898874]
170 1 [292.6666450647172, 95.12063096836209, 327.990625956731, 158.4221704795158]
171 1 [294.0619702027179, 94.86771746631712, 327.7307099134339, 159.2490293300739]
172 1 [291.8218465622049, 95.13937589339912, 322.9322664565551, 165.8406376387535]
173 1 [308.812275770586, 102.7531626899727, 339.7793237621099, 166.877732031593]
174 1 [307.4492054567672, 102.2651714095846, 341.8905001171336, 168.6294337956394]
175 1 [313.1016389584402, 98.20962607022375, 347.8077103601597, 161.5890421699954]
176 1 [317.9110965174623, 93.72810943378136, 349.5937536381706, 159.4389711182845]
177 1 [318.1255233710981, 91.78049936518073, 350.3394214482854, 157.3481084855074]
178 1 [320.330064252601, 87.06807880755514, 354.9059888284095, 150.0164206915595]
179 1 [320.7574834716506, 90.31947596324608, 351.890695614339, 154.2515183341137]
180 1 [322.00892778649, 89.78226081561297, 354.3196198470279, 159.2572721595133]
181 1 [321.3993817155715, 90.1898442171514, 353.8461509182969, 162.5847517613128]
182 1 [326.5934284073301, 89.15518491854891, 357.5134287322304, 156.1702197716696]
183 1 [328.1278001663741, 90.59509747289121, 361.597152842164, 159.7862694444319]
184 1 [330.3164135811385, 90.17086286656559, 363.7023459787565, 159.8803236477447]
185 1 [328.691321194754, 97.41016685124487, 361.4630932934051, 159.664025705019]
186 1 [337.3922031042166, 88.55840696347877, 367.6395500288766, 155.3723433216508]
187 1 [337.547640804667, 92.6304472971824, 368.7060811228869, 160.3157479858094]
188 1 [336.4306609933265, 92.19932793965563, 366.4903627975938, 159.2992225732284]
189 1 [331.6985603906214, 86.68660791218281, 363.98889561496, 158.125592901513]
190 1 [328.6876295548864, 80.66889732965501, 359.5008514692671, 149.2628807061089]
191 1 [334.6386344691273, 82.87664544396102, 365.6697275186266, 153.8954006281618]
192 1 [334.7713320290204, 68.53988138586283, 365.895664668241, 138.422840512792]
193 1 [336.223303433042, 88.60913694696501, 365.9885563880467, 150.6031305169221]
194 1 [335.5196444732137, 96.09025678457692, 365.7175137114095, 161.0447286860673]
195 1 [333.1852830708958, 87.98790881736204, 366.3230056698079, 157.1438396188199]
196 1 [336.1299081107136, 78.98981506563723, 366.932396741092, 149.8078714016752]
197 1 [336.0204423097894, 87.46649537794292, 367.5688392996843, 156.8434550759073]
198 1 [338.6658948911354, 92.20494193583727, 369.9283457914562, 166.4236089267234]
199 1 [343.0012240221258, 95.97348282672465, 373.9335796565973, 166.2412641055884]
200 1 [345.5445873988792, 91.12118489667773, 377.2710830500246, 164.7584875107048]
201 1 [346.0566836846992, 92.85142943589017, 378.6931550607305, 166.5776693659456]
202 1 [350.1669072599616, 88.34408898930997, 381.9337714451627, 157.0251005496503]
203 1 [350.4280525697395, 89.07817791774869, 381.8311578443166, 162.1319082058458]
204 1 [348.3826012043282, 92.38677543215454, 379.8812842115448, 163.5354253588464]
205 1 [342.9820051441202, 95.06438892660663, 377.1494430338626, 162.4413046847845]
206 1 [351.8570385449566, 97.43889534240589, 380.8165908649888, 161.5105270490182]
207 1 [330.9234255803749, 93.69166001304984, 362.7402628808066, 165.7973012575041]
208 1 [335.7118031261489, 97.61978366971016, 366.7663865561561, 172.3598606519457]
209 1 [329.205448503606, 96.72412797436118, 360.9428775836615, 169.0451788565676]
210 1 [326.0573221249506, 105.0811573336832, 357.9794918723334, 179.0421131547587]
211 1 [319.2880098773167, 106.6336512248963, 351.3018008185373, 178.0706031049073]
212 1 [316.8991882500704, 111.621172266081, 351.2700953040561, 172.5942958128844]
213 1 [320.4143932713196, 108.5840787049383, 352.5274732576512, 177.9670644330691]
214 1 [318.094174206024, 112.9396657515317, 352.2802114103902, 174.150131345582]
215 1 [287.5203402964398, 84.69654023274779, 321.1489418315957, 157.4818106385247]
216 1 [285.5347459642217, 81.96817725524306, 319.0266899210319, 154.4275003826492]
217 1 [288.152369919233, 90.98752423748374, 321.5993607028, 164.6872169474196]
218 1 [334.2043051910587, 109.9349876712076, 365.4350616417643, 174.7145386122035]
219 1 [331.0652071349323, 106.1884668245912, 362.9424767770754, 177.2137824446357]
220 1 [330.9249496711418, 104.8142552594654, 363.2771820050797, 178.844635806931]
221 1 [336.3764274558052, 109.4257260076702, 367.3948134423233, 182.9245265699952]
222 1 [336.8210984063335, 112.5214362363331, 367.6620491743583, 178.1649283875412]
223 1 [339.1752820503898, 117.6899031768553, 370.8179588209392, 180.6191051354373]
224 1 [340.65330580296, 116.6021254132502, 371.8909183745355, 181.1125747024182]
225 1 [348.1020535407588, 109.7248105015606, 380.2110193827777, 181.5167806034464]
226 1 [350.9921168112196, 109.1156904431991, 382.9862024457419, 175.4737386784649]
227 1 [345.2375363335596, 116.5364339421503, 376.9686468392167, 181.0034788615909]
228 1 [347.0792614175007, 117.1313073646743, 378.2542069408355, 185.3495996936741]
229 1 [344.5632914332673, 101.0489778812043, 375.8233417370764, 172.8689473033645]
230 1 [349.4266675291583, 106.7753133699298, 380.8574181555025, 176.1096293072603]
231 1 [347.1733946395107, 118.5371527480893, 377.8259472554444, 182.5571760162158]
232 1 [347.0534535539337, 118.1757856565528, 378.5955584441649, 181.5107202246259]
233 1 [346.1190019790665, 117.6698028887622, 377.1750014883739, 179.4693431892634]
234 1 [347.2653365572915, 113.8560459271539, 378.9781083364788, 176.6991882017589]
235 1 [347.8003403213807, 112.697781811934, 378.0230495829159, 174.9617913140463]
236 1 [346.7034543347545, 113.0036750840955, 376.827000441604, 178.8645195097587]
237 1 [343.6877728295513, 109.2538202214055, 373.6486949029634, 174.7301351475327]
238 1 [343.0982066756114, 109.674975264119, 373.9384744799726, 180.959526294023]
239 1 [352.0437277732417, 112.3655588713009, 382.7296434060311, 174.4676174933928]
240 1 [355.245391770266, 117.0565822636709, 385.9154922081751, 182.2227379883541]
241 1 [357.9375280775712, 117.2322231377475, 387.4471667436015, 178.2281990228333]
242 1 [356.2391989557073, 116.3426656716038, 386.63722147151, 186.2681517372927]
243 1 [361.6561421258375, 119.8603199769277, 391.6311852619014, 189.4673304911711]
244 1 [365.1655892324634, 120.7845446872525, 394.6317248507077, 186.4525375011282]
245 1 [362.1177614522167, 121.5603843177669, 391.5518053690952, 187.7411882356412]
246 1 [371.1767158699222, 119.4539283341728, 400.5518146464568, 185.0524197319112]
247 1 [368.4202737240121, 119.2835664909799, 399.3701142321105, 181.9459715835261]
248 1 [371.4616395784542, 117.6641774524469, 400.9079732850017, 187.6211514039486]
249 1 [370.1917214011774, 112.6569382064045, 400.6025014494102, 182.0428493445594]
250 1 [365.2213996900246, 118.20952374232, 394.6421541074421, 187.9228409036084]
251 1 [363.4456077632494, 123.7789912647568, 392.7988950191227, 188.9253242561978]
252 1 [362.5097110536881, 121.6969867176376, 391.7679265392429, 186.6078234652093]
253 1 [361.2180589181371, 112.410732045304, 390.7862325048922, 179.352652001825]
254 1 [361.1402081949636, 111.4528325733263, 390.5182282608492, 182.1243730612393]
255 1 [363.584073360078, 117.2482974242885, 393.8545462349462, 177.0996379602613]
256 1 [366.3639938873239, 118.9272165994626, 395.7300135765701, 183.4126554291718]
257 1 [360.1572244120762, 116.3664828261826, 388.6972511253306, 185.3556274457656]
258 1 [360.0802892037318, 119.4368243203498, 390.6348282466869, 180.0708696620569]
259 1 [358.2838860591874, 117.7741313630249, 387.802223674369, 186.4902972970394]
260 1 [361.6238680360839, 119.8083694626112, 389.963944220906, 186.7855906107086]
261 1 [354.2632790999487, 119.9964247327298, 384.5996402537115, 186.8968615760268]
262 1 [355.05329998862, 115.2019486178178, 383.4672847427169, 182.0027120690536]
263 1 [354.2285093334504, 112.0072081764229, 384.8298860976943, 176.3030607652748]
264 1 [351.2099022110924, 112.9663996745367, 379.3814238236337, 180.4975989788618]
265 1 [345.7299818140455, 118.1557594318874, 375.7575421265544, 181.0696607723193]
266 1 [346.2696300139651, 114.2423145447392, 375.1579876304481, 178.8220684827431]
267 1 [346.2080133492127, 118.9302158423234, 375.6681287885917, 187.278435207035]
268 1 [349.8390546599403, 110.7641064751661, 378.9978348031874, 183.1553763486991]
269 1 [343.9937989572063, 117.7676760961767, 373.8770606531836, 185.0139919855815]
270 1 [326.5659967502579, 120.1720041045919, 358.8306279192213, 183.4536442884538]
271 1 [323.4321821173653, 123.7509077796713, 355.5301521339034, 186.4611108568744]
272 1 [345.0869207987562, 114.9480184409767, 375.7512766580799, 177.3302876057464]
273 1 [346.0711480369791, 117.2857241947204, 376.9918080675194, 179.8455927172191]
274 1 [343.3732709726319, 118.3752163741738, 372.7455960133399, 180.9326756803209]
275 1 [348.2650589356199, 125.9762432866264, 378.1284345129237, 191.8865696788467]
276 1 [349.1221179226413, 121.6902167790104, 378.7792958694773, 187.5968396952905]
277 1 [357.1020436724648, 119.2931841555983, 386.0617043877568, 182.3511347003415]
278 1 [356.2574072433636, 118.638802310219, 384.7691403136927, 183.5613741625566]
279 1 [357.2577992519364, 120.1997757572681, 387.5597573707287, 181.5848447930529]
280 1 [357.4483438273892, 119.9487305302173, 387.1902959299392, 180.6770201987856]
281 1 [356.3414845587686, 123.232095828047, 384.8244205393429, 190.1967694955679]
282 1 [359.7944406112656, 124.317536117509, 389.904442362631, 185.3192475679011]
283 1 [362.1977002704516, 122.9630867086817, 390.2562133860421, 190.5305103162748]
284 1 [359.0169157525525, 122.9935318846256, 388.7116039508598, 183.5826368239213]
285 1 [363.6652475288138, 123.762220242992, 393.910943420429, 183.8995385190755]
286 1 [367.4874832173809, 123.4756427872926, 396.499998370585, 184.7812118153092]
287 1 [365.4812126299366, 125.002834988758, 396.0586702855358, 185.9973201813459]
288 1 [367.3447927897796, 125.0743511188775, 398.0524394088418, 184.1316743803882]
289 1 [369.3529493706301, 125.1519983620383, 399.11077127878, 191.8668156477198]
290 1 [373.4761770111509, 126.8154570539482, 402.6951510458857, 191.4128671430847]
291 1 [372.5358947804198, 125.7212028801441, 402.6438588444996, 186.2387218782703]
292 1 [383.1167108351365, 122.254011834506, 413.8557010459074, 184.7835469315538]
293 1 [397.018161133863, 118.3012351659127, 425.7984275173529, 183.8159460370703]
