bolt 0
2 1 [336.2868177890778, 163.5793535932899, 361.999480322202, 224.6257987002532]
3 1 [333.7848105281591, 157.4250923991203, 359.9873369756535, 218.3979723886484]
4 1 [332.6215357333422, 159.7070879079402, 358.1633344749301, 220.9373139633415]
5 1 [333.768260627985, 165.9337919354439, 359.7077204049187, 226.433604149995]
6 1 [320.9118726849556, 165.3150752335787, 347.0027914613515, 225.069574417842]
7 1 [332.3839267343283, 171.0526380091906, 359.0270484245939, 232.5979683848903]
8 1 [335.165941901505, 172.7866469472647, 362.140448012524, 232.7612305283683]
9 1 [329.8177444376051, 174.6403657048941, 356.510001000522, 234.8981216557146]
10 1 [333.5047995299101, 167.8473434001207, 359.9168603553057, 229.6462869962809]
11 1 [334.2724467068911, 159.5391485244036, 360.070276873002, 218.4531943313458]
