box 0
2 1 [475.6516527831554, 140.2272475957871, 555.2378782610099, 251.7477829706669]
3 1 [477.423906352371, 137.211830586195, 557.618894494856, 250.5169019309409]
4 1 [473.7766847996973, 133.3178307749331, 552.2356073775479, 243.9133389024462]
5 1 [472.6100376322866, 132.1189651712775, 553.2060140942899, 241.6544689575634]
6 1 [470.6152455583215, 129.1306169964373, 552.2393592318932, 242.5203256777148]
7 1 [467.7215014100075, 129.0991642028093, 549.0872627349457, 241.639377408878]
8 1 [465.5332169383764, 130.2698646187782, 548.2381796393875, 239.20381453773]
9 1 [475.7065936811268, 127.9756776690483, 555.7350194142172, 238.628086426211]
10 1 [473.5011756308377, 127.2670639753342, 553.5399795736529, 237.8201889351162]
11 1 [468.5769199794158, 128.0864446312189, 549.5207906115796, 237.3600293579328]
12 1 [475.0507600307465, 123.7887568846345, 555.2728843747325, 237.5110875007432]
13 1 [476.4836808927357, 122.7017074525356, 558.5323808814605, 239.4512708142684]
14 1 [473.4068857254461, 125.0805743765086, 553.7487643090009, 236.2856801587986]
15 1 [469.5794737692922, 121.6129166707397, 550.2102249250945, 233.8338350918719]
16 1 [472.0583664886653, 122.7605185732245, 550.4774956360475, 235.7707893489001]
17 1 [472.5192296952009, 122.0916514080018, 549.8082927197321, 236.6319090855593]
18 1 [469.3864777758718, 122.2652302756906, 548.5169916064355, 233.2884289466962]
19 1 [468.9572228938341, 121.2221802845597, 549.1211590540819, 234.1692409848116]
20 1 [469.2163302078843, 122.6474621128291, 545.010276170161, 234.9784612676672]
21 1 [470.4772585140308, 116.5263640582562, 552.6527654077054, 232.5011905213429]
22 1 [464.1295539842686, 117.8086743950844, 546.4939288020777, 234.4250720849054]
23 1 [464.204125688877, 114.9577324073762, 542.2822824348335, 230.2973594440458]
24 1 [462.7211025222205, 113.884348122403, 541.1024256294558, 229.1903501325018]
25 1 [458.3180990680121, 113.7212437558919, 537.2510944412733, 228.9114573823507]
26 1 [444.1646588848671, 110.2782275974751, 525.5160660832136, 226.9028644225935]
27 1 [449.9833639040589, 116.0471882512793, 522.9372893691184, 235.6018484861341]
28 1 [447.3611636534333, 112.0329793384299, 520.8914753692579, 231.2543522847037]
29 1 [449.703107483685, 118.7070622136816, 523.139486352393, 240.3225324750162]
30 1 [444.6679927296937, 122.8165400475264, 526.1560163747822, 240.4744236248006]
31 1 [440.775256741792, 125.2498096488416, 524.5585943657515, 244.8963479063235]
32 1 [416.762119333609, 125.7919111177325, 499.7217708906348, 245.2523345398583]
33 1 [426.7155242966255, 94.15651728212833, 507.7697450288422, 209.6144470670258]
34 1 [414.8648887760937, 140.5225788544631, 493.2222632914339, 255.2026046097471]
35 1 [444.3415069584735, 91.57771502435207, 523.0223164521015, 204.451921853821]
36 1 [454.8726375685073, 86.28605083376169, 533.6025738322639, 193.8394754763564]
37 1 [429.1134023368359, 87.31258288770914, 509.7902866566284, 198.9470665167946]
38 1 [412.2514693699777, 94.51685045659542, 493.3794493015301, 209.4728229328371]
39 1 [413.3342670165002, 96.16889674961567, 496.2364892613804, 209.1822785578364]
40 1 [403.7737519368529, 98.68516267091036, 485.830599919482, 214.3552189761034]
41 2 [412.5066486820579, 94.7301787212491, 496.448056241557, 212.6258139699264]
42 2 [411.1598957404494, 92.12269575148821, 496.027226528892, 209.965811678382]
43 2 [413.8597813975066, 92.96560657024384, 496.643850435707, 208.4268326695987]
44 2 [403.9989987750887, 93.42210874706507, 487.9613347360245, 209.3450900654999]
45 2 [411.9771199375391, 93.54043104499579, 495.1423144342716, 209.2111784305469]
46 2 [401.2974931560457, 92.80285258591175, 486.2984828673609, 210.5504144214576]
47 2 [412.2385790087283, 92.25961518287659, 498.1124822451088, 208.7896212939069]
48 2 [412.7432172447443, 91.96509943157435, 498.864206619344, 209.4865985056955]
49 2 [413.7394012212753, 92.09423449635506, 497.3331676694589, 210.5902204470027]
50 2 [401.9593011848629, 94.94566921889782, 491.9953138077124, 211.5997684668249]
51 2 [404.6757610123605, 94.28991445153952, 494.3743724203342, 208.9861671337137]
52 2 [414.585672782734, 91.22413988038898, 499.0493604141659, 208.1737372089543]
53 2 [410.3426331356168, 95.96865762770176, 499.6617347883817, 209.9775104225381]
54 2 [411.1245664097369, 94.65786215662956, 502.6167149062343, 209.1670458960576]
55 2 [412.8680102787912, 94.40874785929918, 502.2787988811018, 208.9291836578589]
56 2 [402.5810689367354, 92.77672079205513, 493.7388891076696, 209.1062296645166]
57 2 [401.8378493171185, 94.8649952635169, 492.5993946587596, 210.7679008710415]
58 2 [398.2052397802472, 94.61648513376713, 489.3844355170859, 210.2895090581444]
59 2 [409.1069725230336, 94.7218609675765, 501.4211605671207, 210.2336709036328]
60 2 [409.625508508645, 92.15582394553348, 504.1235128587514, 204.1925518965003]
61 2 [403.9968530815095, 94.56186036393046, 497.6771696033468, 212.7495198829481]
62 2 [406.2795730568469, 93.39266230165958, 499.441761440033, 211.6116857927248]
63 2 [412.5919751804322, 93.83945802971721, 507.218266972566, 210.9098928117048]
64 2 [397.7284076791257, 93.44851449877024, 492.0047650620418, 211.1861243740273]
65 2 [409.7417162340134, 92.79019216820598, 503.6684560665439, 209.3257140489571]
66 2 [406.1008919011802, 89.31413153931499, 502.010994643488, 208.9965477354929]
67 2 [403.5341113228351, 91.55263843759894, 499.3673408206707, 209.9583445442406]
68 2 [403.3902084715664, 92.41823867708445, 499.9188402682777, 208.5832349358451]
69 2 [407.9026646381244, 93.96448692819104, 503.5186580493808, 210.2475633824954]
70 2 [408.2810205575079, 94.56017914041877, 505.1826811509482, 209.0291994761071]
71 2 [407.9078001510352, 91.93965864181519, 507.6662021702341, 210.3783584524211]
72 2 [404.7276250999421, 93.71381358057261, 503.5450545555656, 211.904491277781]
73 2 [401.2968296539038, 90.25704451650381, 501.1450562604611, 208.0989325432346]
74 2 [406.6690481435508, 93.07515599578619, 505.968127564342, 210.7658019787015]
75 2 [403.7946341028437, 93.46477401023731, 503.3481938002967, 208.2726184623201]
76 2 [408.4695268636569, 93.7512403219007, 506.6241785918345, 210.4740074536918]
77 2 [405.7876369943842, 95.18508058553562, 505.4065067846905, 209.1620433649316]
78 2 [401.5961067359895, 94.91087303310633, 502.2449182945258, 208.6904228914556]
79 2 [402.2831693133339, 93.65242294548079, 503.1073551606314, 209.1576447710373]
80 2 [405.7340478366241, 92.80082101514563, 505.6140639977813, 209.9315032804215]
81 2 [392.2785804588348, 89.48395398259163, 487.3436915568045, 208.3104212085439]
82 2 [391.2359961522743, 76.92528311675414, 485.0660876257262, 191.6901673258464]
83 2 [388.1536543024704, 72.61909310286865, 481.3602551477407, 186.5051859939069]
84 2 [376.4430713308975, 64.6244818395935, 469.7533884206796, 177.8610215857256]
85 2 [370.1798220193014, 74.94352117693052, 465.8782580299877, 185.2871202463409]
86 2 [373.2903119577095, 63.94777004187927, 464.8001213508993, 177.4302707409454]
87 2 [384.4076738860458, 66.99086822383106, 484.8996747922905, 189.3778314666412]
88 6 [387.9669977612793, 68.64270740002394, 486.4997689455101, 186.6945429858545]
89 1 [385.3221881370992, 71.66844025067985, 477.5011908003721, 199.9327961743628]
90 1 [395.9589710719883, 72.54824371007271, 492.9200049277795, 194.1522274499116]
91 1 [397.0589384837076, 78.20013194857165, 500.1835012956291, 198.4332325265522]
92 1 [397.0495145010063, 79.51140701351687, 499.1342803097307, 199.7474003963568]
93 1 [399.4218934681267, 83.47527640685439, 494.3141242255153, 209.0982344853811]
94 1 [420.4135544952005, 71.46095656603575, 512.120726488329, 188.0415916495566]
95 1 [427.1179302390665, 74.80685912817717, 518.6365387637889, 192.626141038169]
96 1 [425.3132743183523, 79.23681259900332, 528.6175151528396, 195.3514731631419]
97 1 [436.4015037734062, 65.16340707242489, 529.2983548652587, 189.3598869749206]
98 1 [444.2467216011137, 72.81719245761633, 536.3129576512895, 193.0135530817213]
99 1 [448.4758809562773, 70.99201404303312, 540.8729915661666, 190.1035050861927]
100 1 [454.2420366760343, 67.30329864472151, 547.0860475815886, 185.4651638207868]
101 1 [450.1467599165626, 84.64488087967038, 545.433180096562, 207.5994482414096]
102 1 [448.9375844253227, 93.97515165666118, 548.2084456386027, 209.5589881780018]
103 1 [451.9705698061734, 91.71441231667996, 551.075093334626, 214.4073986421593]
104 1 [454.8882710915059, 93.47400911897421, 556.2126013443968, 211.2107672549952]
105 1 [454.951439647004, 103.8382086232305, 557.6289491827936, 217.3121979906118]
106 1 [453.4285167399794, 105.3807750139386, 556.7794700818749, 223.1943045472289]
107 1 [454.6607266440988, 109.188758738339, 550.1525111006345, 228.174478748033]
108 1 [453.4176001772285, 110.0745869502425, 548.6404598680256, 229.1937527469343]
109 1 [453.2448146683164, 113.3412086106837, 548.8515563763501, 233.3953444167797]
110 1 [453.7178051453084, 111.440904147923, 551.7112215343818, 235.262038373624]
111 1 [446.8471753951162, 111.4953116588295, 546.366993459133, 238.7965477317517]
112 1 [441.5487863314338, 115.4237299766392, 538.2514075645479, 240.4141931622424]
113 1 [424.5934008788317, 108.5672625973821, 525.422734281364, 233.8708157240382]
114 1 [424.5563072133809, 110.9355071261525, 523.9451632770323, 236.3635040420853]
115 1 [418.1192550417036, 115.4647648409009, 518.0970511341393, 241.8690726957439]
116 1 [432.2584405010566, 91.9706355878152, 530.3537324355486, 210.1862973650173]
117 1 [423.2589581077918, 89.04931628191844, 521.7271856060299, 206.2837403363334]
118 1 [421.1874725883827, 85.77057474339381, 519.1471111475601, 202.3090379632372]
119 1 [396.7207458084449, 85.56372207636014, 494.8877898996338, 201.7542998041693]
120 1 [408.7396420333535, 87.782855078578, 513.2245401094067, 206.6271102869557]
121 1 [402.5406387988478, 87.36872006952763, 507.4009860902678, 207.2350507270605]
122 1 [396.4892897969112, 99.52507839584723, 495.4450191311931, 215.7993313374644]
123 1 [391.8791135381907, 89.31171164661646, 490.1755197709798, 219.5242864025687]
124 1 [383.1971217487007, 105.267117459327, 484.6159199555946, 226.0332251322831]
125 1 [382.9431964671239, 117.0869629532099, 480.5103442562389, 239.8564323234224]
126 1 [366.6553451847285, 100.1439230591059, 465.5817942872747, 228.3055739125695]
127 1 [368.7855049204081, 105.7996122986078, 467.5162391790333, 236.5316153373809]
128 1 [365.9022553479299, 108.4074102789164, 463.6390446334417, 233.3197326899864]
129 1 [358.8451069574803, 106.8730397759937, 460.0288196004184, 235.1676701000389]
130 1 [358.8913713749498, 108.6804719716311, 462.957394053933, 231.6594479275079]
131 1 [350.6544842785224, 113.3729330897331, 446.1519500013501, 231.891960650318]
132 1 [354.5172555894824, 123.434377906844, 459.6056607544639, 241.428229256528]
133 1 [341.3943485198543, 118.2687624245882, 435.6061824885273, 237.9541185449126]
134 1 [336.4046881375834, 110.7924117594957, 430.3787221148126, 230.0463286874477]
135 1 [329.6299367425963, 106.895828217268, 420.8597939789273, 228.1669364727111]
136 1 [325.9567717490718, 117.4467112571001, 417.6841256513799, 235.8872602825417]
137 1 [320.4425904927775, 116.2560365796089, 411.8911759787055, 234.2376344452979]
138 1 [358.1833751527593, 126.1689660027623, 461.7233705976045, 240.8462701431977]
139 1 [363.4458771247882, 123.0986594483256, 465.3771275335601, 241.1781746548489]
140 1 [359.221556273289, 125.8221536949277, 465.1493912992315, 245.0416619951845]
141 1 [366.6843898994848, 132.5519385263324, 468.1087037920263, 248.9664083394821]
142 1 [377.3569129435346, 135.7914138846099, 482.0599188367361, 253.7139157667283]
143 1 [376.433780903928, 141.2638701363467, 479.5512278949742, 257.0296250691964]
144 1 [381.8424058081582, 144.129237242043, 481.2423138649015, 265.7414552615014]
145 1 [381.3627118208678, 148.92936565727, 485.4484140032728, 266.0902042049988]
146 1 [382.8050640393049, 162.7142061181366, 485.2396698856067, 278.2085642166177]
147 1 [386.5357145834714, 160.8789902813733, 489.5353574282531, 275.9032276158139]
148 1 [395.4119942859979, 168.5396901685745, 500.3178373730582, 289.7159510825704]
149 1 [394.0654667989584, 176.3627449031919, 499.1395507777236, 295.3144327878131]
150 1 [400.5088665859075, 171.9040773231536, 507.103680682297, 295.5742256790065]
151 1 [402.6011828110786, 173.9711867626756, 506.734593381237, 291.9271888789447]
152 1 [412.172141505318, 173.8156271986663, 515.7814421864741, 293.6597482994734]
153 1 [398.6881654364988, 173.8737920280546, 501.1436721199264, 289.3721151786201]
154 1 [397.8624299569055, 172.6086233817041, 500.3893261187125, 290.3806985966072]
155 1 [396.8290019761771, 171.8072548490018, 498.4739307227339, 288.2102557520415]
156 1 [397.7211927277967, 169.2639328148216, 497.8141560555499, 284.1601260603953]
157 1 [397.4236380662769, 172.9631536435336, 496.860158740073, 290.6545077521806]
158 1 [400.2402051938698, 173.9200684409589, 500.8896075821043, 287.7724624317784]
159 1 [402.1088535116287, 165.7922970857471, 503.6397529636258, 277.9694736632889]
160 1 [401.2258435580879, 165.0099765583873, 503.092938032262, 278.2017641614944]
161 1 [395.6550652701408, 159.0473435334861, 494.5264154549197, 274.8405775443989]
162 1 [393.0402272734791, 163.4254559623078, 494.5628813133826, 276.2003719299071]
163 1 [394.0339883939596, 167.0197154190391, 495.6299610399634, 277.8050818914009]
164 1 [396.6469909697771, 175.3443350717425, 496.7220866236443, 296.514762012975]
165 1 [393.9949584407732, 178.2938355375081, 491.4315986307473, 299.615310767077]
166 1 [395.7034863187, 170.8935419823974, 491.6262456528641, 283.6513231660672]
167 1 [397.7135496940464, 167.8686723280698, 493.1503052555962, 283.4378064634806]
168 1 [385.9667135383934, 153.7072091251612, 483.0443610981406, 263.4181028956845]
169 1 [382.3122210409492, 147.424582734704, 479.1099123321241, 256.6879715942736]
170 1 [381.0935102757067, 146.3524777144194, 478.9826659806, 255.5042333087795]
171 1 [388.2454939913005, 134.4806110840291, 495.6773021771945, 247.7674511664824]
172 1 [383.4968852233142, 127.8819549065083, 491.7760848623003, 240.6860223950823]
173 1 [384.2548615885899, 123.5587473614141, 482.7895967692961, 236.2014392408369]
174 1 [383.3760335696861, 121.775026361458, 482.9117190452898, 234.3301140558878]
175 1 [385.9749454753473, 116.5321422396228, 483.7878404963358, 232.3918612681133]
176 1 [371.0042006922886, 123.811496084556, 464.0102322705174, 234.7948450259806]
177 1 [367.654398938641, 124.185174934566, 462.8894804508068, 232.7617724007712]
178 1 [357.3494595270604, 121.0285885334015, 463.5978123819576, 233.53993930611]
179 1 [356.0094914939255, 137.0901465397328, 465.08336266608, 247.5383927701358]
180 1 [382.2499839942902, 129.2231550794095, 491.6681327869453, 240.9392564986389]
181 1 [373.427408750169, 154.6630970742554, 474.8710998064341, 261.1263134685963]
182 1 [364.9692941298708, 158.3700076658279, 464.5650165081347, 267.8775012157988]
183 1 [366.6392241027206, 164.025203127414, 465.5036831390494, 275.3901568818333]
184 1 [372.4081174451858, 161.693054780364, 468.6547081718232, 272.1591118902497]
185 1 [368.7294212849811, 166.5403535757214, 464.3688668393726, 281.0168026079982]
186 1 [369.2873010253534, 173.0809681471437, 463.8642885028995, 283.4307168733802]
187 1 [374.2555956197903, 180.4008949156851, 469.6033760784608, 292.5929446327947]
188 1 [360.6617067363113, 190.6922294925898, 464.8988712760812, 304.5990362937332]
189 1 [364.8627951117232, 195.7834287527949, 461.847347715456, 308.0737697816002]
190 1 [366.144755420275, 199.9203844908625, 462.2545054036315, 312.5434981486676]
191 1 [363.9110700162128, 196.8132795933634, 459.5572751104254, 308.8188509720237]
192 1 [359.2063532611355, 205.6491959262639, 458.7918888264619, 318.1551585286138]
193 1 [364.9032775433734, 206.6749944332987, 460.0230259837448, 321.3049868430678]
194 1 [372.3388205589727, 207.6278795842081, 476.4378428574354, 329.4460202745332]
195 1 [369.7991578401998, 204.2272870782763, 473.2968431283972, 325.197497874934]
196 1 [371.5362408878282, 208.6732821706682, 474.5108869760094, 329.9401031013398]
197 1 [371.476530009415, 205.0588029418141, 468.5181341214808, 324.1435419777005]
198 1 [371.4100676546805, 206.9660629127175, 467.7156953973678, 326.6333176876941]
199 1 [380.3608659775928, 223.9435903895646, 474.1702987439979, 339.2776118155837]
200 1 [381.9513308471069, 226.482607441023, 476.1942253289459, 337.3300327329437]
201 1 [375.0922703305259, 221.5438136253506, 467.5463965078034, 337.8029114511182]
202 1 [381.5519687561318, 224.9325922299177, 474.1251249863931, 337.0208181161396]
203 1 [379.2597674885765, 226.8125054035336, 470.4488061156164, 343.5075763223804]
204 1 [378.0974605428055, 220.6642198543996, 469.6566812235974, 335.3928835895279]
205 1 [380.1977321067825, 224.2110353503376, 470.7824274385174, 340.6096822684106]
206 1 [377.0250334432349, 223.2358297687024, 468.2818281940668, 336.5328720046137]
207 1 [384.8077847370878, 220.0156308133155, 473.8510253504977, 335.5148492939188]
208 1 [371.191460874863, 205.7234598491341, 464.7913287595879, 325.3629934478184]
209 1 [380.3480553189293, 223.1608379799873, 468.728790365231, 339.485224347913]
210 1 [383.3793137529865, 223.8857411853969, 472.1926987899788, 338.0968673646422]
211 1 [378.4482923271135, 204.9891657922417, 471.104132734787, 327.8878648869721]
212 1 [373.4475639583543, 203.5143130812794, 465.8375476030568, 325.9808832926318]
213 1 [374.3102050693706, 206.8211796674877, 466.1740415158796, 330.487121964712]
214 1 [372.7922567101196, 204.3128534946591, 464.2901319902788, 327.4110961046738]
215 1 [374.3732764692977, 203.8920667562634, 466.2631042667202, 328.8750144262016]
216 1 [372.9775339486077, 201.0880118403584, 464.2745739377658, 325.093795355379]
217 1 [382.5870179692283, 223.1661049257964, 467.71335193587, 336.9994829892953]
218 1 [369.7239959035069, 202.1208107639104, 461.6502839828839, 324.2764636495652]
219 1 [372.37214175798, 207.986156957224, 464.2078563775689, 330.7116046137053]
220 1 [370.3633680734783, 205.2093440461904, 461.8084415354533, 327.3410066639303]
221 1 [371.5760919991881, 206.3160488177091, 462.508108499901, 328.952803789907]
222 1 [382.7290834793821, 222.8544212277047, 467.1956975116651, 335.1285484059093]
223 1 [383.0405479976907, 224.7792712859809, 467.073465299111, 340.4637025213423]
224 1 [375.4862288180739, 206.9137342441827, 466.645803386869, 328.4836774903575]
225 1 [383.1493862228235, 223.6493465099484, 467.4060737247166, 336.5239013676366]
226 1 [382.6531800189987, 222.4057066235691, 466.924738159121, 336.9093136453412]
227 1 [382.8230779180303, 222.697823446244, 465.8267402442953, 338.2962840243941]
228 1 [382.2562260674313, 227.3276218706742, 466.8004335155773, 342.1882822787871]
229 1 [383.1876582214609, 227.2977673057467, 467.8620362863996, 341.9860212158765]
230 1 [382.1853402191773, 225.1861897278577, 466.9567989355625, 338.4992507784512]
231 1 [380.0700956424698, 223.3816543389112, 462.7261806665196, 334.0564786576725]
232 1 [382.020849169232, 225.3661994151771, 466.2755389938112, 342.872733019456]
233 1 [384.5909412512556, 224.3638346399366, 468.9584698613971, 336.5396546068451]
234 1 [382.989451459609, 222.0972926337272, 464.6908717044984, 336.6829979479666]
235 1 [374.9205620219, 205.9189389813691, 458.4476218001087, 328.1309268801122]
236 1 [381.9386414769106, 206.9615102726966, 467.6146183599557, 328.8065279311748]
237 1 [378.7556780460291, 202.8547565061599, 463.8584431607357, 324.5224913533061]
238 1 [373.5977820637636, 208.8611459899694, 459.2957628805164, 332.0021656162703]
239 1 [382.1074402173981, 225.8907077629119, 463.9521472401505, 340.4712301142744]
240 1 [378.3767459872179, 207.7603405881673, 462.5303551773252, 330.3722234923101]
241 1 [381.0998560818844, 223.4095670636743, 462.9992934976472, 342.6810172716001]
242 1 [380.5400681081228, 204.1694577019662, 464.0507302019389, 330.4506994150149]
243 1 [378.0607941332273, 200.9572629611939, 461.1611223619273, 326.5156617469777]
244 1 [377.7098375889473, 202.5298304837197, 459.9494211537833, 328.1699113579122]
245 1 [385.1084095570259, 206.1176548879594, 467.2215678153588, 333.0936002092331]
246 1 [381.6692340704612, 201.6108582895249, 463.0079959438113, 328.3227187912513]
247 1 [380.4307820978575, 205.2654129061848, 463.6148591740975, 329.1366281578752]
248 1 [378.8796901288442, 207.0108824949712, 461.8651012264744, 332.0138381548113]
249 1 [377.5418344470672, 203.5850416850299, 458.7703328787534, 329.2229274871526]
250 1 [383.0862390580587, 207.6425904016942, 465.4030416101016, 332.8497254688479]
251 1 [381.9028199049644, 202.8180914353579, 462.7802811849012, 329.4085346181099]
252 1 [376.3085829797201, 205.3993992302567, 462.0457164853185, 330.1652244827459]
253 1 [382.8833194407634, 199.841948447749, 462.4107795508508, 326.6314744172089]
254 1 [383.1935055698268, 203.817690609023, 461.7485294185527, 331.0028591438721]
255 1 [380.9060457493179, 203.5680871065706, 459.7722292037657, 330.5469553927337]
256 1 [383.3641907717101, 205.3053808193654, 461.8511988662241, 332.36796699793]
257 1 [380.3506763516925, 203.7640256602317, 460.481227653655, 332.441352296046]
258 1 [384.7068178891204, 204.6497160363942, 465.1825526709569, 333.2889244195933]
259 1 [383.1002774978988, 205.0540050473064, 463.0018602680179, 332.1915043291822]
260 1 [381.3005802179687, 205.7363112252206, 460.6286806191808, 334.4380076698133]
261 1 [382.5689779459499, 202.8193270210177, 462.2091167900549, 331.4695999168094]
262 1 [381.9312374438159, 205.577375439927, 460.9261473758515, 333.7563104653644]
263 1 [381.4776450633071, 202.5241723824292, 462.4884313110682, 335.5438769540746]
264 1 [381.9580037477426, 204.3356294166297, 464.1865119651564, 335.1616929757]
265 1 [383.3445534347557, 203.4143075142056, 462.0310244358483, 332.640009660317]
266 1 [382.3117303806357, 202.6517410435481, 462.3038001899632, 334.2217635587692]
267 1 [381.5677292975597, 198.9092275761068, 462.6666266923766, 333.1585008086239]
268 1 [381.2225104453974, 203.7973588500172, 462.4574870452993, 335.926875417427]
269 1 [382.043271612376, 202.5802711256547, 461.9386916175781, 334.1704572488815]
270 1 [382.1280798553489, 203.2239014077932, 464.9454417477238, 336.2858628729637]
271 1 [381.8586923326366, 202.5258081946522, 462.670349654765, 336.3943726812621]
272 1 [383.0202362271957, 201.7260992787778, 463.4873825102107, 335.3885508029613]
273 1 [384.6552808168344, 203.2874065962387, 463.8534373838164, 334.1202630010437]
274 1 [382.5768361943774, 202.5926632479532, 462.7679775844057, 335.0041671009051]
275 1 [382.2124805259518, 200.2680104643805, 461.3133765452229, 334.8157353061451]
276 1 [381.1660722228698, 198.2777899391949, 462.6529541882969, 335.3602955490779]
277 1 [383.8752645584755, 200.2118489034474, 462.6792589657416, 337.5865559396837]
278 1 [380.3975199121051, 200.8228451804025, 461.1813841705157, 334.0497849675843]
279 1 [382.1013952959329, 199.7712445240468, 464.3671213597866, 334.4499661575253]
280 1 [382.5634786211886, 199.3377197701484, 462.3245960401677, 333.4806595496027]
281 1 [382.8728543459438, 201.7794286068529, 463.7486877129612, 335.5256412620266]
282 1 [382.1154633495025, 199.4714768509148, 461.4532728162321, 334.351668328562]
283 1 [381.971887820866, 201.9486943118973, 462.7367816096684, 335.9045575310861]
284 1 [380.6482999380678, 201.8384376382455, 462.0714817846557, 334.9558511690239]
285 1 [381.1774726496078, 199.9585948400199, 461.5904732726575, 334.2429289265745]
286 1 [379.2129693836905, 199.5947963260114, 460.4320301994171, 334.0617771403365]
287 1 [380.0341487633996, 201.6405224408954, 460.1279777356015, 333.680361331048]
288 1 [383.2534930952825, 198.8825395964086, 463.5172110661015, 334.5656304255338]
289 1 [381.6293173241429, 201.1439231822733, 461.6173991710326, 335.9787172124147]
290 1 [381.0886787767522, 199.1630103699863, 461.3131326087998, 334.5356092617448]
291 1 [381.9574000923894, 200.3019349875394, 461.4392881418412, 335.4324474347303]
292 1 [382.6192459142767, 200.0961337639019, 461.5392018234919, 336.7289296139185]
293 1 [383.3106091204099, 202.4479682631791, 464.900047974699, 336.1655372672251]
294 1 [382.3268716088496, 200.482225658372, 461.2805088262409, 336.6928938641117]
295 1 [382.5533048487268, 199.2322364337742, 462.0206866046802, 334.9727704796708]
296 1 [382.3397067706101, 201.0771921910346, 461.4954258932513, 334.627490334599]
297 1 [382.7106013293378, 202.4685979470378, 462.1716185920066, 334.5645575800329]
298 1 [381.2433340544812, 202.0041998684173, 460.9434883887271, 333.8551411461115]
299 1 [382.6156500778161, 202.4226893652231, 464.4228653924757, 334.9168474690757]
300 1 [382.126016845461, 200.2280904892832, 462.7729551356438, 336.647402123588]
301 1 [382.9203372499906, 201.4635649863631, 462.3730747793394, 337.2022915472539]
302 1 [382.2697664382868, 200.8562918966636, 462.7522823219499, 335.1199251572804]
303 1 [384.49124039663, 200.6388989910483, 461.9680316478151, 334.404783970574]
304 1 [383.6100144269876, 200.698397106491, 463.2792504963176, 335.4552307203866]
305 1 [382.7215784839355, 199.156842360273, 463.5174566467339, 334.0678492331793]
306 1 [381.1672600223683, 201.6075454680249, 459.012610022363, 335.6997649080382]
307 1 [381.3560051149689, 200.1442350894213, 460.1803901783204, 335.9790237785694]
308 1 [380.4462049673311, 198.613174919039, 461.6247166956977, 333.6460479846955]
309 1 [381.8291415313724, 198.4440625591669, 461.7296896827182, 334.8531196742831]
310 1 [381.84114282066, 198.2420226819813, 459.8706600280457, 334.9755948247507]
311 1 [375.0130793410353, 197.2474850229919, 460.2391781698321, 333.763669392637]
312 1 [384.3589656606782, 198.3386599486694, 462.6476730567698, 335.29965624505]
313 1 [380.9785576122813, 199.3026238032617, 460.6685303650556, 335.4977739437487]
314 1 [379.9370292159729, 199.9450883553363, 460.8670051696905, 335.6556506750375]
315 1 [378.9133783935104, 198.6936267411802, 459.22004852238, 334.3883992747647]
316 1 [375.5376210766845, 199.0294321537949, 456.2314236822263, 334.313435597435]
317 1 [373.9439154176507, 198.5880452899728, 452.1920028042808, 334.0084128440305]
318 1 [383.1434056668077, 200.5875136463437, 460.7649294119509, 335.1722411490364]
319 1 [381.7827066970058, 199.7865278441459, 462.8380968958148, 335.6467435923861]
320 1 [381.6940976451151, 198.986620335374, 461.5504783308226, 335.733112456224]
321 1 [383.8886029778514, 200.4710403589997, 461.6111037043918, 335.3937826193364]
322 1 [382.6194002903067, 197.0761754903942, 461.6586791529347, 334.8524400155008]
323 1 [382.0498748547398, 202.0264985114336, 462.2219538519294, 336.3022947596008]
324 1 [383.2702758656815, 201.3529434688389, 463.6885593403579, 336.8173153314484]
325 1 [384.1267702407204, 198.5689887385815, 462.5848864916684, 335.5346049803343]
326 1 [381.0438511013053, 199.8321148641408, 461.5235767370463, 334.3765629084061]
327 1 [381.1022650708328, 203.5440317243338, 459.0706594577475, 336.587403143861]
328 1 [382.3326764557278, 199.0899480581284, 461.259955814086, 337.2563416894476]
329 1 [381.7332001966424, 199.0034356135875, 461.9455127378787, 334.7575245885062]
330 1 [381.3555910768919, 201.7619730816223, 461.2155206020015, 336.0350939817566]
331 1 [383.1087082745507, 202.1946247473097, 463.7189635911296, 334.2836006048011]
332 1 [381.9583364906721, 199.8054626123048, 460.6833540228697, 334.1539002890953]
333 1 [382.7521280017681, 201.466554455139, 462.1745302057302, 334.3779659369289]
334 1 [381.6765684220009, 200.0539912753739, 461.4356716023559, 334.4200141301783]
335 1 [383.7362595978193, 200.7988582090475, 462.5682517215424, 335.8303871309429]
336 1 [381.5687946979888, 201.328302834183, 460.934390670104, 335.6893512348181]
337 1 [381.4756414345466, 200.3949277840293, 461.1749165543852, 336.6970404596788]
338 1 [381.2172800679691, 199.3070066631772, 459.9288800348393, 334.4389691866053]
339 1 [382.9216292086057, 199.8068313212134, 462.2771938627379, 336.6456344287602]
340 1 [381.0065274271183, 202.0589401135221, 461.0790372801393, 335.6598823170643]
341 1 [382.2622150885873, 201.6599323535338, 462.6726904031547, 333.9698619474631]
342 1 [382.2396199363284, 199.0192215358838, 463.7818718823836, 335.8923157518358]
343 1 [382.6520099076442, 199.7543935738504, 462.3626822121345, 333.5031677528847]
344 1 [384.5050237658434, 201.9141359236091, 462.4616408671781, 334.1409131346646]
345 1 [381.4646882894449, 201.9476967239752, 462.9289714914083, 332.9585366265968]
346 1 [379.6829993468709, 200.0594333726913, 458.9744874633612, 335.6352281076267]
347 1 [381.1090088780038, 200.1288246717304, 461.2928822894226, 333.6994314228163]
348 1 [376.8405787232332, 201.7782572964206, 459.0955444991172, 336.7461398365189]
349 1 [385.3188773831353, 202.0866129808128, 462.2519657119307, 334.8134687855359]
350 1 [382.2983879647218, 198.0397108271718, 460.6895523594299, 336.6207388382952]
351 1 [382.2196382498369, 201.3985257856548, 459.9713958837307, 334.1836247353323]
352 1 [380.8610989949666, 199.7661117875687, 460.862811615939, 334.3793653862503]
353 1 [382.7792126084678, 199.8071622375137, 460.9879989308431, 337.1044858824894]
354 1 [381.481760438066, 199.4107932439074, 461.2138950310543, 334.5408255142214]
355 1 [384.957745983731, 201.2043821338302, 462.9395781570893, 337.900326321198]
356 1 [382.6882989848964, 201.5171366166323, 460.3677788735718, 334.8451959240855]
357 1 [382.7324436423369, 200.4914846066386, 461.7994397573737, 334.3882622444901]
358 1 [381.3073438224383, 200.9623766113073, 460.8390296568325, 334.8064666944765]
359 1 [381.6174043719657, 200.2889878470451, 460.5932369427557, 334.8808630733954]
360 1 [381.267375736963, 202.3036894101388, 461.2977885147969, 335.9263773637732]
361 1 [382.2576169115491, 200.7241940107197, 461.4149812889837, 335.3450948384127]
362 1 [381.3131524091587, 201.313838686794, 460.1335396701169, 334.7033776514448]
363 1 [381.168303210754, 202.7995720859617, 460.6782383487987, 337.9626286659296]
364 1 [382.9626797144301, 201.0805563051254, 461.6987445156251, 336.2274860569914]
365 1 [382.6155327474698, 199.3088795691729, 460.5285346561909, 333.0707387601977]
366 1 [385.8061425602064, 201.3994160741568, 462.9091421589352, 335.2844332018726]
367 1 [393.7953135841526, 200.1794476520008, 475.810953703115, 336.4068693075718]
368 1 [394.9191734129563, 200.7344952905551, 475.3724749355395, 340.7729919694802]
369 1 [394.8984417789616, 202.6832461815066, 476.5204699481888, 338.713613563067]
370 1 [395.7976150366012, 201.5512310625054, 478.9572965273119, 339.7957735411483]
371 1 [396.4322328339331, 203.7567193997093, 478.5345638774723, 339.3118752302266]
372 1 [395.1913590501063, 202.0306371343322, 477.0755910468334, 337.169274751209]
373 1 [396.6067117596977, 203.0487273847684, 479.1976211842864, 336.5758219227462]
374 1 [394.5390521960799, 203.498951187823, 480.4951192981673, 341.9372563702751]
375 1 [397.8907092886511, 198.5130126685835, 483.6628998086436, 336.8190659586438]
376 1 [373.0412573511712, 200.7248158920556, 450.448734895693, 338.1417219391473]
377 1 [408.2350795278326, 195.2334247091785, 491.2315522889981, 330.9520017349784]
378 1 [408.6276741179172, 196.6042994805612, 493.8966645742194, 340.2993441091583]
379 1 [414.13754083612, 186.23299230868, 499.2515187170818, 327.0637872872936]
380 1 [377.1174718118273, 199.0348586142063, 455.6022801489636, 335.7136580972431]
381 1 [375.896467059385, 199.3270628321916, 452.187521369698, 334.7235573572314]
382 1 [378.9264425826259, 202.4473961237818, 456.6189803997179, 334.662939173787]
383 1 [375.9491218770854, 200.2035114150494, 452.2542259386976, 338.4654582269876]
384 1 [376.64773041429, 203.6876984853298, 454.9288550624362, 336.221074961667]
385 1 [375.4593008947559, 202.0445466954261, 453.5392227019346, 334.1871208734758]
386 1 [382.4187506367452, 200.1068167742342, 460.7636555391164, 334.9862244721725]
387 1 [379.0829048729502, 201.6151676028967, 456.0579853816036, 336.8048017182603]
388 1 [376.7873197472654, 201.9592849239707, 452.7429623947665, 337.5920523895641]
389 1 [376.7686489927582, 200.7361641973257, 455.6639403790181, 334.1526404753165]
390 1 [381.7182595706545, 199.9458483308554, 457.5922879285191, 334.5420648496686]
391 1 [380.5461653373204, 199.3560487967916, 458.8329407812687, 334.338340923642]
392 1 [381.1475314390846, 202.1746390480548, 460.3156795436871, 340.3367698404301]
393 1 [381.5657784142532, 202.8245053525752, 462.2649381043618, 336.7749518768904]
394 1 [381.6886104042642, 199.7606100065168, 460.9188774492348, 335.9018295133033]
395 1 [381.8905402398668, 201.6794226020575, 458.8529490231003, 337.5453256138214]
396 1 [380.2821933855303, 200.1209720892366, 458.8443452070677, 335.0926873483307]
397 1 [384.2148345899768, 199.0837286580354, 461.3960459799843, 334.6275716935]
398 1 [381.4155617116485, 201.7455182299018, 460.0007647821234, 336.5781692003899]
399 1 [382.065182831604, 201.8772734496743, 462.9158802952293, 336.9738640044305]
400 1 [382.4815517808311, 201.3975067231804, 459.6506543702861, 336.8250512226044]
401 1 [382.1838929089718, 200.8690385222435, 462.11751364104, 338.8898307614366]
402 1 [381.9518731678836, 199.7837552968413, 460.4351215132375, 334.4781604239776]
403 1 [381.350300503429, 200.561629280448, 459.5828563670323, 335.7221570101297]
404 1 [382.1409996650182, 200.0091278254986, 459.7361360493721, 337.8199690341376]
405 1 [382.6157628935762, 199.975291730836, 460.025289737806, 336.7963938475613]
406 1 [381.8037558724172, 202.3966026974376, 459.1301081752868, 336.200287180233]
407 1 [381.2619182507042, 202.6286136317067, 460.097298706712, 336.8645740901179]
408 1 [384.4307911819778, 201.2614377290011, 461.9902678628355, 336.9390156097039]
409 1 [375.2433408987708, 202.69047764875, 457.5350845663863, 335.3884061610312]
410 1 [378.7986349505372, 200.679865768645, 458.8561143461143, 335.8283587716431]
411 1 [381.8204172658734, 202.1196459238417, 460.9439180233603, 336.9236701323732]
412 1 [380.9549569296651, 200.8185677235015, 459.9182848169755, 335.3064170220936]
413 1 [381.7512515785638, 201.8681278782897, 460.027974593835, 336.8311301751587]
414 1 [384.149998138193, 203.205003936775, 462.321340446118, 335.0121990292347]
415 1 [382.4053421574645, 201.7624933952466, 459.145145289741, 335.098684502985]
416 1 [382.5822753044777, 203.0868784086779, 462.0261041898029, 335.1449438113955]
417 1 [381.9053934006952, 200.7048609927297, 462.7981454623829, 335.9205378014461]
418 1 [384.9680603300221, 201.765848465031, 462.2446120939791, 336.2163349686995]
419 1 [380.3380393474363, 198.070720218122, 460.1349574880615, 335.8577381978429]
420 1 [382.9903645026498, 200.3054220606573, 462.094719849098, 333.4167774433947]
421 1 [384.4691166321281, 201.1776058706455, 462.0212741133229, 336.9914665877982]
422 1 [385.7727686879225, 199.0590403908864, 462.9896221602792, 334.7856036634521]
423 1 [384.0242293714546, 202.3993326425552, 462.2749521179599, 335.453708335389]
424 1 [381.2294765880797, 201.9611330032349, 462.2011037341016, 337.2920037849825]
425 1 [384.5849641975947, 200.0606507183984, 463.6462141820377, 336.2763855004617]
426 1 [383.5227733668871, 200.9237665804103, 463.4968851403592, 335.7565932431927]
427 1 [382.3900385019369, 199.4387599201873, 462.1810016368517, 333.9141853147585]
428 1 [382.4856490134262, 200.0419193953276, 461.6456212882684, 334.9164349215164]
429 1 [381.0241888468154, 199.0854344638065, 461.1522259505626, 333.5039030624167]
430 1 [383.2136626406573, 200.6165406182408, 461.6549807829301, 335.4727000946541]
431 1 [382.0233704014681, 198.7705918289721, 461.7363650994159, 334.6296275467807]
432 1 [382.7438444648869, 201.929514345713, 462.8738631936703, 335.1685312383882]
433 1 [381.516229883302, 200.3544692071155, 461.4508370637346, 333.2076763168694]
434 1 [380.3238643943332, 199.5576470792294, 461.9096140020742, 334.0701789129028]
435 1 [382.6499206437729, 201.48816394608, 462.3334506869746, 334.081929211738]
436 1 [382.2469502540771, 198.0333685996011, 462.5753979793586, 334.5594731109196]
437 1 [381.0481754171196, 199.1129531459883, 461.0160333376404, 336.0259008567952]
438 1 [381.7090126131661, 203.2277067126706, 463.1737040364909, 335.8210437252148]
439 1 [382.0203183444683, 201.5940270693973, 463.3672900661493, 336.8580161632516]
440 1 [380.5864007624332, 199.7551544876769, 461.6905133386707, 334.9274327690376]
441 1 [379.477581941057, 200.2974321814254, 461.8475838714579, 335.3126246217939]
442 1 [381.2550997587387, 200.7122616218403, 461.6259878070621, 335.9358359559842]
443 1 [380.5509023093619, 201.3838026793674, 462.4620435380598, 336.2133626029558]
444 1 [378.279182585422, 201.2551805311814, 461.6637687564605, 336.0728149414681]
445 1 [376.5653824531473, 200.7910081306472, 459.8623184389625, 335.4324764838765]
446 1 [382.1938593538944, 198.8072772817686, 462.0479950714301, 334.3915566640915]
447 1 [380.1164330826141, 200.2500593690202, 463.5791276493699, 334.6512934597479]
448 1 [380.719333622139, 198.9880314148031, 461.4962941649425, 334.6346057628624]
449 1 [381.3026603921317, 200.2266310043633, 462.4504239340008, 334.8603494357183]
450 1 [381.0478067123331, 200.9063973585144, 462.8885364593329, 333.6922699458921]
451 1 [382.4207647196017, 200.6234797828365, 462.1520748088038, 334.9837748300545]
452 1 [383.4229338767473, 200.8605154724792, 461.9601543722461, 334.8826164241992]
453 1 [383.557077706093, 201.0931887598708, 461.7505564696248, 335.8033496764519]
454 1 [383.938473522896, 198.2721572490409, 462.2773945773693, 334.5858647269968]
455 1 [381.0460937353782, 200.4434666670859, 462.5226994325047, 334.4110052281323]
456 1 [381.6670054423157, 198.4342223806307, 462.9435231083249, 335.3867807972064]
457 1 [384.9572167398874, 200.825561334379, 463.4525002133294, 335.710958198437]
458 1 [382.8978686085902, 200.3571370481513, 461.1574116772679, 334.9363802653087]
459 1 [377.8234722795896, 201.5251030661166, 461.6186868559619, 334.6630097013806]
460 1 [379.5858207629062, 201.3483739951626, 462.1087837720726, 336.108105250942]
461 1 [382.9771604987327, 201.2070246813819, 462.9441025427683, 336.8245239259836]
462 1 [381.9763188208453, 199.6368686417118, 461.9701069842742, 334.920598235948]
463 1 [381.512826964492, 199.8690691897646, 463.8141289001009, 334.51985806573]
464 1 [382.1167945715133, 199.396069704555, 462.5283502157774, 334.7377559100094]
465 1 [382.6480847136118, 200.5945517756045, 462.2169467178874, 334.7926834992371]
466 1 [380.2790618971922, 200.9769495138899, 461.2553826017518, 335.9555643063027]
467 1 [382.6399649963714, 200.4346006670967, 463.2753236914957, 336.0076396803066]
468 1 [382.1786281378008, 199.5043482193723, 462.6870747550216, 334.8166050440583]
469 1 [381.8798875906505, 198.7186216125265, 462.2852169496196, 333.8302377928646]
470 1 [380.4005161211826, 199.9548117378727, 462.1500938463003, 334.7956780940908]
471 1 [380.0714250565507, 199.2019609669223, 461.7220022332224, 333.85283918675]
472 1 [382.4281018883921, 200.8091588811949, 462.3361040059792, 334.2608630257978]
473 1 [384.0652508526109, 201.4552055723034, 462.7029528968251, 335.3137471383997]
474 1 [381.9808280071011, 200.2191286340822, 461.1003835296907, 335.7492763787529]
475 1 [381.130399513524, 200.4765141271055, 462.6694848760791, 335.5287493565285]
476 1 [382.6974087492563, 200.3038487145677, 461.5102386351825, 336.7192436684756]
477 1 [382.4955858632457, 199.1585237793624, 461.6262261294669, 334.8035742697227]
478 1 [382.7953649351839, 200.5200380207971, 460.5813415694773, 335.3194222850304]
479 1 [383.5591431246139, 201.9340056674555, 462.7439181546095, 334.9788655334054]
480 1 [381.7910085902549, 201.3487415881828, 460.896996782491, 334.234746665197]
481 1 [380.7458675610833, 199.8905299864709, 461.7575646911246, 334.3611281906855]
482 1 [382.0090823223582, 199.5976935506333, 462.186829484256, 334.7926295616414]
483 1 [380.0540157540236, 201.8795414506458, 461.6788015516707, 333.8137321657329]
484 1 [381.4320860342123, 200.184508276172, 461.9365957256871, 335.0466271150183]
485 1 [381.7910892707296, 200.0856856377795, 461.7367198035195, 335.7746976654638]
486 1 [381.9880915763788, 201.50395219028, 463.2943784517773, 334.5142147059158]
487 1 [381.4710720586591, 200.7185117602348, 462.677262573429, 333.5392040717907]
488 1 [382.828204890131, 202.1678199053276, 462.7661165441928, 335.2101284048176]
489 1 [381.2836385866394, 201.671523097204, 461.1508141599366, 334.5727222611482]
490 1 [382.258906398667, 198.4299710793421, 463.6471893605292, 335.7641121479038]
491 1 [380.1015355535783, 201.5842867344618, 461.9254854344246, 334.1075175046412]
492 1 [382.6523730879417, 200.7132946879137, 463.6186878788, 335.97676704587]
493 1 [384.064689748222, 200.9277659030631, 462.1730036410948, 336.6254817437426]
494 1 [382.5345081057749, 199.4512524355669, 462.1510752378142, 334.7897423525409]
495 1 [381.7171976132086, 199.9592854820658, 463.7385470989183, 336.9841365946336]
496 1 [377.5060465901624, 202.2445923979394, 459.2079919000542, 335.0922352170824]
497 1 [381.3400390469469, 199.719336845912, 461.9060456985642, 334.8741334552392]
498 1 [382.1650036335923, 198.5138203883544, 460.7281126407324, 334.9834567208991]
499 1 [379.535847669933, 201.7274036007002, 461.8458856926705, 335.8995534361719]
500 1 [382.2284241118468, 201.9677977710962, 462.644986024912, 335.3329447616957]
501 1 [382.7343243586365, 199.0036579342559, 462.5896916802761, 335.8001082281344]
502 1 [382.4291917034425, 200.0831594020128, 462.8852840338702, 333.6759738538242]
503 1 [376.9587028747192, 198.3926594716031, 460.9086828483049, 334.5365087361281]
504 1 [376.9764431535732, 202.3844774211757, 461.901080620424, 333.1765666508878]
505 1 [381.7880072914995, 201.8366344720125, 462.0740227661259, 336.2439866082071]
506 1 [381.5084656798281, 201.2753034085035, 461.72029761431, 335.5390333067138]
507 1 [380.6807946139015, 200.2138884812594, 460.7519967506681, 334.4222913731416]
508 1 [383.1613966789446, 199.961834204616, 462.8567764031242, 335.65588799302]
509 1 [382.0673482086859, 199.6594612759072, 461.7121671769888, 335.2452462061608]
510 1 [382.2300730021671, 202.1257111923769, 463.4444961363909, 335.111880572619]
511 1 [382.5850282474421, 200.8493614469189, 460.4674608797661, 335.5471440951334]
512 1 [384.9611384833697, 201.4531923579052, 463.6159239223442, 334.7500724396997]
513 1 [381.4499012234155, 190.7297247769311, 460.1284548031298, 331.8222585703857]
514 1 [377.7653324655257, 195.5905980144162, 456.3476212715896, 334.2175677155801]
515 1 [376.1268842632417, 188.0219049127773, 453.9656308656514, 332.2904909521114]
516 1 [380.506809748942, 190.1374748842791, 459.2424110073682, 330.5218905542871]
517 1 [379.520217053825, 189.9076102236286, 458.2126397527342, 330.1945473661365]
518 1 [385.5682361829095, 196.362033251673, 458.9588408085215, 331.7903580614603]
519 1 [384.9428782570176, 195.5502515919507, 458.3047948433443, 330.8792776210606]
520 1 [379.4311247060541, 197.5914835399017, 459.0145623944076, 328.6282598604479]
521 1 [383.0574388469104, 199.1821033349261, 462.2458162228526, 330.3674905647349]
522 1 [377.3067549108528, 192.9720219112933, 450.9782007996018, 328.8309682722741]
523 1 [379.3962482588831, 198.8850554293022, 458.3843461976588, 329.4820675657634]
524 1 [385.5506616928615, 195.4532890468836, 462.6672016264387, 328.8662260592741]
525 1 [382.7547043659724, 197.0020023435354, 461.4844394765306, 328.4725670501683]
526 1 [390.4665182163008, 202.6124310498126, 475.1372283894837, 335.4895971340511]
527 1 [389.6664523710497, 202.2187683363445, 474.281250617186, 334.9877678638213]
528 1 [384.1991693670861, 200.3721713162959, 460.5648356963174, 331.5300371091682]
529 1 [396.187465038558, 203.1591053765733, 475.339117687397, 332.9536310022592]
530 1 [395.9941004547291, 203.2990257446654, 480.1511091548203, 334.0930817396693]
531 1 [398.3414381002076, 205.5840398562141, 485.1630542034689, 336.8603419863752]
532 1 [395.0655519221909, 205.2437489391305, 479.594461933121, 337.6698068037717]
533 1 [396.2847524140962, 204.7067935024388, 483.0193972433494, 338.5266364032389]
534 1 [372.4365259711631, 201.8235785146244, 458.1874606073151, 332.3511315846148]
535 1 [381.8486390500329, 200.6246886197478, 459.7816080108894, 334.4809596278818]
536 1 [382.9619341383223, 201.9534409446642, 459.4841846058962, 334.0188944385844]
537 1 [382.3759142546915, 202.5431084427983, 460.4196395428482, 336.3288156841731]
538 1 [382.1809080666862, 202.1693540159613, 460.1776955839061, 335.861098594866]
539 1 [382.8908309414983, 203.3960997154936, 461.6655298775634, 335.0955303841231]
540 1 [385.8063229597174, 201.5763976499438, 462.9181322347811, 336.3703841407149]
541 1 [381.2906485847198, 201.9899595859461, 459.4880911425057, 336.6165140595161]
542 1 [384.1018723561429, 202.9271517395973, 462.951387894495, 337.3324558290286]
543 1 [377.9689139551483, 200.1003400171176, 460.3023449795326, 334.3612718635955]
544 1 [382.0279961898923, 200.9060280052945, 459.9547346479071, 336.0935976507083]
545 1 [381.6682241931558, 200.4356214432046, 459.5384315139822, 335.5095197117649]
546 1 [382.1097385189496, 202.2674231934361, 460.6101593483289, 335.2089158614174]
547 1 [381.6036244160496, 201.6041964995675, 459.9950979336652, 334.5040015345522]
548 1 [382.0789581402205, 199.4875184893608, 460.2373774632512, 335.7472100359877]
549 1 [382.3962502791546, 201.5238021761179, 460.4139477506342, 337.5465899964891]
550 1 [382.0587849481963, 201.0819055214524, 460.0237463996436, 336.9975819846426]
551 1 [385.1796000129543, 202.073524499312, 461.8442175215213, 335.8927810404119]
552 1 [384.7912342525087, 201.5744530204684, 461.3960247736378, 335.2480286200433]
553 1 [385.2103987870505, 200.0738113902044, 462.4870279713946, 336.5843459679904]
554 1 [383.0922307320288, 201.5728223875631, 461.5347113148918, 334.8603630007341]
555 1 [382.8979376390926, 201.2698443226982, 461.3030453169686, 334.4844326951303]
556 1 [381.5022684981814, 200.1270093831699, 460.815929666914, 334.8625158914506]
557 1 [381.9464337885729, 203.0253178852145, 461.5972723428178, 335.9005608913376]
558 1 [395.5221429052763, 206.052445916459, 478.4370180292025, 342.8790417639831]
559 1 [400.5304661816917, 200.1326499208808, 478.1381717573415, 337.5320780409062]
560 1 [397.2461735648103, 206.1369899641722, 480.0611923248073, 342.5266312997718]
561 1 [399.1511427103542, 206.816046115011, 472.8318558844309, 342.73695922305]
562 1 [383.0619674413465, 207.1406341837719, 459.4742986488471, 341.8341984549598]
563 1 [376.2402092157863, 204.2947553358972, 451.1442766940053, 338.0587620999779]
564 1 [375.9789850986563, 203.957139801234, 450.8438262194221, 337.6372706484899]
565 1 [400.5367836881778, 206.9531005008612, 481.7649441829364, 340.7786369707409]
566 1 [409.7197273212369, 208.9434549019206, 488.8513306188081, 342.2003964511724]
567 1 [402.5713870911859, 197.1184843614465, 482.4643623416122, 342.1737196574071]
568 1 [411.0323409601115, 197.9120874613291, 487.8662305985291, 341.5838533365946]
569 1 [412.8790590311401, 199.3411159263924, 491.2368862036951, 338.0951795834391]
570 1 [411.6753769810312, 199.3067283071578, 490.9198984476531, 338.0508322132108]
571 1 [403.0051644104533, 198.9820868736133, 484.940334178736, 339.3762355406712]
572 1 [398.9045293121599, 183.7023987456923, 477.4470142272676, 328.0747806063604]
573 1 [395.041529932525, 188.3160049304133, 473.4031926753403, 333.2319854313905]
574 1 [388.0940295620821, 194.2964722913457, 464.8101952756073, 336.9068821781108]
575 1 [382.8752739592455, 191.5027197402669, 459.8820372121934, 333.165790824835]
576 1 [374.9045490431599, 196.0830133622512, 456.8021870726374, 337.7408917291928]
577 1 [363.9846257078461, 199.6659156149253, 442.6573274976352, 339.2402200034915]
578 1 [367.4193631256931, 204.2172581451014, 445.4679885894237, 337.6772034254867]
579 1 [378.711793045979, 203.3362401491031, 458.6804253584085, 340.3517881276367]
580 1 [370.3609944346244, 203.3560449064244, 448.5127690631258, 338.5550345959787]
581 1 [361.0058712544851, 201.6498660882935, 446.4503844758335, 342.3160050043134]
582 1 [384.2122705983929, 198.671682423912, 463.2929816359973, 335.6949157211776]
583 1 [384.8767476673238, 200.9536159904674, 463.0186418405918, 333.9716147267037]
584 1 [380.4935763734393, 199.1820477535948, 462.2085811197977, 336.219726192984]
585 1 [385.3954861923121, 199.1735074790195, 462.2583129738925, 335.8943716641807]
586 1 [376.9750548112206, 198.4534159516916, 458.2156047816268, 334.6177492123414]
587 1 [382.4717856782372, 200.026029887842, 462.3168189715076, 334.5890922920848]
588 1 [382.3652029900695, 199.8858222358394, 462.1870991881022, 334.4402854424614]
589 1 [382.3032286182861, 199.766978481086, 462.105639421623, 334.3136289664711]
590 1 [382.1557502613287, 199.6955906313378, 461.9492806625617, 334.2219398634758]
591 1 [382.1426155189984, 201.4421402784064, 461.5416102262303, 335.7840474328492]
592 1 [382.103191647213, 201.3882307456806, 461.4955583083333, 335.7171534671089]
593 1 [382.0498249079101, 201.3182602943853, 461.4324959172496, 335.643178806628]
594 1 [381.9755877419375, 201.2937624896877, 461.3549362704655, 335.6119686363346]
595 1 [381.925411536824, 201.2784524185117, 461.3024400825122, 335.5918684647904]
596 1 [381.8932522232644, 201.2320139461663, 461.2690747635371, 335.5425519651955]
597 1 [381.8635914525949, 201.2217778193299, 461.2380588685269, 335.529601665128]
598 1 [381.8584559181472, 201.2148547829129, 461.2320796658354, 335.5210408937379]
599 1 [381.8597846683697, 201.2153542187225, 461.2334783956284, 335.5217029252187]
600 1 [381.8745731721283, 201.2200876988864, 461.2489618310078, 335.5278502918631]
601 1 [381.8813394884928, 201.2332215590795, 461.2573845765143, 335.5442007869023]
602 1 [381.9131789719104, 201.2511586700493, 461.2920874672506, 335.5678398546197]
603 1 [383.5284693497233, 202.4316565766931, 462.8301538705875, 335.032353719162]
604 1 [382.6373001399334, 200.2043128006626, 463.067275668248, 334.7241255441921]
605 1 [380.5783669439843, 200.7936962450476, 461.6948787391035, 336.6518247226552]
606 1 [385.8390299922321, 200.24914067598, 462.7172806854263, 335.5687050357327]
607 1 [385.8796914520208, 200.3084188968496, 462.765046195966, 335.6423231337133]
608 1 [382.1111880401732, 200.1195497892259, 462.1659280070801, 337.8849258767998]
609 1 [382.1930298926891, 200.22379756788, 462.2608741572275, 338.0180664479695]
610 1 [382.8342862292193, 200.256485410966, 461.9190337362321, 335.9931195321083]
611 1 [382.7810248891474, 201.0904575220702, 462.972797205447, 335.9610574875638]
612 1 [382.8997494346113, 201.2429417378662, 463.1118919809098, 336.1214461541606]
613 1 [383.0036486005993, 201.3773869245706, 463.2325028187168, 336.2893902838316]
614 1 [382.7399356827955, 199.3521481000353, 462.9382323942784, 336.2436480790479]
615 1 [381.5643658167683, 199.4405391397886, 462.4440533785432, 333.959789448953]
616 1 [381.7359072393738, 199.7139810542576, 462.6232826650006, 334.2526533039944]
617 1 [381.875671050977, 199.8924100170843, 462.7850760479037, 334.4751726317899]
618 1 [382.097691367846, 199.9531922726892, 463.017777051194, 334.5581710920286]
619 1 [382.379298243206, 200.0457813362591, 463.3127776573546, 334.6773102720973]
620 1 [373.0913330080803, 200.1809712119866, 453.2461716030221, 335.6649246816109]
621 1 [369.8331237609382, 203.6670383058954, 449.7864609728571, 334.8002064300251]
622 1 [369.8730238738353, 203.1617853224743, 451.1540430384317, 335.4816331600046]
623 1 [370.3417604814167, 199.6634188659955, 451.6696840286297, 330.2281020202987]
624 1 [369.2046334753395, 200.1861240051148, 451.0157908500344, 333.755699226476]
625 1 [379.2754201802309, 199.7971963689197, 461.2559870406053, 334.881665465897]
626 1 [374.0635153303738, 198.9288310327102, 454.6559783756088, 334.1203740347366]
627 1 [378.0031695375801, 197.9258485219834, 461.914181678285, 336.6889380888499]
628 1 [381.1568521867157, 200.2889958850501, 463.0754597621059, 335.7414271888487]
629 1 [380.16533707286, 200.9901123673189, 462.6671659256271, 335.3643938706366]
630 1 [382.4887248153682, 200.9177578978706, 462.104838045233, 334.2392479739748]
631 1 [382.6963428432937, 201.2021231644321, 462.3467727332027, 334.5900422990595]
632 1 [382.4150613420643, 201.5975879265461, 461.6212874671526, 334.1870381994107]
633 1 [382.9313144930638, 201.7750033868942, 462.161389063287, 334.4120066110838]
634 1 [379.3843273284729, 200.8761603191961, 460.316052657524, 334.2728670436692]
635 1 [381.4348899344914, 201.0003076649737, 461.6163878510514, 335.0332763882395]
636 1 [380.361554084986, 198.454970400082, 461.2352668934023, 334.5966025845328]
637 1 [381.366635644983, 201.4034689210821, 463.0458105460647, 336.4960952312714]
638 1 [371.2549901246093, 197.9718577563763, 448.2721738376679, 333.3547028819268]
639 1 [377.3572249811259, 199.6676747209785, 459.2166240122049, 335.2084478038979]
640 1 [379.0333867077716, 200.6963926309545, 460.137428916907, 330.207576827208]
641 1 [381.9296303230221, 195.1604156829417, 458.5284977477893, 330.0525622202873]
642 1 [380.8230389819364, 198.429700582521, 461.7435305105399, 334.9516046606624]
643 1 [382.3013488600845, 198.7287030967418, 461.047921897063, 335.6045949615001]
644 1 [381.2987097543664, 194.0450256252661, 461.5001520282554, 330.8672133221246]
645 1 [376.9303338068421, 193.5120617486537, 453.9866800472259, 330.1610089734096]
646 1 [374.5156353364582, 200.2626685500145, 452.8694337974501, 333.7711388020614]
647 1 [374.2782232749159, 203.6527938842773, 452.2872624559099, 337.4982214523931]
648 1 [377.6571935254033, 203.0021996684372, 453.8351669574139, 335.3574730448883]
649 1 [377.8917303520138, 198.1129018105567, 451.9441871204378, 330.9825990667739]
650 1 [377.4269227894838, 203.0723080858588, 453.2557522614019, 334.7337359241739]
651 1 [370.1063703025575, 188.4807520678733, 445.8777428260984, 328.8224990129937]
652 1 [370.6145261998172, 189.1557566395495, 446.4863311869988, 329.5406276640929]
653 1 [371.4869954601745, 197.386887829518, 450.1477463843709, 330.8529978052733]
654 1 [379.9749434159021, 190.7159095366951, 458.2944981571476, 322.9322416943229]
655 1 [375.3011583494954, 205.0348864814732, 455.482077968809, 334.3901678381268]
656 1 [366.9888533120975, 201.8137745750137, 449.4551807321261, 335.1993617276779]
657 1 [368.9963192331488, 206.2054899025243, 452.0155441777008, 332.5667488731207]
658 1 [370.0722107249312, 201.263833767036, 453.3511071797362, 327.3877273279088]
659 1 [364.8790707603912, 204.1163104346488, 447.8558233346523, 332.2614712036216]
660 1 [358.6803304568748, 207.7869582122657, 442.8317293659242, 336.2719586962691]
661 1 [363.8051791886683, 202.5671227991115, 447.4680280549375, 332.6781678862661]
662 1 [359.9813661516528, 203.6111349186394, 444.5846771487175, 335.6264910354344]
663 1 [340.8238102706964, 204.4594292417169, 419.732933195776, 336.8499567076101]
664 1 [341.3804253774579, 205.3987584337592, 420.3242081292311, 337.8706895658303]
665 1 [336.2604770229082, 203.6856484359596, 418.0520437266359, 334.4633805841556]
666 1 [329.7161680810968, 207.0619022792671, 413.2030592211108, 336.1111406337312]
667 1 [332.4782616175362, 225.5645238317011, 408.4536414928457, 355.9438218374335]
668 1 [331.2810389117221, 224.6050815510098, 414.1482434255289, 351.2922805439418]
669 1 [326.5856851057033, 225.5403321927879, 407.7810737253649, 356.3745292580029]
670 1 [328.4059417438693, 226.4374492065981, 408.0394202701578, 354.6926949004556]
671 1 [336.4742766223499, 230.6104705936668, 413.2666462255585, 359.9654946790967]
672 1 [337.0480586863705, 231.3557477004288, 413.929785011324, 360.8934992686641]
673 1 [338.0558600552031, 231.7027177743075, 414.9846733834418, 361.3352800286616]
674 1 [338.7357648737379, 234.6989768079875, 414.8956630076143, 364.5805541077197]
675 1 [336.7815133412951, 235.9280983067511, 413.8747403579694, 358.7552633486227]
676 1 [337.397379003989, 236.7202280915735, 414.5861167833019, 359.7374216818726]
677 1 [337.0375690092915, 237.409589559531, 413.2273734972614, 361.7891472536099]
678 1 [329.2613817916135, 236.1453428345267, 409.7006086924904, 361.2006765177964]
679 1 [331.4688353469246, 237.6513199589608, 408.5094014333728, 359.5799299769504]
680 1 [337.3794692750671, 234.8168090439795, 414.9786751205645, 359.1504629861515]
681 1 [337.7269881214597, 235.3882224194167, 415.3959211460821, 359.8535428844124]
682 1 [338.2379974048236, 234.7683841444014, 414.0987686543659, 358.1396631321749]
683 1 [338.5938309501507, 235.4833547479866, 414.5539810928535, 359.0627493173791]
684 1 [337.7710736911395, 235.6969329423664, 413.0982234881686, 359.4408119474499]
685 1 [338.2544438164332, 236.3589644886015, 413.6583416085863, 360.247416013724]
686 1 [336.0920082028606, 238.2612728036402, 412.8593013850499, 358.4381718505102]
687 1 [337.6492917161086, 235.193927780485, 412.902003712596, 359.2055531097113]
688 1 [338.2995526115992, 235.3437459177731, 412.2744867176012, 359.0746911628539]
689 1 [338.8352115448215, 236.0493132925985, 412.8903392980694, 359.9327690074508]
690 1 [337.1982663353556, 236.9328693381904, 413.9149702997665, 358.3918078703676]
691 1 [337.8788935621851, 237.7998721680997, 414.696587561184, 359.4463182900174]
692 1 [338.6315321825096, 237.7887547097562, 412.4324934593431, 359.513329910636]
693 1 [338.8080224204459, 237.484287068939, 412.8900309240274, 359.8208751856347]
694 1 [337.0828416334116, 235.145237863755, 413.3618324966745, 354.4601425212009]
695 1 [338.003838290053, 237.4714625335691, 412.8390982782385, 359.5323024664053]
696 1 [338.5482586590224, 238.2100272632597, 413.4686586542064, 360.4287346029676]
697 1 [338.8759098104783, 238.3365288085697, 412.283005223872, 359.5825923466736]
698 1 [338.2817915543565, 244.7665768198131, 413.7847149859865, 358.5546235780751]
699 1 [338.2206684253761, 237.1637271146683, 409.0719118415219, 362.4160215228907]
700 1 [338.473782157118, 236.627099671161, 411.0140452637118, 360.0338316514186]
701 1 [338.7387713878998, 237.4554511241076, 411.3735026411661, 360.8870527815224]
702 1 [337.0354536823579, 236.4409924845604, 410.3330578115323, 358.6054717385362]
703 1 [338.2996655158349, 236.7570571030883, 411.6497326861477, 359.0315370870593]
704 1 [338.3859896469512, 238.4674691117762, 412.9497091132938, 356.6185458794934]
705 1 [338.2177241235622, 237.3736452765224, 411.4444348985578, 362.6673861136832]
706 1 [341.2125867848517, 237.2280445403812, 413.9122977284077, 354.795859293737]
707 1 [337.2723290567519, 236.3160636008179, 411.4994303185435, 361.4594630372795]
708 1 [339.5811009650352, 236.1010585434196, 411.7751786144243, 356.9288322431772]
709 1 [340.2779221032979, 237.0340978808163, 412.5759171213422, 358.0624812246423]
710 1 [337.5949161681929, 236.5999691642282, 411.64982303128, 356.7598494514321]
711 1 [338.3042048845091, 237.5497025705336, 412.4676148553783, 357.9126530909467]
712 1 [338.3995307745063, 237.3950449831245, 414.088701696696, 355.0229808229877]
713 1 [338.9976466690423, 235.2939440391419, 413.0498523599736, 359.4460726008164]
714 1 [339.3985050214105, 238.1320514262116, 411.1173156713562, 354.4307451824891]
715 1 [337.452112199855, 236.375561848974, 411.2473753084531, 358.3222661842251]
716 1 [338.0297326013097, 237.3132948658822, 411.9117769417859, 359.7812129962809]
717 1 [338.5424519573571, 236.5755491412638, 411.7556064975371, 357.8400515100782]
718 1 [338.2330103648128, 237.3020436323641, 411.0167646559465, 358.9916656212433]
719 1 [338.2034576261067, 236.7268107656782, 412.2271404804927, 356.9459723456102]
720 1 [338.9782306873822, 237.7427156094855, 413.1179563814147, 358.1790524309757]
721 1 [338.3541629846441, 236.6202456585525, 412.5611298794028, 357.2465680419302]
722 1 [338.2217318249168, 236.1544283747135, 411.597910966753, 357.2601399375487]
723 1 [338.1941919350647, 237.2832304809635, 412.6248065760742, 357.9436825501112]
724 1 [339.812284414249, 238.5499605641162, 412.5565281856037, 353.2402294929289]
725 1 [338.1502737613046, 238.5648452315872, 413.9191678080584, 355.9163483846559]
726 1 [338.6964973151335, 238.2610807369856, 414.3739308349553, 355.7913619710251]
727 1 [338.3723142427625, 236.67831445927, 412.9867423119247, 357.0525937508717]
728 1 [338.9501378262066, 235.8372361783331, 412.4771997577535, 354.8674406805733]
729 1 [338.8565524244332, 238.1510779831951, 413.0329273216669, 355.7939103425455]
730 1 [338.1952158916392, 236.1007035477014, 411.4460679784526, 355.8270977001927]
731 1 [338.9754385185661, 241.431066606885, 412.3899004351029, 357.4409236687197]
732 1 [338.0037849453511, 237.832645968294, 411.5366087834709, 357.9114796866116]
733 1 [337.0119018164696, 236.0867570049522, 409.2686490987707, 358.6577096180962]
734 1 [337.6742266687797, 235.3562326810716, 411.3569771368088, 356.9046377836543]
735 1 [338.6555998596596, 236.6425418935178, 412.4849868632059, 358.4808431529942]
736 1 [338.2563881633105, 235.3755915013535, 412.4995683664746, 358.5868161834712]
737 1 [340.8381869220757, 245.3577073931156, 413.210025612996, 356.9247779079826]
738 1 [338.932612384262, 243.732049289385, 409.6181156997009, 357.39307632706]
739 1 [338.7921362692141, 241.408747413072, 410.5609407850465, 358.2758523871083]
740 1 [340.7551532188081, 243.2322272204256, 410.6760520817542, 356.1947805575674]
741 1 [338.5179100056412, 236.8666975281594, 414.0737991572241, 359.2873614837268]
742 1 [338.2414546651417, 236.2020642508214, 413.808629753294, 354.7521197782783]
743 1 [338.3444617638015, 236.6897085972523, 414.2171548281186, 359.0997907953134]
744 1 [338.7699055542471, 238.5742404393313, 413.6037300386188, 359.7462064594167]
745 1 [341.409213984909, 246.084989699295, 411.2439890176431, 358.3488708048627]
746 1 [338.0200476244791, 243.8468541472612, 414.4726166792237, 356.7520462043285]
747 1 [338.5876187724643, 237.8003141295558, 414.9234139129122, 356.0607598458798]
748 1 [338.2590378677123, 243.4903420868723, 413.9567331312718, 355.4215921516686]
749 1 [337.8283526246669, 243.8817350054087, 410.0545238699231, 355.955603934006]
750 1 [338.3131547888042, 244.7869113320412, 410.644139322693, 357.0497484748782]
751 1 [338.4913910330506, 235.4318332055045, 410.0488843051474, 359.8887143336323]
752 1 [341.3686325117596, 236.0189015685974, 413.6494767815126, 355.6863516806425]
753 1 [338.392363885534, 237.2880576539246, 413.2917508777895, 358.5495952816845]
754 1 [338.5322333556833, 238.1330226687642, 409.2602845974985, 355.9712199064742]
755 1 [338.5452757495223, 237.9618514759859, 413.6441352350469, 356.2904257435163]
756 1 [338.9876758026658, 238.9025714679083, 414.1997967895884, 357.4403267601978]
757 1 [337.5414341000142, 237.5764548859952, 411.4603032672009, 359.6807647585906]
758 1 [338.4147081581177, 238.8142769865153, 412.4753669915675, 361.1896744420862]
759 1 [338.9302813304239, 237.7458594285345, 414.911816201333, 355.0704544401324]
760 1 [339.2046161798062, 237.4879538721798, 413.5707604714528, 360.0113654998884]
761 1 [338.728512084228, 238.7019294535203, 412.655590492415, 357.6811343269552]
762 1 [338.346694760141, 235.5607257352604, 412.9650804137717, 357.8704378098024]
763 1 [338.2632591259899, 236.5257847204266, 412.5848922936697, 358.693895995783]
764 1 [338.2561478541466, 236.7732626513971, 413.0475699823388, 358.8529239483262]
765 1 [338.0050241911085, 235.1082530419735, 412.7589510586852, 357.4597303412044]
766 1 [337.501414964092, 238.50065095233, 412.8704779364147, 357.3049145378969]
767 1 [338.5872270503314, 238.2143825420571, 410.0972368850516, 356.7255948538422]
768 1 [338.5155851995223, 236.882409212405, 413.957053461538, 358.2428800407326]
769 1 [338.0405376477866, 234.7950856934695, 412.9919560561972, 359.5254738830425]
770 1 [338.9023734499933, 235.7792060531137, 410.3779216497449, 357.8230122907461]
771 1 [338.8533245060826, 239.4026794272868, 412.0315322842099, 356.7964896201105]
772 1 [337.3588783863233, 244.5098411838917, 411.1526657509182, 355.4626863410392]
773 1 [338.9757548096823, 246.6161952714829, 413.037967530909, 357.6675530013291]
774 1 [338.4848524314584, 236.8310345977006, 413.6273081499196, 360.4613268726858]
775 1 [338.6936022770824, 236.2419189407883, 411.0691089487539, 360.0164553037173]
776 1 [338.3514133152785, 241.3882797479091, 412.3226119395361, 358.4752118169656]
777 1 [338.5708892868133, 235.9587485704033, 412.4713419496766, 358.5088949078489]
778 1 [338.6341269778786, 237.1319033775872, 410.7039526296949, 356.7121627371375]
779 1 [338.5034573274897, 244.4863628630919, 413.0256184188191, 355.1797422167594]
780 1 [338.4173290756298, 242.7738516486643, 412.344917049533, 358.9250325521489]
781 1 [338.9285386760021, 240.0985228444843, 413.9121368028256, 353.7584295849596]
782 1 [338.6588533652248, 237.1302959218083, 412.930157771632, 360.5361252795061]
783 1 [338.4883695839671, 242.2262085287293, 412.0905795584515, 357.002904888748]
784 1 [339.1427841781406, 243.59976538107, 412.9065292623164, 358.6653420112823]
785 1 [337.8116414566757, 237.0451194501875, 410.2350509937864, 358.0588805400789]
786 1 [338.5402438974707, 237.0333483104987, 412.0626737853259, 356.9103356326165]
787 1 [337.0663771975087, 245.8682672900541, 411.4848816303091, 357.5036226991836]
788 1 [338.3957564701559, 237.1750874898789, 412.9790511983723, 358.8471206667139]
789 1 [338.9324715185212, 244.5706462988092, 413.8364797806369, 356.774995522571]
790 1 [340.8058600161457, 243.8779948081283, 412.9266014574589, 358.686308926926]
791 1 [338.9685182679677, 246.7975865944682, 411.790725048353, 360.489983039124]
792 1 [338.1502081487561, 239.4334814778922, 412.3910353885606, 358.2913737805117]
793 1 [338.636967806262, 238.9444378844855, 410.7231285957054, 361.1198589037551]
794 1 [338.7262178397505, 237.7233742584867, 412.603799510754, 357.5607706601589]
795 1 [338.8534744327189, 237.1950172621218, 409.175044868618, 358.1299324274702]
796 1 [338.8782535922946, 237.8152471163703, 413.3453355017163, 356.0085149956681]
797 1 [337.9755693917396, 238.0053892440556, 413.5433304322125, 356.835128070409]
798 1 [338.475849187118, 237.5323432951627, 411.9004861059572, 358.0968674945996]
799 1 [338.4054861274781, 237.1888204419447, 412.4588967855725, 356.2293340858388]
800 1 [338.0807370959083, 236.505187450668, 413.1602243618232, 355.9959806935909]
801 1 [338.4518200373277, 237.2508938133178, 413.5793324834853, 355.625072729055]
802 1 [337.2028938947478, 236.9859021517841, 411.895081237549, 356.1967409887061]
803 1 [338.2277307844488, 237.1844312862886, 410.2981662537923, 357.4920078552016]
804 1 [337.8009511727141, 244.087598485632, 412.1388785648884, 354.9513222118691]
805 1 [333.0604030016111, 236.3751900603456, 408.9606184480487, 348.2377603732386]
806 1 [335.3088119822787, 235.1026522775574, 410.7486094192822, 343.480074528641]
807 1 [333.2803707370767, 232.5989876489548, 405.7938277375129, 343.2460534903835]
808 1 [327.0451563420938, 231.768999736516, 404.6062516880378, 339.953338301719]
809 1 [326.769745853846, 228.1596173753424, 404.8807480292916, 336.5606041666886]
810 1 [330.6889688792871, 230.5200739612264, 409.0099355050016, 338.5658644282485]
811 1 [328.8315869692015, 226.6009157383742, 404.6051131836643, 333.8452738721337]
812 1 [326.5127617969411, 222.5259052624388, 402.9500549801305, 330.8146517742187]
813 1 [334.2210429731058, 222.9957547446174, 408.327772457101, 331.1335066986487]
814 1 [342.8039734774502, 224.2917920777036, 415.4123300610207, 331.51690818178]
815 1 [344.7841526415432, 204.9398101109473, 418.8080025692768, 316.4915901546159]
816 1 [358.6487901593791, 221.2185705488009, 434.4313229858683, 333.7803077300659]
817 1 [366.7721671249019, 226.1920116131587, 442.1145539340986, 339.0958562112094]
818 1 [368.488586285268, 231.2029323761744, 443.4849746396211, 344.5196484853872]
819 1 [371.2687564279186, 232.0431764458699, 446.393248396044, 345.591799249939]
820 1 [370.4485807671445, 222.3107289557738, 447.1326241293367, 329.6262466959017]
821 1 [378.138859608327, 218.1687819992585, 453.8099638523587, 331.296980706014]
822 1 [380.5793591226684, 218.4970362519307, 456.3548672707119, 331.8318703227135]
823 1 [380.576870628749, 234.1066265886111, 456.9612788128632, 347.7224826686231]
824 1 [381.7575163032161, 230.4410277341885, 459.0792449427053, 344.769033445219]
825 1 [383.5850326960208, 223.6785360844733, 462.3444361013381, 342.7506462846666]
826 1 [384.5670640851604, 221.0715786402507, 460.462352934917, 333.5853861352092]
827 1 [384.8222095762612, 218.4162654401662, 463.1461624712374, 335.0378520866293]
828 1 [385.8468820770504, 217.8809712128641, 464.4363406339177, 333.8102934362856]
829 1 [383.5521959756734, 213.4698806004526, 462.1336610608927, 327.336063241349]
830 1 [393.9414018216776, 215.5420750107369, 469.9938316607937, 331.8976972270952]
831 1 [385.6339394544484, 213.783687171519, 462.4388668627731, 333.8514872578105]
832 1 [385.8188083545538, 215.053714792004, 464.2892307429249, 333.5169300177863]
833 1 [395.0239704792621, 214.6341968374254, 472.8590860246743, 333.7050848366862]
834 1 [395.6395796929719, 219.5348629401924, 474.0069659240477, 334.0033113331533]
835 1 [396.6794774505543, 217.193970261862, 475.1648409501558, 334.8513671774807]
836 1 [404.6787075790344, 218.4786605190238, 484.4566255191762, 333.5104688184161]
837 1 [406.7742474469123, 221.2924721192321, 486.9298474574752, 336.4531646999815]
838 1 [402.5874629021855, 221.5690675843434, 483.205259828183, 339.4963535866015]
839 1 [404.6503195316764, 216.9308957178073, 486.7476212178514, 334.7812646524463]
840 1 [382.7640124979662, 220.008189462671, 461.8445090948939, 336.6120882265671]
841 1 [376.7059805813478, 217.7719732453916, 456.2309277293218, 333.6928489375455]
842 1 [379.5078371848213, 222.1086352931088, 459.1100738979494, 336.2371204598185]
843 1 [383.8441805202747, 222.1559259714486, 459.5057423693335, 334.3532000306367]
844 1 [383.1023968301015, 225.8390020493171, 459.9603368062554, 341.7168609688703]
845 1 [382.7728820136981, 225.5492335285744, 461.347005048702, 341.6008389560425]
846 1 [382.7469091779785, 226.1930311944088, 460.834253717657, 342.5954228296444]
847 1 [382.9676939045312, 223.2870442148051, 462.6158474270961, 341.4496225216141]
848 1 [382.4657295049401, 223.4645712096171, 462.7503848694252, 341.9009670952941]
849 1 [381.0201965050073, 224.6222593786588, 457.3060276422083, 342.5906258343929]
850 1 [382.4076599032851, 225.0437956082096, 455.1011810855587, 343.2792596194735]
851 1 [382.2788711729227, 225.4670479807755, 459.2818413495822, 343.637179644267]
852 1 [378.2091181922006, 207.6224600996575, 456.2291050940149, 330.9031509553808]
853 1 [382.3740031301277, 222.9655121720789, 459.8678736527176, 341.1038453226003]
854 1 [381.621222706628, 226.7694063717427, 454.3228230187194, 344.4412984691326]
855 1 [382.4372668993892, 226.8965990329089, 457.6076753782372, 342.6389371213109]
856 1 [381.1943690256449, 227.5538166344559, 454.8896149334917, 345.1588544768587]
857 1 [382.4732219158905, 225.2983429736851, 457.319007670272, 342.6630311736407]
858 1 [373.3596329122083, 205.5792477827272, 450.1880140715788, 325.285569931979]
859 1 [382.2076753397705, 225.9975466877149, 455.4177334754972, 341.1925667908958]
860 1 [380.4259780944558, 224.1229505243173, 452.8518521446782, 344.8322985768711]
861 1 [378.7266240791651, 206.2832959892621, 451.9288378989047, 329.9203941075207]
862 1 [379.6928307564231, 225.3176986204853, 451.2278048686944, 344.9006244966116]
863 1 [372.7534116582247, 206.1099105479589, 447.3822450231899, 329.5765032955953]
864 1 [375.886732084793, 205.8228054048886, 448.5225387235836, 330.6702663703609]
865 1 [372.149914844078, 203.4457103314271, 445.0439153823318, 328.1374697450601]
866 1 [376.3854383082362, 205.7890527474156, 448.76959981054, 330.330578012556]
867 1 [375.1464448646875, 206.808827720808, 447.2134519616919, 331.7890586683882]
868 1 [372.4729441163363, 206.36609075241, 445.8625717874398, 331.5935512366733]
869 1 [373.7246828210773, 203.0226421134939, 447.5614955837772, 330.7281137912373]
870 1 [376.1110783052864, 206.1016407387724, 450.318264521313, 333.9464214318048]
871 1 [376.1376248357119, 204.412427745985, 448.5136949027732, 330.0057656390725]
872 1 [379.8696278092684, 205.6787324475517, 452.4095373813511, 331.614191760479]
873 1 [378.4018449542346, 205.9459110314419, 450.4534798667296, 332.1026264720087]
874 1 [381.4932827336015, 205.7034412550202, 452.886842420471, 333.6370111084837]
875 1 [375.120981862885, 207.4564773554375, 448.6584260927955, 334.7807637510913]
876 1 [375.9529933111044, 205.9250614943376, 450.1447541092647, 331.2769991564404]
877 1 [377.9306646493496, 204.3446863407662, 450.8707461448295, 332.1339330490177]
878 1 [381.6873460320057, 205.9099982643893, 453.3877156080661, 334.6440600609633]
879 1 [379.0111854450079, 207.6881038548818, 453.4322336400601, 334.0477285750435]
880 1 [377.7038550154539, 207.8823038900664, 452.9587425631638, 334.1967259231539]
881 1 [372.8024015632691, 204.1276057029536, 444.6415209771278, 333.0334832731672]
882 1 [376.0481593814911, 204.6823400224021, 448.0157610729596, 333.886831022279]
883 1 [379.2969289199682, 203.884782210218, 453.474078062997, 332.0623148947345]
884 1 [402.1552491792245, 228.1067954155078, 477.4575264921521, 343.9290265176515]
885 1 [399.2673745203065, 219.6781068947093, 477.0300440882987, 336.7917346332854]
886 1 [404.9594283673214, 223.4648881480025, 481.636047280583, 339.5971355478766]
887 1 [403.5444374986691, 221.2210863979926, 478.9577052325028, 336.6359980055374]
888 1 [394.2687375993701, 207.7744093874862, 467.1253648182822, 337.9071593365545]
889 1 [397.1651169854449, 223.0024615302609, 476.8148492051467, 340.7517778089087]
890 1 [396.2668543447508, 222.5832029625526, 476.0347342226348, 340.4873777873742]
891 1 [396.9165704537882, 224.6298543557277, 476.4914995313914, 339.6392293421417]
892 1 [386.1744277608814, 204.7161618783066, 458.7981818273646, 336.3564004330481]
893 1 [382.5158130434575, 203.3061734749863, 455.2462541148318, 333.7177539376894]
894 1 [383.5453334135236, 200.3232392086575, 457.4406982302652, 332.3966962342513]
895 1 [384.786840571207, 203.5304000391552, 458.8143514027858, 335.9478117418121]
896 1 [382.8961487916531, 202.3536751582215, 454.6697686293524, 333.6544807516902]
897 1 [379.7481600252213, 202.232762702035, 455.312222629005, 332.4178964845227]
898 1 [381.5201481488766, 203.9546791987887, 456.5091263212281, 334.7081097241328]
899 1 [374.9621876386227, 204.6715041785428, 448.6441919428362, 335.0099501524534]
900 1 [375.3622122724773, 205.2262429310867, 450.1387856368972, 336.3946518671219]
901 1 [376.2603347526165, 204.1714115405848, 447.1843416465256, 337.6390596593772]
902 1 [374.1900318172993, 204.6460095758011, 448.3662873739956, 335.8880926173904]
903 1 [373.5665206109406, 202.387108148534, 446.3698788769535, 333.3163585643839]
904 1 [374.527577484143, 204.7244506492207, 445.8054731366185, 334.3986207319825]
905 1 [394.8059861419024, 203.5276637389252, 469.1703506070628, 335.3901025511773]
906 1 [397.2184272726299, 207.0213136984894, 473.3861963916755, 340.0007454259155]
907 1 [402.1254305598559, 205.569952484213, 477.0592957577324, 339.1735110178462]
908 1 [391.6263552008895, 218.7598965324214, 470.7739556586636, 337.4069477105685]
909 1 [398.392826467636, 213.3401647962382, 477.8800085482009, 331.4152654392595]
910 1 [395.6040713189868, 212.3971293547875, 475.2647471211939, 329.9951556140509]
911 1 [396.371048224275, 215.0106471031832, 475.4173534245537, 332.3085790204426]
912 1 [382.161080986145, 215.5102865637964, 462.5128901123321, 330.5021274075355]
913 1 [382.5284647940425, 214.5142494940883, 462.6919596800588, 332.891286311717]
914 1 [385.0288459529402, 212.484683251234, 464.2556403043633, 334.292209940084]
915 1 [381.0602433978347, 214.2666608521467, 462.1612224649584, 331.2482408488173]
916 1 [383.8817259295611, 211.3080035762614, 463.4129860973075, 326.1715160372066]
917 1 [382.1779625116615, 214.2253248540437, 462.0589980445536, 330.1659781586311]
918 1 [385.3226806222228, 216.5748875921345, 466.030912434701, 333.8986570715799]
919 1 [385.0504850222496, 219.717435371851, 466.9570829081304, 331.7262592554381]
920 1 [385.8782864733366, 221.6111695587388, 468.0369495761823, 334.0240386581618]
921 1 [381.5512792206137, 227.6264477854347, 459.7986375915425, 340.8404004259425]
922 1 [385.0425304285018, 231.2123081095269, 465.7503420476591, 346.9013873781206]
923 1 [385.1202779448358, 229.0074951534843, 463.6326096201206, 341.7677139991309]
924 1 [387.9080101287691, 232.5620366221046, 466.8605875426939, 346.3023409336157]
925 1 [387.1455206348328, 234.171305956108, 467.4612353981365, 346.993200725212]
926 1 [391.3865944928257, 245.0175274403518, 470.0277244959641, 355.8740902986572]
927 1 [393.15544156346, 242.0045982913798, 470.5159679008722, 353.9744548044089]
928 1 [392.5940481758444, 249.1667825968689, 470.5601174648957, 357.3846645123148]
929 1 [388.6595644986955, 240.0260898058987, 466.1056646414297, 350.5423055301084]
930 1 [398.6886345593957, 254.9900994224227, 482.5018384595501, 362.1481386791749]
931 1 [388.1940334289102, 242.1383856383836, 471.2047858343536, 352.9014286070021]
932 1 [385.969042498502, 242.7409823851413, 464.600364214228, 350.6255021363444]
933 1 [384.7581724262564, 239.6982669325298, 461.1555614608063, 347.8924671025828]
934 1 [371.8177656269399, 237.0141563897705, 447.5417036697691, 346.9810757419825]
935 1 [367.9565156995086, 234.2329427467412, 449.0751994267522, 342.6287050923037]
936 1 [358.4816791488556, 231.1392617465681, 440.534839791452, 342.1982903420827]
937 1 [356.7610527946381, 231.7811585457748, 438.1504906060865, 342.9245139630983]
938 1 [354.432493448141, 224.4458172710365, 438.4707909079532, 336.2810603800117]
939 1 [350.9419726579217, 237.6954817918813, 435.334791586722, 346.1697098493148]
940 1 [350.8794667570619, 236.0830008012927, 436.4418982601331, 345.1858746609474]
941 1 [341.7462369053392, 233.5819758994257, 427.896424204775, 343.3854358769647]
942 1 [335.2175368739991, 221.7228268326944, 416.8503809124243, 331.7462603917469]
943 1 [327.5975491850404, 222.8723140580332, 413.8844716563051, 333.2241345125616]
944 1 [322.4100878088502, 221.3472192508853, 408.9855001047481, 330.9487482827641]
945 1 [329.4878560676007, 223.6944282574332, 417.1609060748145, 334.1464076967447]
946 1 [376.6538510284154, 220.2434136853772, 459.4473585210624, 335.4000905497026]
947 1 [382.1887977233855, 227.3905228039002, 458.9890877392455, 336.4480320707591]
948 1 [382.3235676250188, 224.7444316135006, 466.2486728516665, 339.6866365441947]
949 1 [359.0656634465559, 225.9163279046989, 441.2111026265885, 331.0847317069563]
950 1 [365.0758515949128, 224.7941434297463, 448.0396968124608, 332.6868392915202]
951 1 [372.474036943051, 228.3868110885596, 450.734348200168, 336.6302352735303]
952 1 [369.876272436115, 221.8930514478343, 452.1141153631388, 334.5620099770837]
953 1 [372.5540893337457, 214.1046010197824, 455.9572247308037, 331.8502056342445]
954 1 [369.3245847708313, 206.6885659338659, 452.8005924556574, 326.0376853558996]
955 1 [370.4861311613349, 207.8476998822516, 452.5024663724457, 329.2448167198303]
956 1 [378.2010676338105, 205.1799910662448, 461.4004895082516, 325.379672810255]
957 1 [380.8458349666325, 213.0201289297766, 461.64454184273, 333.861661301485]
958 1 [379.7106295822887, 208.9192587749785, 461.9528894347408, 331.0892267179458]
959 1 [381.2432780674426, 207.9843095080214, 465.2469412630186, 330.3651163109183]
960 1 [384.5556482857792, 206.4286172630018, 464.5829871075833, 329.3048217423453]
961 1 [382.5159752554027, 207.1445928754038, 461.2885256007078, 330.1001718133516]
962 1 [381.9714372371091, 207.6646884025759, 465.7868195340567, 330.7795589071814]
963 1 [380.4309369808761, 203.9637164639062, 462.3719475039262, 327.5123020708614]
964 1 [382.4333141929237, 206.7755217717713, 464.7316565739349, 330.9420746163201]
965 1 [381.0547249390511, 205.9123729036874, 462.441960206174, 328.7702725858518]
966 1 [375.8029236270813, 206.9774298796183, 458.0830662729006, 331.2589295202611]
967 1 [379.6606899051694, 205.948663694573, 460.5593759379921, 330.1579786232572]
968 1 [383.5784214361338, 203.6424491142607, 464.8367251097499, 330.2680291866399]
969 1 [381.3990639521508, 203.8961197117096, 464.1543995659728, 329.8354357283183]
970 1 [383.7290653957753, 204.1597903107977, 463.7466713037162, 330.4325056459323]
971 1 [381.3896401597885, 204.6096224764115, 464.6369626175571, 331.122394640502]
972 1 [381.1404052375583, 206.0616172717637, 462.6292208544546, 331.6394473614119]
973 1 [381.1317324264674, 203.7476263900971, 462.3357374846203, 331.1616452319762]
974 1 [381.8674077464966, 205.9314110835767, 463.3606564205076, 333.8828563047316]
975 1 [381.8733636445832, 207.5647433062768, 462.0369996393978, 335.6402695414743]
976 1 [381.3177370651392, 206.965172547636, 461.7296012035395, 334.1110753767047]
977 1 [374.4690979643492, 199.8138579314327, 457.4270737695884, 331.4636234306408]
978 1 [376.7376283927588, 202.8719573801136, 460.0944466247559, 335.2499329091165]
979 1 [381.2800304217963, 203.852796215353, 464.8414119262677, 336.6481217166014]
980 1 [380.8296610041289, 201.978634852705, 464.209055954322, 334.9916080135714]
981 1 [379.0600711478619, 203.9545475279665, 459.4806140977913, 335.2861943090201]
982 1 [379.7264572231798, 205.1362904401249, 460.4337819677488, 333.178809948941]
983 1 [376.2874642385868, 196.2814005797482, 459.2366123022496, 332.4907628053709]
984 1 [370.3969919307856, 202.5571522263563, 448.0016736729642, 330.9637333808818]
985 1 [380.8079766480951, 212.3597578292465, 461.3706413796584, 340.2158551015468]
986 1 [381.7004597302293, 220.187946041835, 462.7429737012174, 349.4118936541648]
987 1 [392.246963921818, 214.7421514692469, 469.893086143709, 342.0818242577511]
988 1 [394.9772352910368, 218.8116134407683, 471.6818821938078, 344.0734616224423]
989 1 [391.8057375772623, 222.6386141830808, 474.942357660433, 345.3697741554676]
990 1 [392.6792548036901, 226.2060308160944, 469.3418653707099, 350.9804869668632]
991 1 [392.2759272529511, 230.5640965008861, 471.7921977811495, 353.7492084289376]
992 1 [386.5027216541348, 221.3585877961232, 462.5438886661904, 345.9106826097179]
993 1 [388.9555351155577, 225.8163989132954, 462.8915464476474, 348.1718855101851]
994 1 [380.7915887794225, 206.3485508861704, 456.2899527844969, 331.6973828770439]
995 1 [382.7836888235761, 234.1401648016399, 461.9701826252513, 356.5573971761066]
996 1 [387.9596683568088, 205.0683137106462, 467.80437407055, 330.4818899397079]
997 1 [375.8716630934505, 203.6654042599475, 460.0806893173179, 324.6899543486282]
998 1 [365.0557388364105, 202.9871543643749, 448.8932394542611, 325.0593427342469]
999 1 [367.7875031529693, 206.5416719911373, 452.0846641886698, 329.4004297081808]
1000 1 [365.9587955473689, 205.6360548881567, 450.7735082937271, 328.3022765099313]
1001 1 [363.2113131134538, 206.5852068511522, 449.1088218570094, 330.7777710698624]
1002 1 [362.7349463104038, 203.6473683787262, 447.7961083817216, 327.001629283752]
1003 1 [368.9659516465617, 202.885432285977, 447.9791633059298, 327.3347911702954]
1004 1 [368.714023083332, 202.8599353281534, 453.3310053354128, 329.2457497163648]
1005 1 [369.9665835684864, 204.5596747992313, 456.9592516449357, 331.5141711105862]
1006 1 [369.6577973103849, 204.692316442517, 454.8710701251702, 328.9886059450394]
1007 1 [378.194357976201, 202.7012094257152, 462.2044065747352, 328.3165462436018]
1008 1 [378.6695899440674, 205.9667866823947, 462.0932533156993, 332.8718632082855]
1009 1 [373.7413677758304, 227.2707733006901, 454.7259583004986, 343.3687129505436]
1010 1 [378.3799185847165, 204.9103058183318, 458.5760779814452, 330.5132729070252]
1011 1 [378.1244252492907, 200.3940778838223, 457.3975798397921, 325.506461075868]
1012 1 [376.7082505299477, 199.9682852772748, 460.9308677436096, 327.2871814597107]
1013 1 [376.6368365472881, 202.2624558357275, 460.135808816358, 329.6855683555797]
1014 1 [371.4089344440727, 200.8253670630729, 456.3146863372124, 325.0882616242166]
1015 1 [372.0487047171919, 200.1698389610028, 460.8508778510183, 329.6551330413881]
1016 1 [371.9036729166983, 197.5956392737789, 449.934758202328, 330.9826992234493]
1017 1 [371.102466313052, 201.7414357590242, 448.2942818342215, 333.7820718918448]
1018 1 [369.7366774220718, 200.0476894953972, 449.544980486656, 331.9072713584875]
1019 1 [364.6414211298106, 199.8880386499441, 448.0821714786282, 331.3705538870923]
1020 1 [362.6651568895904, 202.5685754565275, 447.7186585659673, 327.5896678240092]
1021 1 [357.857745159301, 200.753986235497, 447.4343614473268, 331.5232038422596]
1022 1 [381.3744396249531, 202.5139422232969, 460.2504646240759, 334.2398326343932]
1023 1 [380.8156885345234, 201.0544469261295, 460.2793661586058, 335.4510609149893]
1024 1 [379.0364024181617, 200.5511342415339, 459.6680266890839, 334.9023201408888]
1025 1 [368.9885973323835, 200.723198024345, 450.2138181634639, 331.568913832863]
1026 1 [369.7060494263424, 200.9769375862306, 448.4965854877329, 330.4481787827781]
1027 1 [384.9794190515531, 204.0251166054732, 463.9483732688145, 333.8051121627351]
1028 1 [385.7462917360244, 199.5384233719888, 464.0183217813843, 331.1393741238856]
1029 1 [369.7159122301964, 202.2897194007164, 456.4246266346884, 332.0919916174048]
1030 1 [382.9828027774347, 203.1629678474492, 462.3562631195493, 334.1520980230711]
1031 1 [381.9459413083969, 200.0104385691448, 461.2413157185679, 333.0399058969552]
1032 1 [381.9523117457284, 199.5295002737767, 462.4938602060632, 335.862061823682]
1033 1 [383.2527354451595, 201.436422474937, 463.1593864213911, 335.1476230444477]
1034 1 [384.1056568686618, 197.1084757202989, 463.3929838620115, 334.8634401116923]
1035 1 [385.4112503769575, 201.049825230868, 462.7910359614641, 333.3100162436368]
1036 1 [369.0209875781438, 203.446371763268, 452.7083847039694, 333.3768638248009]
1037 1 [370.1181036791531, 197.5271886268383, 451.1990220972296, 331.618813949322]
1038 1 [369.3996909073321, 196.9014569798237, 451.566755331102, 330.9428259977613]
1039 1 [370.6319908424048, 197.1906646394855, 453.9466593673337, 330.546984788652]
1040 1 [369.8244249959244, 198.6221205310649, 452.1781220832644, 335.9038946313331]
1041 1 [374.9070013778983, 202.5952230261391, 458.6887341465172, 332.265410175121]
1042 1 [370.0524253676413, 198.6093993562026, 450.7569020453598, 332.7643691280905]
1043 1 [369.0252915396122, 197.1055851185447, 453.211042105392, 331.3692745264211]
1044 1 [376.4617829582421, 198.9194767789668, 461.3701512179738, 335.8206213100448]
1045 1 [375.5201698652236, 200.0888481789953, 459.9911974437895, 333.9957532199074]
1046 1 [377.0771904288558, 200.0954688533893, 462.4309094233494, 331.6387408632339]
1047 1 [376.1927336825756, 199.6283239831901, 461.2762872277626, 334.9609553556568]
1048 1 [376.418085377547, 200.2655049467212, 461.1487973342779, 335.8187578809711]
1049 1 [377.233520923066, 200.8210909932604, 461.2026200816248, 335.4650824929641]
1050 1 [369.9223575553624, 196.3964071783921, 452.2336468131541, 332.9669750493429]
1051 1 [369.2756105213193, 194.7526238074279, 454.4032366859723, 333.6904436316402]
1052 1 [376.7088926675497, 201.0763820454231, 461.6257153060022, 334.6416557546315]
1053 1 [371.4575869859546, 200.7687495865612, 457.1089208705706, 330.7411151230692]
1054 1 [381.9091296753613, 201.8369465794167, 464.9773770435267, 332.2025922705861]
1055 1 [374.4467654450564, 201.2808581635109, 459.7203387121457, 330.2530492878071]
1056 1 [370.9192725074827, 199.1618216440766, 451.6047270785296, 331.6581612785471]
1057 1 [367.7361032924382, 197.5379684062427, 450.7733729349295, 331.3053096930211]
1058 1 [369.0308221233427, 197.3966569111435, 449.8153397846753, 330.5604066167347]
1059 1 [375.0326029489515, 200.2784999467185, 460.9589555751795, 331.4225512626376]
1060 1 [369.8025336767314, 200.925396960949, 451.6960621670814, 332.1722243193585]
1061 1 [369.0379206640064, 197.0326857113032, 452.7922872789341, 331.9467206329988]
1062 1 [368.477374752867, 191.3672778273685, 451.8917650063519, 327.718535559525]
1063 1 [368.4890776871471, 191.6318312247968, 452.8167263749901, 329.754483720455]
1064 1 [376.7408864469617, 198.1913959451704, 462.8159813245408, 332.2484020601748]
1065 1 [373.7051592021016, 198.0532926793894, 459.6035190363417, 332.5047681959314]
1066 1 [370.5311405541142, 197.950353404296, 453.1471872099525, 332.2992684446689]
1067 1 [381.3006145226536, 196.0661520885988, 462.7329028165549, 332.8966866409321]
1068 1 [376.3640370870708, 198.9792238439186, 459.175958592509, 334.8800611721117]
1069 1 [378.6774013167014, 198.1890521252281, 459.0972299589015, 333.8836960831793]
1070 1 [374.383288081619, 197.4855515950112, 459.0729556184631, 334.5691212345004]
1071 1 [379.7761121297954, 202.4458209315999, 462.643085177152, 336.945483635004]
1072 1 [375.0832937749801, 196.949428926011, 460.3353453023162, 331.4892123153858]
1073 1 [377.127232001978, 199.8619098409763, 460.7168309959592, 335.898478174072]
1074 1 [376.9750311503885, 198.9574594244114, 459.0813894189011, 335.9722538224844]
1075 1 [376.018737358856, 198.237459723161, 460.0872076750133, 336.9584093301588]
1076 1 [372.1066613959847, 198.2194911788902, 456.958190323718, 333.9786768726887]
1077 1 [373.594153950864, 198.114191706547, 456.6261449910656, 333.7752152968777]
1078 1 [373.9600951502798, 199.1085680651231, 457.2230994733559, 334.34675744303]
1079 1 [379.4377846246352, 202.5353107655174, 459.1567924239492, 336.2052683458882]
1080 1 [380.5385756398318, 202.2101486365064, 463.7429336647689, 334.3805619603849]
1081 1 [376.3693261602311, 200.4973815225749, 459.0007386270385, 333.93288980409]
1082 1 [382.1183544372907, 203.6464061455554, 462.8145580087065, 334.3675975204031]
1083 1 [384.6762762031285, 200.5337217271081, 466.2928649163928, 335.2106318835437]
1084 1 [381.7803956473945, 202.1496771911843, 463.2084670923985, 335.859556210661]
1085 1 [374.0216822641669, 197.9609302345416, 458.0660850602619, 333.3181962831449]
1086 1 [376.3613294063835, 198.4525754496208, 459.1861644926904, 334.2932943806055]
1087 1 [381.5404154909193, 199.9328101270585, 462.9355473676819, 335.8271322816136]
1088 1 [378.9575872103451, 200.5468863325878, 462.6520999380853, 335.8307799624049]
1089 1 [380.0955201218603, 201.7051402742727, 461.2802528523995, 335.98822256091]
1090 1 [371.098424531403, 195.5299050682443, 453.2709828985513, 334.3773769556811]
1091 1 [373.0052994469879, 193.7589152234359, 458.2974776604242, 333.0546592632809]
1092 1 [374.9989486717386, 193.0721952284439, 457.3377346045148, 335.2093538844911]
1093 1 [376.6300579881063, 201.8434998819357, 457.3661876342285, 334.0729621728086]
1094 1 [374.4765674694208, 193.623128506144, 458.9505346834006, 332.090219668567]
1095 1 [382.5131792760221, 202.9079528905204, 464.1718554404657, 334.3061197805718]
1096 1 [380.964681950747, 194.6729711496955, 461.5842489748787, 331.1238098277904]
1097 1 [375.8590838824166, 191.2503556797965, 458.4593653985391, 330.0407573160075]
1098 1 [381.2381869911333, 186.4286485391422, 460.4417263398869, 324.7066906231083]
1099 1 [377.6987688242225, 189.8768364365897, 460.0093058442831, 329.0891349027588]
1100 1 [370.9954252139432, 191.4310348908402, 453.8153419733969, 330.9046068025131]
1101 1 [381.785717005725, 191.7116211175671, 461.2415676900923, 328.1568078646441]
1102 1 [385.5017563792644, 191.87218999795, 464.340203089725, 325.6316883698966]
1103 1 [378.6141345648794, 192.7488876164643, 457.1538128989863, 325.6954479414795]
1104 1 [383.5330394235207, 184.2847288593403, 460.3746955900262, 324.8187813411861]
1105 1 [385.1967100052862, 197.1337382339625, 464.409133694072, 329.9166335114094]
1106 1 [386.8971411136154, 198.2650701382881, 464.4415960272905, 329.0833295449182]
1107 1 [383.7829222799628, 199.1088488914757, 461.4609375426162, 331.3397256096021]
1108 1 [383.3098720756534, 205.03839280994, 460.3416908060987, 338.4316151513166]
1109 1 [381.080791726592, 187.3384774663937, 456.1580870523516, 325.0391497875295]
1110 1 [382.6610390887363, 206.5487705178311, 463.757731930679, 337.8118491140493]
1111 1 [381.4004201440839, 185.2637157776844, 455.6651854554967, 322.349524928929]
1112 1 [385.6907024140237, 188.3705440910053, 462.24759043035, 322.5300776191131]
1113 1 [380.128060233721, 188.3320337005644, 454.7373249251311, 320.7047773066718]
1114 1 [383.9094607903389, 185.1455681120497, 458.1816863460022, 322.4160858593575]
1115 1 [387.6944309285609, 206.5654510371605, 469.3450581435767, 336.5222385399591]
1116 1 [374.159557043924, 188.2199252078062, 452.6111938828887, 320.8915047672967]
1117 1 [379.4781110062031, 185.0167223905664, 454.5289968909164, 321.4265333161246]
1118 1 [382.8758201723686, 187.515175236178, 461.5074200149266, 323.6236350147781]
1119 1 [376.018863310921, 188.2364284434807, 454.8267627768023, 324.6058995854508]
1120 1 [385.0284436693182, 184.4436097012585, 462.5589889081199, 325.4451502271996]
1121 1 [381.266142276465, 204.9493604207164, 461.3139065454174, 337.1403896686419]
1122 1 [382.1864506228594, 206.7592369423001, 462.6232227825572, 340.7400326375869]
1123 1 [384.43768884975, 204.9018543267375, 462.939575555579, 338.6181090963794]
1124 1 [380.0833765966236, 206.5520045657395, 460.9759398001146, 334.6840552558588]
1125 1 [375.5447990996181, 203.0857384701012, 457.0504351461077, 330.9638597097645]
1126 1 [378.150467589614, 202.1099026135853, 454.1946191166165, 333.9420661151834]
1127 1 [377.1795844436856, 193.626227193301, 451.5932565836199, 325.1848085946795]
1128 1 [379.7872325928183, 197.168834768956, 455.9668436986484, 327.2372588438012]
1129 1 [383.5297700665542, 192.4330679706982, 458.1405169326599, 324.9432661613084]
1130 1 [384.3458793497412, 197.227835665246, 463.660864386906, 327.5424001355778]
1131 1 [392.7803727229475, 201.1511672039269, 473.78261590479, 331.6528749952067]
1132 1 [383.5785611973843, 201.8210341090089, 459.2020407411802, 328.9243701814124]
1133 1 [382.5328329055919, 202.0109975508167, 460.5381204517037, 331.9184267938372]
1134 1 [381.0236282622209, 204.2365504855043, 460.3890750168162, 331.4624349424526]
1135 1 [382.4604423893034, 202.0804009523927, 462.5241184032432, 328.3983758650261]
1136 1 [396.0950825269101, 203.7265934266834, 476.5469866481948, 333.4760448826329]
1137 1 [392.2947132513509, 204.9198871788321, 472.4014449303068, 331.0545282185726]
1138 1 [385.8264620787231, 199.931571717163, 467.3010355463762, 331.0255502100857]
1139 1 [394.8578108650981, 203.1394042757092, 477.9709067198272, 335.5851186233672]
1140 1 [382.4676616453799, 202.8874387599281, 458.3007158205718, 325.2761787588825]
1141 1 [393.5211520445882, 205.2668102768002, 476.1942076106346, 332.7829728735842]
1142 1 [395.0058143389761, 214.5404600661932, 475.3726824649369, 337.8484210748437]
1143 1 [385.3142329231487, 205.2624638688503, 467.5549410718277, 329.8260485997114]
1144 1 [394.346822192776, 206.0588271387605, 477.0083402466005, 330.4740529306976]
1145 1 [387.3832639293978, 211.1676672294489, 470.3318857215288, 331.9536586722209]
1146 1 [389.8418174217222, 216.1275539670824, 474.4708768574958, 340.4694734427895]
1147 1 [383.6049019680941, 207.3290325079797, 461.4298143893046, 331.7667365116006]
1148 1 [390.2553662583814, 220.8738445241688, 475.0975070628659, 343.358882720368]
1149 1 [385.4351569699356, 223.6137244298807, 468.3302328944524, 343.3946030586969]
1150 1 [380.9818617800484, 209.4547062933198, 461.8345240630758, 332.7203279881783]
1151 1 [392.8948325467645, 216.184514568442, 474.0843121037551, 336.8933978274001]
1152 1 [389.9138875292847, 217.9126115336767, 472.6971085982816, 336.0686489964536]
1153 1 [387.5137973153614, 210.3348940734504, 466.9662812093349, 332.8899177865809]
1154 1 [383.9892452386557, 208.6388778437613, 463.1279157258391, 331.9943952337079]
1155 1 [380.6322039650986, 202.5041853457442, 459.2551657811027, 326.719834075042]
1156 1 [377.8390147340833, 222.4985077542006, 459.2416713707823, 340.9177313413589]
1157 1 [378.5781701085507, 216.5245286685167, 458.9810947147845, 336.2914354811969]
1158 1 [383.2490713139414, 214.8656297133057, 462.9697340559168, 336.9730734889777]
1159 1 [373.9979461198091, 212.5171492558657, 452.8292322093723, 334.5241359241027]
1160 1 [374.188371483353, 196.0773077428094, 448.5694911077705, 324.0875928153424]
1161 1 [375.1310465821298, 210.3413670517257, 451.5782472227523, 335.8488305267002]
