boy 0
2 1 [289.909143269062, 142.9250661730766, 324.8857859862347, 184.7074653983116]
3 1 [291.6854062378407, 142.8943772315979, 326.8045595673739, 184.4447863569472]
4 1 [292.960516911, 142.8956936001778, 327.7061591955702, 183.8104550949486]
5 1 [294.7489494532347, 140.1798257119954, 329.2849052844784, 181.5060244442167]
6 1 [296.3353867530823, 140.358937650919, 331.7975906779185, 182.1597666136416]
7 1 [297.8223317842931, 140.1135284155607, 332.5935195686246, 182.6410190749162]
8 1 [297.6639610230923, 140.9349892290193, 332.3404275408657, 182.6685370670023]
9 1 [297.2693355083466, 140.4345557261258, 331.993873323072, 181.8014048915163]
10 1 [298.0087737999857, 141.8647582458216, 332.7895724405012, 183.3415114807218]
11 1 [298.3685075938702, 142.1988478004932, 333.0083465333865, 184.4986159373833]
12 1 [298.352757550776, 142.6607972085476, 334.6022088177303, 185.5252602739936]
13 1 [300.1123735755682, 142.301915705204, 333.3209653298451, 185.0444228334783]
14 1 [297.0884556025267, 142.9755422174931, 331.5448842419108, 186.0899414181935]
15 1 [295.7139186169952, 142.94222843647, 330.5960003545896, 184.3039183270356]
16 1 [297.3961027413607, 142.5786583945155, 331.3232160598164, 184.5616456032629]
17 1 [296.84670718899, 143.0482472553849, 332.0836655979309, 187.5085694228888]
18 1 [297.8476955676451, 142.7973323017359, 332.6219936710774, 183.5618446313294]
19 1 [297.1251567155123, 141.5173267833889, 331.8124940305058, 183.9681419932005]
20 1 [297.2341786026955, 144.8721691668034, 330.6533224656917, 186.3873614880344]
21 1 [296.285436347127, 144.2058178298175, 330.4560426292715, 186.5541507854532]
22 1 [296.2349148541689, 146.5065279118717, 330.2946688543623, 189.0705286166491]
23 1 [296.5419789291918, 146.7036210633814, 331.2413739527197, 189.0069396944121]
24 1 [294.1621418464929, 147.345424823463, 329.2749152325848, 189.6631181037813]
25 1 [292.5315063684247, 148.7536714160815, 327.5462566006793, 192.9699811814079]
26 1 [292.3775057569146, 147.2080029156059, 326.943212123024, 191.3365880090169]
27 1 [292.4372502118349, 148.8747805710882, 327.6052860791177, 193.8382621298246]
28 1 [293.7475942894816, 148.3281977921724, 326.8624601888538, 191.2914137126929]
29 1 [292.0791398063302, 148.4167162170634, 327.06677614462, 191.618482555838]
30 1 [291.1785877803341, 151.8694550991058, 325.0043337231185, 194.5967650601739]
31 1 [292.4049998149276, 150.7064296379685, 325.6412439449683, 194.0536763969656]
32 1 [289.8878026455641, 151.3388343788683, 324.8375867332213, 193.9975484160963]
33 1 [291.7841330990195, 150.6527137830854, 325.0785377370466, 192.3288778282098]
34 1 [290.2185971364379, 149.4910689925309, 325.6080805939482, 192.383625762302]
35 1 [291.4068037718535, 147.9180418401957, 325.3570171990027, 188.1536830101862]
36 1 [292.486937109381, 147.7281791593414, 326.3369220391131, 192.8366952779728]
37 1 [293.4128258451819, 148.6611350513995, 327.4507212026923, 190.5082905363937]
38 1 [294.7124957554042, 149.4554776248988, 328.1774360692498, 194.0970199190944]
39 1 [293.5075366571546, 147.2905432041735, 329.8463569284718, 191.8157549767682]
40 1 [294.1209321916103, 146.7871291905176, 329.8972983256863, 191.2532753291813]
41 1 [295.6848698370159, 146.6142902597785, 327.9299454654662, 188.19438779087]
42 1 [296.3681544112042, 147.5107216257602, 328.9007287144607, 189.5869543461658]
43 1 [295.2611240260303, 146.9605914577842, 327.6257453923879, 188.221952255296]
44 1 [294.6637884788215, 147.8163901267108, 327.6669210240107, 192.7783244114946]
45 1 [292.633047260344, 147.9188042767346, 328.2802038542731, 191.0021271005819]
46 1 [293.6870936844498, 146.0238151280209, 328.1631434335322, 188.0169721098722]
47 1 [292.9673437103629, 146.3604287772905, 327.9155530160736, 191.6034997750735]
48 1 [292.1701841782779, 148.5932646114379, 326.3114445752974, 187.5986130732278]
49 1 [290.6309735709801, 148.9362603127956, 325.931430817313, 192.043218922225]
50 1 [289.6268095243722, 148.9168079679366, 324.570872625751, 191.3963988677734]
51 1 [290.8804717594758, 151.1220666468144, 326.223179717088, 194.3331988317239]
52 1 [288.2474163947627, 150.5270566679537, 325.9544807450209, 192.8010368941209]
53 1 [288.9948585564271, 149.3446615040302, 325.0472462916646, 193.0747489001454]
54 1 [288.3890935503878, 150.172900499776, 323.7162193579646, 196.5087260938617]
55 1 [286.0449139056727, 151.6102114953101, 323.3596323253066, 194.4627228124312]
56 1 [290.5048179142177, 150.7777606025338, 322.1455718647178, 191.9868510233844]
57 1 [288.0052773728967, 152.5784366361331, 323.9404817890257, 197.1926774956115]
58 1 [287.2542318403721, 153.0931784741115, 323.0672714255351, 197.4961513634035]
59 1 [290.6017234437168, 152.8825959637761, 322.4707598166735, 194.8070315306646]
60 1 [288.5525691583753, 154.0444283715915, 324.5224353153702, 198.7046736135323]
61 1 [287.5359002575278, 154.2743404179346, 323.623234641872, 198.0781139288823]
62 1 [289.5933082029223, 154.5365492037963, 325.4103425238484, 199.0510731584409]
63 1 [289.6038076356053, 154.14241715963, 325.9458981697618, 198.4624693558449]
64 1 [289.3245932534337, 154.5326076976489, 324.6974150542437, 199.1442028826501]
65 1 [289.2345533315092, 153.5474035672378, 324.7404695028427, 197.5204400161046]
66 1 [291.767671469599, 152.4883240431082, 326.986188883243, 196.5373295896109]
67 1 [292.0924924993888, 153.6695648059249, 327.4315521682887, 198.6929846068341]
68 1 [292.8006601175293, 153.694538667798, 328.9656957504482, 196.1200617110656]
69 1 [292.7949877204374, 152.337622561492, 328.3799070030364, 194.4401690420728]
70 1 [295.7719875201583, 154.4142941168975, 330.1285523050472, 199.2410169128424]
71 1 [296.8021148284897, 153.0490172356367, 332.7084110045623, 195.211458577948]
72 1 [297.849046818912, 155.0025506846141, 332.4285823346195, 200.3398897604476]
73 1 [300.3616984030232, 154.490666732192, 335.6701608596477, 195.7229179294785]
74 1 [302.274344808422, 156.4696188904345, 338.1645822785043, 199.6720502055102]
75 1 [305.1735450029373, 159.474946648581, 340.1778051964686, 205.6852847547173]
76 1 [311.1986381495372, 159.1500828303397, 346.750913020176, 205.1002264156329]
77 1 [311.580473783426, 167.7807801663876, 348.4385952968653, 207.5839899770276]
78 1 [314.31901998166, 173.0782536305487, 349.6272921787478, 218.7314679082062]
79 1 [314.0721622323617, 177.3789120726287, 350.936925393584, 220.2191783748374]
80 1 [316.4977475469932, 184.736736536026, 352.3298968279353, 225.3342375191612]
81 1 [316.9655354069546, 189.8851078031585, 355.3230721423723, 230.9435825370333]
82 1 [318.2243757164106, 192.6565278582275, 354.6684083715273, 235.9900173425617]
83 1 [318.0142984474078, 193.5343942306936, 352.7741564188567, 240.8913563346465]
84 1 [312.4758530436084, 198.8207320279907, 347.2118217714155, 243.9307675902197]
85 1 [308.360995778814, 202.0065901968628, 347.988733296469, 242.8411977576481]
86 1 [304.9180937400088, 204.7997722150758, 341.3435547116484, 249.239921109562]
87 1 [299.4169088201597, 200.6582066863775, 335.358500754995, 241.8370054835098]
88 1 [296.1357271140441, 199.0238640904427, 331.7519461125279, 240.213773690088]
89 1 [294.9042832739651, 192.2441484935116, 327.3314418960964, 237.1818609669853]
90 1 [286.7228630678728, 184.6348198158667, 326.0209289425119, 223.6064933817751]
91 1 [284.0712874783203, 168.1331699648872, 322.9380104352194, 211.6069761609458]
92 1 [288.3906566239893, 162.9739405568689, 330.6982947809411, 205.5534996000346]
93 1 [286.8240754939616, 154.4274516757578, 329.2275736770711, 197.2111559560543]
94 1 [280.9984033023939, 151.6200267458335, 316.384021583502, 194.3660131162377]
95 1 [285.3596298610792, 146.0787815814838, 322.4430364939526, 187.4043076541578]
96 1 [283.4337649848312, 151.8021314572543, 321.1317491900088, 191.4789181772457]
97 1 [285.5054167313501, 140.4764121240005, 323.3694538844666, 182.7817075237852]
98 1 [282.6056879414246, 137.7033121446148, 321.5574260614225, 179.9603388223554]
99 1 [284.9053877806291, 132.8874895935878, 321.8881478493177, 175.2167643659367]
100 1 [293.1962095508352, 134.376872212626, 326.320110593232, 181.6691447367222]
101 1 [292.0599720841274, 142.5282302340493, 329.1554470197481, 185.0884009876675]
102 1 [292.0838169734925, 150.3238612953574, 330.35767615736, 191.7076647486805]
103 1 [298.5003869356588, 160.0274942703545, 332.8428998773123, 207.8685489388841]
104 1 [297.2466586744413, 162.6801710044965, 335.3628273112755, 204.2060054208521]
105 1 [299.9717889940366, 166.6895188605413, 338.334685955124, 208.5564272765095]
106 1 [300.4230484999716, 171.1971073951572, 342.2916452632786, 214.1937210750917]
107 1 [301.4296508049592, 183.05271267239, 335.0915611853917, 229.9103311044287]
108 1 [296.4543499266729, 187.8327926928178, 329.1970694221591, 234.6226537585346]
109 1 [288.2817487074062, 189.6823083916679, 326.9296407770255, 233.0128288588175]
110 1 [280.8658687425777, 194.5416149804369, 321.4572098001535, 237.0036143568801]
111 1 [275.2201856328175, 181.5236305054277, 314.0226298135177, 224.8353216520844]
112 1 [273.1061536939815, 170.847770858556, 306.0684632381299, 218.2235233153134]
113 1 [264.651230734773, 170.2617853535339, 302.658440890197, 213.1622385366608]
114 1 [247.7273899810389, 168.3392930617556, 286.7678382539527, 212.0949514981833]
115 1 [245.650594134815, 162.7326757302508, 284.8019678926528, 206.8127345165114]
116 1 [243.2298808293417, 165.7163809454069, 282.0236111852474, 208.7564572283153]
117 1 [242.4806190030649, 164.8554240008816, 281.743521770173, 208.8075461216551]
118 1 [232.170253594406, 165.5046184016392, 271.9488063011902, 209.6980699087106]
119 1 [237.6956491107121, 168.9344091555104, 274.818187631761, 211.0014973491598]
120 1 [235.4679820435122, 171.8282533278689, 274.5003098833453, 215.5320483120849]
121 1 [238.830083061941, 173.0509475087747, 276.8962365884219, 215.5981951416716]
122 1 [240.3104775892571, 174.8674587002024, 279.5552704483557, 218.3843176335335]
123 1 [243.0016358690336, 173.7519425461069, 281.1830725568691, 218.1058689676377]
124 1 [242.1656581135467, 165.4190179081634, 278.1003350854501, 216.8560964042258]
125 1 [244.341467035003, 157.2874831622466, 284.3538967586396, 200.7556091761915]
126 1 [243.1642455728725, 163.0565156536177, 282.0629012836273, 207.9642583337827]
127 1 [246.4713876134483, 156.2825399106368, 287.638266674675, 201.9588963271021]
128 1 [253.4008652156917, 150.4500211244449, 294.290193064512, 195.7353420846256]
129 1 [221.0389879280701, 157.4295921698213, 257.342671864425, 205.0237679270192]
130 1 [216.9007382662967, 149.8685277048498, 255.057228231082, 193.4895838741108]
131 1 [216.6087042661384, 149.9792001144961, 254.5359467088579, 192.6235983064487]
132 1 [216.6789513202384, 150.959425506182, 254.3771326234829, 193.2489093703886]
