butterfly 1
2 1 [140.7139916419983, 336.9015265107155, 196.8792658964793, 437.0986160063744]
3 1 [132.7910877466202, 331.3993603587151, 188.6203983127089, 431.0927792207838]
4 1 [129.8742074966431, 333.8312213718891, 185.1434950926641, 434.6770132606984]
5 1 [127.923432558775, 332.8036825954914, 183.2524807260388, 434.6411883422488]
6 1 [139.8843192756176, 333.2692189738154, 195.7848620694159, 434.6120736404179]
7 1 [146.1031675040722, 330.3167815729976, 201.7251285743309, 432.7227021919246]
8 1 [158.9378177821636, 320.3630681559444, 214.9506651275005, 422.5893332871417]
9 1 [170.9578549563885, 315.4850577041507, 227.0571913523904, 416.7450643694281]
10 1 [167.6222857534885, 324.015709631145, 223.6959797684461, 425.547232341451]
11 1 [167.7564250379801, 326.3408711776137, 224.1670473721798, 428.3280734615561]
12 1 [164.2579694539309, 329.7013414129615, 221.0467430373309, 433.0486838146182]
