car 1
11 1 [1.940819501876831, 1.261603832244873, 1.940819501876831, 1.261603832244873]
12 1 [3.002331376075745, 2.558765530586243, 3.002331376075745, 2.558765530586243]
13 1 [4.088946580886841, 3.893322587013245, 4.088946580886841, 3.893322587013245]
14 1 [6.041397094726563, 4.292100667953491, 6.041397094726563, 4.292100667953491]
15 1 [7.527419567108154, 6.350972414016724, 7.527419567108154, 6.350972414016724]
16 1 [9.123338222503662, 8.26815664768219, 9.123338222503662, 8.26815664768219]
17 1 [9.812240839004517, 9.224286735057831, 9.812240839004517, 9.224286735057831]
18 1 [11.02550482749939, 10.65864688158035, 11.02550482749939, 10.65864688158035]
19 1 [12.12794613838196, 11.98929280042648, 12.12794613838196, 11.98929280042648]
20 1 [13.98209726810455, 14.60186189413071, 13.98209726810455, 14.60186189413071]
21 1 [16.01665771007538, 15.20190984010696, 16.01665771007538, 15.20190984010696]
