car4 0
2 1 [68.06387555599213, 51.36243677139282, 174.9204834560553, 138.5093614947796]
3 1 [68.17220663279295, 53.41877269744873, 174.741437246458, 140.3426528542994]
4 1 [68.05915265530348, 55.33780813217163, 174.7959538105964, 142.1352487096371]
5 1 [66.12784247845411, 54.97849893569946, 172.7547124847793, 141.7549977920046]
6 1 [66.60818590968847, 56.14254236221314, 173.4206685333609, 143.0226560085565]
7 1 [67.01897298544645, 57.10537934303284, 173.6060174088141, 143.970773839803]
8 1 [68.13718198984861, 60.25885248184204, 174.8629023119291, 147.2208389543061]
9 1 [67.28258507698774, 61.38615787029266, 173.9610719082542, 148.1020902709429]
10 1 [65.41093867272139, 61.94838839769363, 171.90681309017, 148.5470353184545]
11 1 [65.17641132324934, 61.75874274969101, 171.7144215839547, 148.1014085977884]
12 1 [66.66437416523695, 62.66223782300949, 173.6005755429455, 149.1041031881042]
13 1 [66.22902470082045, 64.63539892435074, 173.3217743508904, 151.0393098031009]
14 1 [68.04315035790205, 65.555100440979, 175.4107862222919, 152.0225681219991]
15 1 [68.68802129477263, 65.67396257072687, 176.1390030106423, 152.2560283472549]
16 1 [68.19103123992682, 63.79486117511988, 175.4608803574183, 150.2588224561876]
17 1 [67.63053246587515, 64.76411137729883, 175.1898239686137, 151.1965801751775]
18 1 [68.53974898904562, 63.9398605003953, 176.3547922982685, 150.3339417193292]
19 1 [68.94023298472166, 63.84098692238331, 176.6545570347051, 150.0498287319122]
20 1 [68.94407623098232, 63.90997149050236, 176.7977923911279, 150.0758582649255]
21 1 [70.26001529977657, 64.78034056723118, 178.1186388351802, 151.1807534647719]
22 1 [69.444075277308, 63.83661575615406, 177.1270348944532, 150.0885083058718]
23 1 [69.76071359799244, 61.29446645081043, 177.4097279636191, 147.6012099164381]
24 1 [68.85611405060627, 61.3289286904037, 176.6401251532922, 147.2832579537896]
25 1 [66.70934261963703, 62.0943352393806, 174.4654377021695, 148.2602637094058]
26 1 [65.62058963463642, 61.52828333899379, 173.279958141002, 147.7181300918019]
27 1 [65.62613264820539, 60.82078675553203, 173.3930772561059, 147.1790362075074]
28 1 [66.62478653690778, 58.6662836484611, 174.2710870458113, 145.0482019282347]
29 1 [66.76619892916642, 61.17007855698466, 174.174178097042, 147.5061383487018]
30 1 [66.35931151709519, 63.42550186440349, 173.778680220778, 150.0243474264654]
31 1 [67.7724898417946, 64.46147589012981, 174.9614261039949, 151.262523927169]
32 1 [68.86523764929734, 66.83060411736369, 176.1418270089341, 153.6309467116931]
33 1 [69.51741420826875, 68.30714766308665, 176.7700439807297, 155.1447873701644]
34 1 [69.77957909903489, 68.92526481673122, 176.9564719597466, 156.1394365224129]
35 1 [70.57741051516496, 70.58060644194484, 178.0805673702456, 158.1127702558477]
36 1 [69.99552702507936, 71.76489589735866, 177.3757265622618, 159.1723086100575]
37 1 [68.76930021843873, 71.75767982844263, 176.1502935455185, 159.1373970533638]
38 1 [69.88076829514466, 72.74522376898676, 177.6170628568234, 160.106294752403]
39 1 [69.34368866286241, 73.98875046614558, 177.0702555181073, 161.5388524672014]
40 1 [70.29330563149415, 75.58401871565729, 178.3158704646176, 163.1884505123318]
41 1 [71.36685251793824, 75.38591017667204, 179.4252813369971, 162.9901027699187]
42 1 [72.61661862931214, 76.82083668652922, 180.6456598753643, 164.7229874043864]
43 1 [75.52491998276673, 77.79588105622679, 183.5326160824837, 165.8006921428052]
44 1 [76.28685479960404, 80.27745439950377, 184.4821327083041, 168.2473232669168]
45 1 [77.62345927557908, 81.90914454404265, 186.0474438289372, 169.8040943847749]
46 1 [80.30215590796433, 81.86367140803486, 188.958410874248, 169.7726394950622]
47 1 [82.05097728571855, 82.23563538584858, 190.9387235050065, 170.0010809485641]
48 1 [82.57881885371171, 81.18500600848347, 191.4856221451959, 168.8090290133757]
49 1 [83.22717147669755, 79.99934135470539, 192.037070934374, 167.5344674325959]
50 1 [83.24950100644492, 81.63224075827748, 192.2222191700384, 169.0339155926861]
51 1 [84.59637524350546, 83.34920762572438, 193.3464821642148, 170.9433229771025]
52 1 [86.07889868482016, 85.59068439994007, 195.016890489807, 173.0995996946258]
53 1 [87.356721179327, 86.25632105860859, 196.1349615701162, 173.678392570912]
54 1 [87.93122561438941, 84.95067952666432, 196.8580518920774, 172.3676926330602]
55 1 [88.34661372168921, 86.56389294657856, 196.9993416390953, 173.8579034615835]
56 1 [87.93783955438994, 88.47002779040486, 196.6798505913185, 175.7835630450601]
57 1 [88.60999988182448, 86.71252702269703, 197.7615029417943, 174.1448616194042]
58 1 [91.67156122787856, 87.13473202381283, 200.5989264455306, 174.7464307789508]
59 1 [91.18233852251433, 88.94373966846615, 200.1039645828465, 176.7947619522349]
60 1 [91.86018680199049, 89.15706102643162, 200.858084637988, 176.8598636949228]
61 1 [92.14733494981192, 89.02181269321591, 200.8916032855546, 176.8430775290277]
62 1 [92.00676666363142, 90.26944805774838, 200.7713238389502, 178.0657727741612]
63 1 [91.80627420707606, 90.48568478319794, 200.5073154902138, 178.428210817281]
64 1 [92.58218214078806, 89.80676046106964, 200.9862635873784, 177.8974283167761]
65 1 [93.58476862474345, 91.44194427225739, 201.7691381095364, 179.3921372461851]
66 1 [94.74806210561656, 88.68334356043488, 202.9947728877917, 176.6015827072029]
67 1 [95.6637937144842, 86.30830016825348, 203.9384586250681, 174.1770864968044]
68 1 [93.8155875520315, 83.84912100527436, 202.4515112186443, 171.7152867285535]
69 1 [93.78779702610336, 81.65914121363312, 202.4264527381226, 169.4449663727241]
70 1 [92.32625585026108, 80.32853832934052, 200.7638284480914, 167.9296035392702]
71 1 [91.74461340135895, 78.07833519671112, 199.8378773212129, 165.5546495657336]
72 1 [90.7227382583078, 75.96155396196991, 198.6056737912546, 163.3585229857853]
73 1 [89.07317780680023, 75.60352391097695, 196.5734316805531, 163.0746056904082]
74 1 [89.67327820486389, 72.85373824927956, 197.0784765270648, 160.2398890236266]
75 1 [88.47488903230988, 71.95885461661965, 195.5919515187889, 159.1275228112663]
76 1 [86.73787116236053, 70.23240667674691, 194.1722576943712, 157.5151151459412]
77 1 [84.88804935640656, 68.61917013023049, 192.5724862410847, 155.903117084713]
78 1 [82.45709561533295, 68.27622333262116, 190.1680949074938, 155.6141190221773]
79 1 [82.51325948513113, 67.74061647150666, 190.1314092007029, 155.335907894878]
80 1 [82.28024250245653, 69.1547868559137, 190.1292985455052, 156.8366487619804]
81 1 [82.09102693176828, 70.20368781778961, 190.1273671102765, 157.7996770194138]
82 1 [82.16335788345896, 69.83105751965195, 190.2911930775, 157.2930613994967]
83 1 [81.91924817836843, 69.94667808804661, 190.4687677783379, 157.1214271921677]
84 1 [82.27390117920004, 71.37700097355992, 190.7316520991813, 158.3589040405144]
85 1 [81.92606954253279, 73.39331595692784, 190.3577031267947, 160.6194000274447]
86 1 [82.87093119299971, 74.79466597829014, 191.4969389526365, 161.8627718511519]
87 1 [81.65958146727644, 75.69611106906086, 190.0640127860839, 162.6257373271179]
88 1 [83.75560812628828, 75.3057853737846, 192.2159130136802, 161.9270463326087]
89 1 [83.27831755555235, 74.40214629564434, 191.7629728912232, 160.759159102674]
90 1 [82.0236223784741, 72.23291750345379, 190.469861369272, 158.6761903519843]
91 1 [81.85331246233545, 70.28283400926739, 190.1857112795739, 156.7654694917979]
92 1 [79.6649779973086, 71.31411250028759, 187.919418735573, 157.6350171926806]
93 1 [77.93977233744226, 73.84754665289074, 186.5990708252, 159.9453799282707]
94 1 [78.0691882816609, 71.35359914693981, 186.7026378968595, 157.5897327640348]
95 1 [76.925374671584, 68.65089495573193, 185.5544219588055, 154.684138813638]
96 1 [75.90151934302412, 67.424969390966, 184.2654215202115, 153.1964475476556]
97 1 [75.82461403287016, 69.19698567781597, 184.0748780737971, 155.0717986878688]
98 1 [77.07829903042875, 70.59732098970562, 185.5221237128721, 156.575312843394]
99 1 [77.40187410986982, 71.94371838960797, 186.0225691882569, 158.0156089558184]
100 1 [77.26313270605169, 72.9756719628349, 186.0066762175597, 159.045193870029]
101 1 [77.0134922710713, 74.59673459921032, 186.0039358445304, 160.5495086644154]
102 1 [78.76781587279402, 75.96445460710675, 187.9094904827456, 162.0683962592428]
103 1 [79.95078842318617, 75.15202583465725, 189.1486754273972, 161.0746373940068]
104 1 [79.82107475376688, 72.7666801372543, 189.014523222373, 158.606140631028]
105 1 [81.22987535572611, 72.25529493484646, 190.1717835712767, 158.5719216551671]
106 1 [80.78822201467119, 71.73198731336743, 190.1254800026032, 158.1140490480294]
107 1 [81.37261348939501, 72.9606618443504, 190.7486704869738, 159.1488388765783]
108 1 [81.61946263886057, 71.95728118810803, 191.0390214684007, 158.128188140587]
109 1 [82.47813925123774, 71.81799131724984, 191.7879305517522, 158.0317165105448]
110 1 [82.92662870860659, 72.27264350745827, 192.2230991968003, 158.5275878323586]
111 1 [82.71762752509676, 73.73878210876137, 192.3092204168874, 160.0514680465597]
112 1 [82.71004479960538, 75.25212127063423, 192.1293708570318, 161.569402459816]
113 1 [83.00034016207792, 75.88773858640343, 192.8679638466648, 162.1555588232401]
114 1 [83.52154105738737, 75.96145521942526, 193.6388885769964, 162.0036339258503]
115 1 [83.83190312818624, 75.93869505170733, 194.0301946020709, 161.9940254559742]
116 1 [84.71150311664678, 76.93075005058199, 194.9755293481051, 163.1328022630083]
117 1 [84.95531174377538, 76.93639608239755, 195.1833801104217, 163.1129876083904]
118 1 [85.8897626681719, 77.23531903838739, 196.3444600785315, 163.3583311925639]
119 1 [84.69574358896352, 76.15106131648645, 195.0837348338629, 162.3840904762553]
120 1 [84.72746986732818, 77.74327077483758, 195.334221694879, 164.0091343105503]
121 1 [86.49921328411438, 77.90528210019693, 196.9368684622519, 164.0914823021835]
122 1 [87.00167674408294, 77.90540833203704, 197.3977563205453, 164.204575173609]
123 1 [87.91268456564285, 80.64277929990203, 198.624803314779, 167.1036714002205]
124 1 [87.59066743240692, 82.58091134755523, 198.583575388489, 169.2654081465479]
125 1 [88.09022817597725, 84.12477988927276, 199.2559309615704, 171.0347493568287]
126 1 [89.15499231801368, 82.41125113694579, 200.1024009283507, 169.3192756465605]
127 1 [89.15637457289267, 82.8480482789746, 200.2365364708534, 169.8211508805388]
128 1 [90.03345036425162, 83.23052514521987, 201.1189945045475, 169.8768070074335]
129 1 [90.68827748217154, 85.64589441745193, 201.9202255893796, 172.2402926811718]
130 1 [91.31270790018607, 82.37818110911758, 202.3062755593706, 168.9354033851392]
131 1 [89.68872511305381, 80.07308519809158, 200.639967947551, 166.6296809787819]
132 1 [89.48181414522696, 79.64746049969108, 200.3434580111424, 166.1297457056512]
133 1 [89.70174193300773, 77.66561142532737, 200.4740231054258, 164.0769687368178]
134 1 [89.62125707336236, 75.8324561509362, 200.1750302499397, 162.4462622567946]
135 1 [91.05687392421532, 74.6028052958718, 201.6568390590275, 161.0531294011178]
136 1 [91.23582700558472, 72.55737725822837, 201.9760423897973, 159.0152810893211]
137 1 [92.50653878517915, 74.52932445137412, 203.1584049627985, 161.0718796858188]
138 1 [91.57576099701691, 75.47101698248298, 202.0524585954926, 162.1323370491291]
139 1 [89.13619915314484, 77.52783093778999, 199.7013660219509, 164.0266209973279]
140 1 [88.89535834558774, 79.83468351690681, 199.6414876002274, 166.3847217998912]
141 1 [90.62493207224179, 80.70371023743064, 201.3815839508632, 167.349205521334]
142 1 [90.54139435954858, 81.82032922832877, 201.3323949945299, 168.4315831998394]
143 1 [90.22293696471024, 80.75560013382346, 201.0060493208115, 167.4194239868324]
144 1 [91.13253519602586, 80.6381464767328, 202.1855423429631, 167.5412367842572]
145 1 [92.39206979342271, 80.17456765650422, 203.203397676812, 167.1749988166153]
146 1 [93.08362231322099, 80.73799736975343, 204.0863148296389, 167.6224763611099]
147 1 [93.99926052161027, 83.19455130575807, 205.0058755813701, 170.0785522069252]
148 1 [94.28618047304917, 80.95873983381898, 205.2313619555628, 167.9652997249767]
149 1 [94.648019141634, 82.38184113978059, 205.4545041251078, 169.4567563746875]
150 1 [93.40009922452737, 81.14598496435792, 204.1317429709137, 168.4348417450714]
151 1 [93.96269149251748, 79.87948687552125, 204.5232697241387, 167.2117061454731]
152 1 [94.97374159761239, 80.92527850149781, 205.5464663743893, 168.0161116302962]
153 1 [95.73065061040688, 80.05089606522233, 206.3654700559008, 167.2946213769564]
154 1 [92.7897164291935, 78.90846635578782, 203.7624454462699, 166.4804784497817]
155 1 [92.48949948616792, 80.61503853081376, 203.7977666148571, 168.1201522349705]
156 1 [93.07767740555573, 82.87752880333574, 204.4522823215111, 170.4127435722008]
157 1 [91.98677090473939, 81.9344008731714, 203.3204121140672, 169.5630376846474]
158 1 [91.85688949294854, 84.60864408491761, 203.3175852139295, 172.1476708569503]
159 1 [91.29054725833703, 83.92435391424806, 202.6169246158739, 171.3531173435526]
160 1 [90.2224870986538, 85.75666125296266, 201.5641874452444, 173.2291844201848]
161 1 [90.04644947417546, 86.96935565947206, 201.4206648270973, 174.6516501341589]
162 1 [90.59428762563039, 86.70858912347467, 201.6628344041666, 174.2694511417557]
163 1 [89.97571646340657, 86.85988167105825, 201.0504908376994, 174.5755991977462]
164 1 [89.22137110598851, 85.96437475262792, 200.1229231780652, 173.5382473371187]
165 1 [89.27862618409563, 84.65389785348089, 200.472669440167, 172.3027368905894]
166 1 [89.24218238063622, 85.28395918189199, 200.1050888872161, 173.2646064239534]
167 1 [89.17694830067921, 85.70398718296201, 200.1329648484275, 173.70680783533]
168 1 [89.16627118003089, 86.95206886707456, 200.0377693032105, 175.0862048628383]
169 1 [88.90465471160132, 86.58438924132497, 199.7808661303465, 174.7736031709871]
170 1 [88.12714192282874, 86.79198800204904, 198.7475076243051, 175.3187499279316]
171 1 [86.4757843912812, 87.69335882543237, 196.8584953047426, 176.0695565574424]
172 1 [86.45044319343288, 86.73348944066674, 196.7759126433896, 175.2021949092888]
173 1 [85.40681688499171, 87.60081522344262, 195.5257624156278, 176.116295366951]
174 1 [86.40288715076167, 88.66231028913171, 196.6441731541339, 177.3808181590319]
175 1 [85.24874298286159, 86.34761731504113, 195.3354320455914, 175.291446687993]
176 1 [84.49486802530009, 86.93076412557275, 194.7873856406809, 176.3671490042937]
177 1 [83.55697993945796, 87.8390123116842, 193.8379042087389, 177.2019661833033]
178 1 [83.05568443250377, 85.95813732026727, 193.2783549958428, 175.4596898202059]
179 1 [82.24745331716258, 83.89562468408258, 192.4625590277591, 173.4854792042555]
180 1 [83.15000151109416, 82.63776080487878, 193.3039419430656, 172.5564706674921]
181 1 [83.17216163885314, 81.92189882873208, 193.316071631906, 172.0475385977314]
182 1 [83.79197102796752, 82.94580649017007, 194.3313278215891, 173.0419085680593]
183 1 [81.43099027883727, 81.55174671291024, 191.9645789677124, 171.6187209748238]
184 1 [81.88545733701903, 80.9810724723211, 192.3500138998619, 171.0402215664537]
185 1 [81.3379290701123, 82.07700888990075, 191.7173513862734, 172.0878865186846]
186 1 [79.7793535591336, 80.16021423219354, 189.8613642797748, 170.0979786989757]
187 1 [77.84081238519866, 78.42477135537774, 187.7756555597359, 168.5204856852145]
188 1 [77.69999726128299, 75.57930879472406, 187.8485135952385, 165.5555776793453]
189 1 [76.66177447151858, 73.93213300584466, 186.8036231525592, 163.9821365927165]
190 1 [74.49782736611087, 71.91982965348871, 184.7897904886967, 162.123719703536]
191 1 [72.38776095223147, 73.31016592858941, 182.6258851000689, 163.6152161676473]
192 1 [70.87371523689944, 74.63605837701471, 181.2915715809538, 165.1997374717305]
193 1 [69.81726796936709, 75.19878964303643, 180.2090992155814, 165.4402829753528]
194 1 [67.98914463829715, 76.14930384038598, 178.1969032589922, 166.6886847006937]
195 1 [68.09893430036027, 73.62098066686303, 178.2470554131439, 163.9048342475579]
196 1 [66.82635463040788, 72.78437529681833, 176.8518821738782, 162.9271983036882]
197 1 [64.49298871320207, 71.63658450721414, 174.4036182159207, 161.8591754438463]
198 1 [61.77875006955583, 71.26518590925844, 171.7425513075206, 161.3073610369354]
199 1 [62.01184199017007, 72.55291231154115, 171.941272934006, 162.6001716685045]
200 1 [61.13802561920602, 71.1664280462137, 170.9543742570016, 161.2967831308054]
201 1 [61.8749837653013, 73.05473955153138, 171.9323801014033, 163.4052450118316]
202 1 [59.05925796192605, 74.32890911577852, 168.9803138737133, 164.8802137857032]
203 1 [59.09830439847428, 75.65476460932405, 168.8393414284357, 166.403021795257]
204 1 [57.62902475160081, 77.69218559740693, 167.3003892048592, 168.3849724646026]
205 1 [56.01742995542008, 78.52642120598466, 165.5367058090303, 169.1049889872604]
206 1 [57.25838900369126, 80.94634927986772, 166.8291726125347, 171.7781686218476]
207 1 [56.62427104276139, 84.11506141899736, 166.0066309019537, 175.0425051996202]
208 1 [54.73524106305558, 84.7662878203264, 163.9252258615242, 175.6864189204468]
209 1 [53.33600879472215, 85.13751708148629, 162.5208389209347, 176.3098356396766]
210 1 [51.36921883386094, 86.25846599219949, 160.8284755566911, 177.5588515058943]
