CarDark 0
2 1 [72.46569740772247, 124.1523357331753, 101.3277518920104, 147.2350419298808]
3 1 [72.98797703534365, 125.3915285915136, 101.6638382551815, 148.4285658124906]
4 1 [69.74394775182009, 125.6578257344663, 98.43509651251461, 148.8890914914572]
5 1 [72.95393801480532, 123.7925319038332, 101.4185724139474, 147.0202627639332]
6 1 [74.89120445400477, 126.0323524139822, 103.43874503328, 148.8453166853517]
7 1 [73.6861449405551, 126.0902346335352, 102.4211610459676, 148.6905402514299]
8 1 [72.46257118135691, 125.4238231144846, 101.2825208742364, 147.8408252137601]
9 1 [75.06728342920542, 124.6939490400255, 103.9149354732428, 147.0932653406692]
10 1 [75.98155847936869, 122.2396327219904, 105.1103179222977, 144.8123236668991]
11 1 [76.50996512919664, 122.4504672400653, 105.4704775745498, 144.9736868349187]
12 1 [75.84919824451208, 125.045512508601, 104.9211918700302, 147.7804642887147]
13 1 [77.82433941215277, 123.6808880083263, 107.0180121152745, 146.5447179186572]
14 1 [75.82019209116697, 123.6779395630001, 104.845328703192, 146.4411902679258]
15 1 [81.26108705252409, 124.6831639250158, 110.2350147928145, 147.3762313584881]
16 1 [80.97312306240201, 124.2563147609471, 110.0774214139881, 146.8624595997445]
17 1 [78.5706630833447, 121.6878370707273, 107.8625857817799, 144.1601389241997]
18 1 [76.91109364107251, 123.6797262494802, 106.3176034737113, 146.1728710430317]
19 1 [79.00012065842748, 124.5397648726939, 108.3580405735999, 147.0650933261844]
20 1 [80.2202710993588, 121.8431914364337, 109.5099828888068, 144.3433157006405]
21 1 [83.89268432930112, 122.9018392180442, 113.3586991404191, 145.3658992863723]
22 1 [79.7086442001164, 122.8062492841273, 109.4140184181764, 145.2144525531247]
23 1 [81.88981672003865, 121.9969125324278, 111.6970798920523, 144.623507806043]
24 1 [81.98408385924995, 125.5760751896887, 111.4521232697248, 148.3276677490165]
25 1 [84.55241581611335, 125.4928073239862, 114.1355358563738, 148.2043726124987]
26 1 [95.68172117881477, 125.9983209845959, 125.3589945182471, 148.6060031122916]
27 1 [100.1899241488427, 124.9055457440554, 129.9216423812456, 147.4636108222689]
28 1 [100.406426044181, 125.8085433719098, 130.2404792957291, 148.3870358011476]
29 1 [87.2457037884742, 125.529160289967, 117.0537249008682, 148.0578288755378]
30 1 [83.66824463196099, 126.7844314267277, 113.7446737497856, 149.4624821270044]
31 1 [79.85354021377862, 122.9818148305058, 110.2550008552345, 145.7231417853801]
32 1 [86.20172813721001, 125.7852704217075, 116.9917600230426, 148.651726172561]
33 1 [84.97248560376465, 123.9209861447453, 115.722384969832, 146.8168949093523]
34 1 [83.03438931889832, 120.5137536813854, 113.7814025385766, 143.347941345865]
35 1 [85.92822015471757, 128.9530573179363, 116.7368986963489, 151.7709504931746]
36 1 [99.58435595221818, 121.1138359596371, 130.3427271728381, 143.9556980095834]
37 1 [102.8114789742976, 121.4458000054001, 133.7293187860962, 144.1488090027828]
38 1 [102.5874184649438, 122.1638855477213, 133.7184499322101, 144.9430018225037]
39 1 [89.2024265807122, 119.5328524847864, 120.3630326388346, 142.267657732637]
40 1 [87.49907082132995, 124.713287069404, 118.6189923444552, 147.4054682794229]
41 1 [77.33840769343078, 122.2703740139841, 108.7730420174271, 144.907937613034]
42 1 [74.19611370377243, 125.3124103089212, 105.5689032685588, 147.962770696389]
43 1 [69.10056924633682, 118.5818067332148, 100.2269897356302, 141.5008331991222]
44 1 [71.76637416891754, 122.0844903727411, 102.9172215862191, 145.14797355116]
45 1 [69.35388183407486, 120.8869135518908, 100.5347573291647, 143.9179581785421]
46 1 [72.90191179327667, 120.0454112281441, 104.1407751643013, 143.0393674548697]
47 1 [72.75080568343401, 118.9573890854954, 104.0351241405054, 142.0239390673112]
48 1 [69.56419087201357, 120.6081988801598, 100.6253798197147, 143.7217206686987]
49 1 [73.31019378453493, 118.4211612631916, 104.1635350723696, 141.728262198644]
50 1 [75.82270152121782, 125.8570308377384, 106.5557640554492, 149.0939048364515]
51 1 [72.62828356772661, 118.1459427764057, 103.461866066147, 141.3532130043627]
52 1 [69.83401394635439, 125.3892416646122, 101.1203513306908, 148.7818128668678]
53 1 [77.84660375863314, 127.6101038744091, 109.3851021082642, 151.2291190919705]
54 1 [74.65109414607287, 123.3739201118588, 106.1116713070492, 146.9955680659389]
55 1 [78.24988550692797, 130.21588960191, 110.0486325591031, 153.9660468745091]
56 1 [79.64625499397516, 129.0783082832932, 111.5920467809955, 152.8484463506445]
57 1 [77.99214444309473, 121.8330585350632, 109.8714771382158, 145.1964238460111]
58 1 [76.39587721973658, 122.6335116614937, 108.0293565197192, 146.1539863144489]
59 1 [76.01387399435043, 120.4926187684177, 107.5522653331737, 143.8985883871107]
60 1 [76.73131990432739, 120.1444187899469, 108.5435131647807, 143.6568878219176]
61 1 [79.01221114397049, 119.9347251979052, 110.9925547389126, 143.4812322003806]
62 1 [79.8387495726347, 118.1483584967791, 111.4989773981688, 141.6954374985378]
63 1 [79.11403487622738, 117.8286031586467, 110.4124972191421, 141.6417345565436]
64 1 [80.20227263867855, 119.4634254974662, 111.4662644981489, 143.3874959308787]
65 1 [83.52824132144451, 124.1583644551574, 114.0595716757728, 147.809176135089]
66 1 [81.40504385530949, 120.9995459718048, 112.2456838624935, 144.8168323364468]
67 1 [90.18139924108982, 127.4247472686111, 121.2091004964582, 151.3744236163915]
68 1 [93.53391464054585, 128.6541294259368, 124.9957631244464, 152.6571232071015]
69 1 [94.85837529599667, 124.8932649893104, 126.7181906425127, 148.9333521082154]
70 1 [89.9541173428297, 119.1546311182319, 121.4395935976054, 143.0903807495419]
71 1 [90.85883411765099, 118.6203367215931, 122.4378901010779, 142.7126048798989]
72 1 [93.59482857584953, 117.1826357347309, 125.492579770102, 141.0785806139825]
73 1 [89.97220429778099, 114.1213057143032, 121.6487667047146, 138.0660382293437]
74 1 [89.04176424443722, 115.7327838939964, 120.6753207032895, 139.8857283419534]
75 1 [99.77292965352535, 122.1354623836814, 131.0984350628474, 146.2560585393648]
76 1 [97.74151380360127, 125.1784934801399, 129.0065760619706, 149.287005306118]
77 1 [97.14005719125271, 123.350038747245, 128.2765973540366, 147.457758036937]
78 1 [98.92892713844776, 130.255750636512, 130.1145969443405, 154.4004797634846]
79 1 [100.4691828340292, 126.8227743310272, 131.8784933511661, 150.8640700001009]
