cardark 0
2 1 [73.1306968331337, 124.2151719331741, 102.1472755853832, 147.1104039247831]
3 1 [72.37222340703011, 125.2701497077942, 101.2418997854479, 148.6197957213173]
4 1 [72.77558886259794, 125.4921336378902, 100.9530892744259, 148.8776108692968]
5 1 [73.91469438374043, 125.7298205047846, 103.3148773574102, 149.1107208762334]
6 1 [72.58317311108112, 125.3152927011251, 101.5850994006963, 148.1624921958752]
7 1 [72.24237317033112, 125.4586188495159, 101.1239098990322, 148.4771767223623]
8 1 [75.59377980232239, 125.9963135607541, 104.0669542369735, 149.3700386393368]
9 1 [74.74198047816753, 125.5524133890867, 103.1361984614475, 149.4222751394871]
10 1 [74.32298836112022, 125.5655290558934, 103.4980874035898, 148.6723873047723]
11 1 [75.6738860886544, 125.0556899607182, 103.9107033464444, 148.406429558515]
12 1 [76.92532348725945, 125.9224129654467, 106.1217949618945, 148.73320655169]
13 1 [78.20339547283948, 125.5206543183886, 107.5281827470435, 149.1186459975044]
14 1 [78.19734182953835, 124.8769117705524, 107.0038441912272, 148.4782975831859]
15 1 [79.97281168401241, 124.1909952275455, 108.7041088550398, 147.7698959354853]
16 1 [82.6805023655761, 121.2266751937568, 112.326417730086, 145.1419133304967]
17 1 [81.93170784786344, 122.9376032948494, 111.757716588824, 146.5251713280474]
18 1 [80.53606727905572, 123.6101646721363, 110.56253920507, 147.3526364884416]
19 1 [81.82451529358514, 122.9519986920059, 112.1452163220219, 147.0562245703252]
20 1 [81.19153020833619, 123.1735340878367, 111.4317724902703, 147.6107611315176]
21 1 [81.91926820133813, 122.4735335819423, 111.7709180027964, 146.1133292139494]
22 1 [80.54035882279277, 122.9055369459093, 108.942505873667, 147.2593700032914]
23 1 [80.74444985762239, 123.8913109432906, 112.2460795464488, 147.0904914583291]
24 1 [78.99390163645148, 123.9846126222983, 108.2135035133133, 148.2261361075997]
25 1 [82.86423239670694, 123.8076134584844, 112.6204729685881, 148.0066584324403]
26 1 [100.4936665929854, 123.7187561579049, 128.3626377068125, 147.77932504113]
27 1 [81.14548860862851, 124.3822886329144, 112.1945501170348, 148.712197882036]
28 1 [87.41658236645162, 123.537782561034, 117.1701858166223, 147.8523929048556]
29 1 [87.49353913520463, 124.0482783131301, 117.3255924715691, 149.0123245857137]
30 1 [84.5700251350645, 131.9359871931374, 114.9687243296427, 155.1312819750155]
31 1 [84.98310667276382, 123.2656998001039, 112.0103371922973, 147.6869985854125]
32 1 [88.61854767356999, 125.8265961520374, 119.2793403927608, 149.5847419915165]
33 1 [86.61977563798428, 124.7181058605202, 116.8883436797828, 148.2252867469716]
34 1 [84.4421116290614, 123.9555865165312, 114.702000110217, 148.0100432271913]
35 1 [85.86825428809971, 124.6620581112802, 116.6040037766229, 149.0935613125234]
36 1 [86.2050676047802, 125.9656206239015, 115.4820415788263, 151.1584680926405]
37 1 [83.99614652898163, 125.8258852176368, 115.1036427730741, 149.7419778469462]
38 1 [88.24840704724193, 123.1123385205865, 117.4286237243628, 148.2534802971877]
39 1 [86.21608281321824, 123.9723750390112, 116.2997550434608, 148.0260576743085]
40 1 [76.09199718385935, 123.5547985881567, 104.9983114596982, 147.5759807905967]
41 1 [76.83450968749821, 123.3025507535785, 106.7246792448601, 147.7161479097703]
42 1 [75.58046063687652, 125.6625471822918, 105.63321950037, 150.1975988711824]
43 1 [75.11838058289141, 125.0093758665025, 105.0248024839152, 150.0710350120943]
44 1 [75.77628103364259, 125.4698782600462, 104.8610805217222, 149.6839068949061]
45 1 [74.03917386010289, 126.538786299061, 104.4554612360041, 150.3086497774367]
46 1 [76.44064910057932, 126.8921636033338, 105.6286531253868, 152.1023136366069]
47 1 [75.21396910585463, 126.6042784042656, 105.0791597717236, 151.2212942867905]
48 1 [71.30020354688168, 123.4153171442449, 100.3897068552499, 149.4630015101511]
49 1 [87.4566903039813, 129.4673739187419, 116.1842330159113, 155.1236913452419]
50 1 [76.39654022455216, 127.821467583999, 105.0021247313478, 153.2678407279524]
51 1 [79.79653462115675, 127.5323534198105, 106.783151825122, 152.1201316138895]
52 1 [70.06725762784481, 124.9983315169811, 100.0032877492024, 150.1018391055243]
53 1 [78.87834374140948, 128.1888916762546, 108.5583584087866, 153.178638446691]
54 1 [75.61231150105596, 124.7291207127273, 105.3175770840078, 149.3437570274247]
55 1 [73.56732407049276, 129.111855532974, 104.4646650002856, 154.1999184659232]
56 1 [78.52369278017432, 128.338476237841, 109.0695054552725, 153.3793546740611]
57 1 [76.89490754902363, 129.8855570890009, 108.8585367390781, 154.7885581558371]
58 1 [74.57822043262422, 124.1567648388445, 106.0365787872906, 148.886301713155]
59 1 [80.94116322044283, 125.5554829211906, 111.8537042040321, 149.9058785991612]
60 1 [80.27437245054171, 123.9721742086113, 109.4524632703151, 148.2608390394482]
61 1 [81.17508538812399, 124.4299643440172, 109.6557426136873, 149.869355141472]
62 1 [79.23174548707902, 123.1973862554878, 108.677355490182, 149.2096472639373]
63 1 [83.09658524859697, 124.2440930195153, 111.1414088751265, 149.0994039718374]
64 1 [79.71448357030749, 123.1653197226115, 110.3519259242887, 147.4172375245959]
65 1 [84.03749447595328, 124.8236129176803, 113.8676249135783, 148.6431172844773]
66 1 [81.5095553714782, 123.3210922032595, 112.6146350713845, 147.9862473553263]
67 1 [87.54095089435577, 123.832366685383, 116.1358093032878, 150.1711066052379]
68 1 [92.50867859274149, 125.5083653982729, 124.1278839558555, 150.6202172765372]
69 1 [87.43286353349686, 123.437721952796, 114.4798558458845, 149.0411573640028]
70 1 [91.20418672263622, 125.9440511744469, 122.9469387993501, 150.9167283637175]
71 1 [94.00509268790484, 126.1182655394077, 127.3366323287159, 151.4336195773935]
72 1 [111.8353089764714, 126.4924608496949, 140.7103115545463, 151.4575052279871]
73 1 [95.94824404269457, 126.5095453616232, 127.7768339527593, 151.665914923778]
74 1 [97.49739141017199, 127.321834275499, 129.2484443111092, 151.5849939708486]
75 1 [100.7394436076284, 125.7694077584893, 132.5426247534252, 150.2081732761412]
76 1 [100.7850949773565, 124.0520757529885, 132.0465184946317, 149.3195098938025]
77 1 [96.56375401467085, 125.076252175495, 128.6474978919038, 149.6618756428338]
78 1 [114.2805491602048, 126.6709133749828, 144.6507213593668, 151.741799789401]
79 1 [99.01325278845616, 125.2398462849669, 130.3896169909262, 150.4678608003975]
80 1 [97.94299193937331, 125.7979632657953, 127.7224276982227, 149.6180550319727]
81 1 [114.6532223168761, 126.6242011450231, 146.8077282199843, 150.9573470559008]
82 1 [108.4938100194559, 125.1724279229529, 137.9443043222694, 148.2430790622976]
83 1 [99.08967905491591, 126.2147005368024, 130.7989651587279, 150.999731307051]
84 1 [96.42453312221915, 125.1139844814315, 128.9159120574129, 150.1639779425658]
85 1 [96.83293409459293, 125.6810122635216, 126.9541533611137, 150.6980447307413]
86 1 [98.93268861621618, 124.2401170451194, 130.5993611058976, 149.966632466038]
87 1 [97.39847709238529, 132.0552671980113, 130.6522622572601, 158.7798063442214]
88 1 [97.58544901199639, 125.0598709401675, 129.5003150219528, 150.5101664863217]
89 1 [97.87811209261417, 125.3896273951978, 131.2197554784695, 150.7430383765891]
90 1 [98.39981060754508, 125.415858917404, 130.3336930568631, 149.3292294435958]
91 1 [97.2599335659761, 123.9130702870898, 129.2334531115041, 148.0992226275668]
92 1 [98.11265424755402, 125.126682955306, 130.2392722633845, 149.8467461282658]
93 1 [98.58389467513189, 125.433622666169, 131.2891701379039, 150.7645515202613]
94 1 [99.52369314563111, 123.8339954148978, 132.5618714106117, 150.4835702757156]
95 1 [110.4197345236316, 125.5719276983291, 140.1741423983755, 151.2703651867729]
96 1 [100.1196540407836, 125.7836173777469, 132.3079039482031, 150.6561201445703]
97 1 [112.9075492061675, 125.6112355692312, 141.8866402720697, 151.1622493533449]
98 1 [112.5089215934277, 125.5712918471545, 142.1733273221601, 151.3454397174693]
99 1 [89.40220747422427, 123.0482603842393, 120.5010451372291, 147.2562557842872]
100 1 [109.8005087003112, 126.2335958983749, 138.5344232988597, 151.5518370994074]
101 1 [100.4776148060337, 125.0216486724094, 132.0950765964877, 150.237273624285]
102 1 [112.1787776127458, 125.0338780041784, 141.2307228242063, 150.9557806695194]
103 1 [110.3975668624044, 126.3251097034663, 140.5174355026072, 150.9988495310887]
104 1 [111.8410961404443, 124.9768250342459, 140.7397041088579, 150.7947666985204]
105 1 [98.81821894948371, 125.219948575832, 130.2719832972748, 149.7591326389158]
106 1 [100.6829769983888, 126.0513343242928, 132.7217865627509, 150.6358713256088]
107 1 [107.5838034822955, 124.0521849924699, 137.9155123629149, 149.6691914008883]
108 1 [99.32576497364789, 124.3321236805059, 131.7672558490906, 150.4689927165884]
109 1 [118.9929622960626, 128.2693436148111, 149.2398173528454, 155.14970828901]
110 1 [110.5015876963735, 125.208608834073, 140.2236600610402, 150.8736545577096]
111 1 [100.9888572134078, 122.851789360866, 134.3137422469685, 149.2884662747532]
112 1 [98.37942348141223, 127.6098286849447, 130.5113717086684, 154.5226058799419]
113 1 [99.02977876644582, 124.080415845383, 131.210390372412, 149.8312124699153]
114 1 [98.85312001034617, 125.9043111233041, 133.6650783293489, 151.7522834200173]
115 1 [103.0062196711078, 124.3326330278069, 135.2521762858637, 148.7052317701258]
116 1 [98.68573399627348, 124.361856370233, 130.7220635972028, 149.9706029436683]
117 1 [101.8370912531391, 124.5234730932862, 134.1100269395368, 148.5063214769558]
118 1 [100.4108770079911, 123.6344108637422, 133.1027742923707, 150.2013650253772]
119 1 [99.67261331900954, 125.3795809205622, 132.0270865640872, 151.8032670283915]
120 1 [97.17183134332299, 123.6928819026798, 129.9545012960521, 149.7130866180689]
121 1 [98.24794693198055, 123.276392032858, 130.2365760193901, 150.2884380307439]
122 1 [101.2728673992679, 123.3799666457344, 134.0912386931484, 149.7758182804008]
123 1 [103.7314874008298, 123.177581494092, 133.3749761453169, 149.1259436039943]
124 1 [100.2728068437427, 122.2031103720656, 130.0243392980947, 148.9002058228606]
125 1 [104.9992018686608, 123.1633365480229, 135.6044581888039, 148.4268752797873]
126 1 [102.3496279063984, 122.4182687094435, 133.6795522833158, 147.752122640465]
127 1 [103.1605661883368, 124.6411656960845, 135.8567233851114, 150.3007989363586]
128 1 [101.3185541080311, 122.698927926831, 131.3223275572424, 147.8950046599257]
129 1 [103.0070021040156, 123.936887094751, 134.9514984779918, 149.3495110657053]
130 1 [102.170995403023, 121.9443020923063, 133.2135218970549, 146.926425638354]
131 1 [103.6385778281256, 122.0661481050775, 134.5153257368334, 147.8725807786137]
132 1 [102.4434348037466, 122.8111722855829, 134.5980822772668, 149.5389116663894]
133 1 [101.6099843224511, 121.4270246145316, 133.0158691283558, 148.7205087017084]
134 1 [104.8807817772031, 121.9264815648785, 134.1585908949687, 147.7601504095301]
135 1 [101.9741401345818, 122.2703285096213, 133.7995399972858, 149.4509438196918]
136 1 [106.1264954884537, 124.3542787106708, 136.886423842187, 149.5673216844238]
137 1 [105.7055792706087, 124.3000824493356, 136.7561929901897, 150.8306232260975]
138 1 [103.8251245026477, 123.2918347837403, 134.2801207076097, 148.9776904453898]
139 1 [101.8471677451744, 123.1766355410218, 134.6170685566434, 149.6062661426817]
140 1 [99.86695436108857, 121.9333806098439, 131.0719645599239, 149.5064190343407]
141 1 [103.1264759348705, 123.308587318752, 134.3272428897824, 151.1019248202258]
142 1 [102.8261978076189, 122.3901190562174, 135.2442082800825, 149.6548545525077]
143 1 [102.8466963889077, 121.2293224525638, 134.8762327294745, 149.1506429321664]
144 1 [103.7741685072542, 124.8385324142873, 136.4131802182645, 153.1324398680344]
145 1 [98.55790344346315, 125.8580645662732, 131.1189748761564, 153.3514069781234]
146 1 [98.75680120941252, 122.3279094998725, 129.6558378400416, 149.568997547259]
147 1 [99.78412218758604, 123.1152158323675, 132.3937616243912, 149.6602669828075]
148 1 [104.0293230237439, 124.1728264582343, 136.7490538727064, 151.6855106601124]
149 1 [103.0967580330907, 123.264354626881, 133.0734144226148, 150.5574537344651]
150 1 [102.3729092748836, 121.5061012492515, 134.8331977311358, 148.6527293431817]
151 1 [118.1284752143547, 125.7016978901811, 148.5568078748807, 154.7509118641515]
152 1 [104.9993023545831, 123.0623662576545, 135.0897231021936, 149.544009590662]
153 1 [103.2585949859931, 122.9623948317021, 135.7032568303528, 148.4276154304411]
154 1 [103.1558027891442, 125.0907083065249, 135.3843482933249, 152.3797470749632]
155 1 [103.8668692978099, 122.34333665343, 135.3223956349897, 149.7491755315917]
156 1 [104.8903477126733, 121.1569437221624, 136.3967581773568, 147.7395061570687]
157 1 [102.7390711791231, 122.6577007304877, 135.2038919466556, 148.2730381270555]
158 1 [104.9088608874008, 125.3446928289486, 135.921418339298, 153.4519162797427]
159 1 [102.1150455381139, 121.7937831487507, 135.1565250189584, 147.0468288314369]
160 1 [101.5355341173126, 122.8886014875025, 134.6549762154077, 147.8363686049927]
161 1 [102.3535334067419, 122.3365878243931, 134.4977118005716, 148.8642082846022]
162 1 [102.7554008858278, 124.4762517209165, 134.8657015413679, 150.8712073373994]
163 1 [96.84061600174755, 125.2491184254177, 128.3363433752524, 152.6381329147394]
164 1 [105.4983877418563, 124.200639904011, 137.310225225464, 150.8162410200632]
165 1 [103.4141282587661, 124.4333539088257, 135.2318301188655, 151.3273279206333]
166 1 [100.0799790052697, 125.5927430768497, 132.5223314381732, 152.0831458206925]
167 1 [102.2905607185676, 124.1615132894367, 134.734716751565, 149.1304190179485]
168 1 [100.00927601289, 125.4517772444524, 131.7110968814475, 152.4911923813559]
169 1 [95.61929267179221, 125.8412512292853, 125.9369043710663, 154.618879159382]
170 1 [102.3697687527165, 124.0131038357504, 135.8515121051981, 150.7720219153259]
171 1 [87.24484924506396, 125.1022192859091, 118.8155361214522, 152.1714906660749]
172 1 [104.3180704712286, 125.9940239530988, 135.7686279932414, 152.5082792376404]
173 1 [98.99646914785262, 124.0877872565761, 129.8895680070815, 150.1934252062674]
174 1 [117.5308794463053, 126.9218725920655, 148.8447934451024, 155.5910233839783]
175 1 [118.8043623538688, 126.1560518661281, 146.5543742516092, 155.2524801678493]
176 1 [117.855645542033, 126.7488971812418, 146.518725204851, 156.0863517127882]
177 1 [99.84225573152071, 122.4769186717458, 132.0095930937187, 148.5829020741381]
178 1 [115.042125091888, 125.6804865872255, 144.6758360742291, 154.9479105760286]
179 1 [114.3421195754781, 127.8018838440767, 143.8699541236107, 156.7585121788944]
180 1 [96.98971582856029, 123.5854163882323, 129.2042410414103, 150.1178376667685]
181 1 [117.065594650805, 127.1972576191183, 147.1977908740114, 156.333345341622]
182 1 [100.8994297897443, 123.4748433833011, 132.4052324826361, 150.3803730819936]
183 1 [97.89414594229311, 124.0704531804659, 130.5606075785832, 151.4199329727665]
184 1 [102.0930393254384, 121.6116826538928, 134.3276526647242, 148.8269034223752]
185 1 [102.5383714800701, 121.69134153286, 135.1936130368865, 149.3951422228029]
186 1 [99.87875626701862, 125.0040198978968, 131.947523548455, 154.3319666887552]
187 1 [99.57787545677275, 123.0408189841546, 130.9186653505913, 150.7768009739984]
188 1 [101.3145012739115, 122.0078807626851, 133.1227904507145, 148.5169247274747]
189 1 [99.41000399139011, 126.9672327209264, 130.6802132254654, 156.0199288847645]
190 1 [100.5618939669803, 124.4334058836103, 132.6825299713928, 151.2555680448112]
191 1 [114.5057422695682, 129.8083944269456, 146.6773716117056, 157.6188753552961]
192 1 [118.4062729958096, 125.6220341939479, 149.8417014266146, 154.1000403027917]
193 1 [115.3698412045487, 125.3264700993896, 146.526552852108, 153.05663491304]
194 1 [93.47751309443265, 126.8640445149504, 128.7519554780278, 155.7685703785673]
195 1 [86.0665887715295, 126.8047741404735, 120.3159327804914, 156.4845148476324]
196 1 [94.0027037919499, 120.2670247940114, 124.3560945267201, 148.8973435348232]
197 1 [93.44970505614765, 123.0983190541156, 125.867152393224, 149.7934102885901]
198 1 [102.4227591352537, 122.1032569161616, 137.1071711865295, 150.2861207880656]
199 1 [119.3018314607907, 125.5485384468921, 150.7968760397542, 152.0650124239095]
200 1 [105.3399696787819, 123.3141251397319, 137.8079889116745, 149.1183722242898]
201 1 [117.5606354796328, 126.459631639882, 148.5807277811315, 154.9328585532385]
202 1 [100.4483304386959, 124.5751824346371, 134.5792336987806, 151.7982142560795]
203 1 [121.3418484041467, 125.8794879657216, 152.4537199353687, 155.296912692476]
204 1 [106.2123566335067, 122.062126363162, 138.3719491821746, 147.6409447057006]
205 1 [94.06172931473702, 122.0420909696259, 126.090726471411, 148.2926876995615]
206 1 [120.9210604518303, 125.0377943273634, 151.7837456828197, 154.1861889946447]
207 1 [91.57615015562624, 121.8052065023221, 123.4147253322355, 147.2168174962133]
208 1 [92.43752271216363, 122.133550264407, 123.3402148077119, 147.8431491872565]
209 1 [90.4385331638623, 121.7219774541445, 121.9792042839873, 148.936163419934]
210 1 [120.0615335726179, 123.1819514365634, 149.8429323208542, 151.7380153249416]
211 1 [91.92434493731707, 121.8905239109881, 122.0194295576563, 148.4744052261754]
212 1 [106.8436921194661, 122.9975324426778, 139.6606260942318, 150.39563868946]
213 1 [93.92550902720541, 120.0041785882786, 124.0455325010796, 145.8097783859361]
214 1 [93.14161360543221, 122.2525362926535, 124.511688812673, 147.5250020552601]
215 1 [93.63774389307946, 121.9788487185724, 124.8132904478727, 147.117555440239]
216 1 [92.02836480271071, 119.1887395037338, 123.7123159061008, 145.7628197145157]
217 1 [101.3685079691932, 124.4325681286864, 132.5982039769502, 149.438020055794]
218 1 [101.8798794997856, 121.375923671294, 135.5308819666089, 148.4951484847949]
219 1 [91.42058797460049, 121.9937311136164, 124.2048418972033, 148.0912928976311]
220 1 [93.54912085738033, 122.402382758446, 125.5064160644937, 147.6095212270155]
221 1 [92.31525149475783, 121.6627595084719, 124.606862006912, 149.6281835360518]
222 1 [119.1977663144935, 123.4470599959604, 149.8541391061965, 151.0504159531571]
223 1 [94.02504586894065, 121.3576860143803, 124.3883489150162, 148.7322862100257]
224 1 [92.5464538699016, 121.0281776613556, 124.0631113234406, 148.9902053221589]
225 1 [96.64971143286675, 122.6390170725063, 128.551581493808, 148.1675367941625]
226 1 [108.6320316819474, 121.5934718423523, 143.1945257866388, 148.8902657740553]
227 1 [96.18302129488438, 122.6755274506286, 127.7845572335931, 147.6985624617359]
228 1 [95.87148264795542, 121.191567388596, 127.780135103519, 146.7054000297005]
229 1 [96.69114645849913, 121.2680956767872, 128.5291415130129, 146.5468032407586]
230 1 [94.64481596183032, 121.1908526020125, 125.7484998727391, 146.3823943703664]
231 1 [95.87413800577633, 119.3843985022977, 126.9650859575022, 146.5452068668549]
232 1 [97.75867022504099, 120.846435718704, 129.9411387792356, 146.697686708759]
233 1 [109.1672503196169, 121.1539627914317, 142.8465978362809, 147.8662861952086]
234 1 [117.8614982583094, 122.4448024784215, 152.5450138705517, 149.2045978118221]
235 1 [115.6462554626633, 122.6385864173062, 149.5650529510535, 149.3208056743495]
236 1 [100.5522699262947, 122.3175427870592, 131.1107567391472, 148.6513954066573]
237 1 [96.44826456834562, 118.92691712128, 130.2174895550309, 145.7340586332517]
238 1 [128.0307389171794, 126.9764083414339, 158.6759912512642, 155.3877766725985]
239 1 [106.879273432307, 121.5579737786902, 138.6715956515972, 147.7652114213694]
240 1 [113.048429296352, 120.1300899521448, 146.2638247214698, 147.8171767825394]
241 1 [117.0205062620807, 121.2451163609512, 149.5056181689543, 147.6266129922945]
242 1 [117.9909351402894, 123.0577365751378, 149.8885647873776, 149.4441843782239]
243 1 [101.8987654887606, 119.7897551883943, 134.4853248102714, 145.9487839283739]
244 1 [117.1045854529366, 121.0635950858705, 149.1399374964981, 147.389123097624]
245 1 [119.6468707760796, 122.3925565253012, 151.5675229136363, 148.4879194692479]
246 1 [121.0684978244826, 121.3107483152999, 153.0379113530204, 146.3358942322726]
247 1 [120.6633392376825, 122.0879084680928, 152.5548030964335, 147.4590765521655]
248 1 [122.9089954418596, 123.2661483145785, 154.3243829916339, 149.77355255682]
249 1 [115.0734377563931, 122.3176453326596, 147.3680858655077, 149.5501154255667]
250 1 [119.9093398642726, 122.0851893787039, 151.9639801248518, 148.5110326352588]
251 1 [102.659876660211, 118.3793297864031, 134.3436986863254, 146.921615282406]
252 1 [120.8883127411827, 119.7999405482551, 153.186938261856, 148.232997280848]
253 1 [119.8880759840831, 123.4490180457942, 151.2402327132803, 149.0695827551533]
254 1 [122.5288076773286, 122.0019822486211, 153.1263983835755, 147.5650650313414]
255 1 [117.3266525780782, 121.5045716310851, 148.9898712221688, 147.2975776759198]
256 1 [105.1314224051312, 117.8997969883494, 136.9158270883023, 146.0859748027006]
257 1 [120.8265662407503, 119.4374386308482, 153.3064889653045, 146.5100849942876]
258 1 [122.4635819001123, 119.4211001577787, 154.2939479216411, 146.0001134177919]
259 1 [128.9881555147003, 120.1828207902145, 160.5251863051396, 147.7871944032053]
260 1 [108.000122576952, 119.0682393847965, 138.8386098119771, 147.8364433975796]
261 1 [120.5135239583906, 120.6817213533213, 153.2561758107782, 148.5081820709847]
262 1 [110.4637907880824, 118.0049360252451, 142.7868662674079, 146.0373292650328]
263 1 [112.6669869134203, 118.6743189650588, 143.6974430282546, 145.8630176297866]
264 1 [120.8660131103825, 120.1974754140247, 153.1530170319376, 148.096680448892]
265 1 [113.0565863549709, 119.3569236504845, 142.4552015889408, 147.9547275826072]
266 1 [116.3252162262797, 122.0002099382691, 145.5476585940286, 150.9343076039586]
267 1 [114.9948110505939, 119.0464286389761, 145.9900302940873, 146.2416405155814]
268 1 [111.4641443050932, 121.4421655901242, 143.0311624082313, 148.7675222920744]
269 1 [112.280953575857, 121.3032546150498, 142.598767279017, 148.84841793001]
270 1 [119.8178478975315, 124.3061280960683, 152.6176522202758, 152.2201071993285]
271 1 [114.2875654161908, 125.6533987703733, 144.5379106966479, 153.0085065383663]
272 1 [114.0421673730016, 121.9071560609154, 145.2691872586977, 148.5441143174075]
273 1 [110.4813366411254, 120.739604322589, 142.6433265658781, 146.9806902587533]
274 1 [113.2335759855341, 123.433034584159, 146.9854228850679, 150.5199765938397]
275 1 [111.2709409375675, 120.6453706062166, 145.4951552687272, 150.2802294818641]
276 1 [116.8758993449155, 117.6341448130552, 148.8996909915327, 144.937721621281]
277 1 [110.8482616256806, 121.7299005272798, 142.412465975808, 148.9472958700205]
278 1 [117.0720046251081, 115.9980595926754, 149.845017757272, 143.9454988289465]
279 1 [115.4726829407737, 117.2797732212348, 148.0078951030787, 144.0244992496821]
280 1 [114.077925731428, 114.8824020824395, 146.2048033329359, 141.9565591863891]
281 1 [110.3634768845514, 117.6214700075798, 142.3147288187421, 146.0049972578602]
282 1 [114.2122944332659, 118.2983311888529, 145.6268828633313, 146.4316246514464]
283 1 [114.545854896307, 119.9446890107356, 145.4193362173225, 146.7716158832336]
284 1 [111.3677216570359, 119.9026608804707, 143.91573114823, 147.3861830202674]
285 1 [112.8221610821784, 117.4295916844858, 143.8089851939597, 145.5599508252084]
286 1 [115.2140469877049, 115.7973713957472, 148.3083085189712, 142.3855520433477]
287 1 [115.1990074901842, 118.1165520916693, 147.1132514785087, 145.7107567121533]
288 1 [114.1284235815983, 122.2462753544096, 146.7986267484056, 148.8755035344865]
289 1 [115.9563064929098, 118.7656082113972, 147.2029774398012, 148.506489130379]
290 1 [114.1008716057986, 118.6015632649651, 146.180520091884, 148.1475197932245]
291 1 [114.3885111464188, 120.1346928410931, 146.6042705443979, 147.331046718682]
292 1 [113.4680027542636, 120.0038345035864, 146.1469603994223, 148.5037975912745]
293 1 [114.9189239745028, 117.5172778085107, 148.9021580222587, 148.933694889483]
294 1 [116.1772710741498, 120.2167030231794, 148.3573321882618, 149.2930011358093]
295 1 [115.7145357619738, 118.9041286794236, 148.3601331222821, 148.0856500863409]
296 1 [111.3342794419732, 120.8312548242975, 146.2218830732502, 148.7571018375004]
297 1 [110.9385497383773, 121.0217000049306, 143.5718600144584, 149.6757113375386]
298 1 [117.939992540516, 117.6724919467233, 148.9502377962125, 144.6332233503227]
299 1 [118.1680457368493, 115.4627176484792, 151.1000920060988, 145.0881784454635]
300 1 [115.1057720212266, 118.7152602680726, 146.4899606069168, 145.353795782115]
301 1 [110.8215671805665, 117.4281051167054, 142.0574922732786, 143.9109643363557]
302 1 [108.9737969117705, 116.392456345493, 142.065843662577, 143.7559957855846]
303 1 [113.6889908100711, 118.0140796100022, 146.9945899254554, 148.7104463448929]
304 1 [112.4926712764427, 119.4061498128576, 146.0046228450443, 146.4470575632392]
305 1 [111.1894170036539, 120.279358268599, 141.7752809320487, 146.6057363862862]
306 1 [112.5843857990112, 117.3947814211715, 146.9854938057657, 144.4185664023143]
307 1 [112.0644794793334, 120.0291141972411, 146.3758380844153, 146.9207827967458]
308 1 [111.7255394188687, 118.5009643778903, 144.026517061563, 145.209897074374]
309 1 [108.5376568958163, 112.3973771004239, 143.5468529055915, 142.8969130931153]
310 1 [108.6550800157711, 120.3471212618752, 139.8176452538821, 146.7389937352058]
311 1 [102.738482917659, 121.0635465214727, 135.1555152077992, 148.8672104766536]
312 1 [105.511465783231, 122.2904232674046, 136.7686297061935, 148.6113259491734]
313 1 [102.8486603526399, 122.8952764562564, 134.8062557030701, 148.1598611574084]
314 1 [105.4582680417225, 123.9918149047298, 136.7100031262168, 150.5084154103078]
315 1 [102.6543657137081, 120.5147387989564, 133.5305994343167, 147.2839859693657]
316 1 [104.7371463319287, 124.1094959218754, 136.6911329585493, 150.7060153597503]
317 1 [100.8821154413745, 122.062660024385, 132.4307627640561, 148.5354206966395]
318 1 [101.2071323492564, 125.9589335875353, 131.8040444160079, 154.7895483534856]
319 1 [99.85153604578227, 124.3087453086628, 131.857676291154, 150.5590087663984]
320 1 [99.08348331972957, 122.4194545164937, 130.8038092010636, 149.575285446129]
321 1 [100.4104437776841, 119.4750780420145, 130.6726621966843, 147.6900201165851]
322 1 [99.12692285422236, 119.5343172742287, 134.0635005440657, 150.2597655072841]
323 1 [98.26065930817276, 123.896707330714, 129.6540625756067, 150.2349858224688]
324 1 [95.2000549742952, 119.5865685091121, 126.3892776666845, 145.7370498057699]
325 1 [98.59291425254196, 120.7258734450443, 130.8453818465492, 147.1482275931858]
326 1 [92.64960930380039, 123.4445231937571, 123.9798169429493, 150.0490867804933]
327 1 [90.19061193498783, 119.3388104223413, 121.3292287857652, 145.764087977797]
328 1 [89.50172514352016, 118.7781055056257, 120.8717962927668, 145.2015028426516]
329 1 [90.21100027300417, 118.1563583476236, 121.1512888814066, 147.1564477620695]
330 1 [86.34788137034047, 114.1066494380357, 120.0110141021619, 143.7401057685779]
331 1 [87.37610781844705, 116.8053622049047, 120.8873794066646, 143.7567471107784]
332 1 [90.00297105684876, 117.5374850042863, 122.6220176478883, 147.5108015606723]
333 1 [79.73171111301053, 115.3627557359869, 114.0872945249153, 146.2820741255418]
334 1 [82.59031739190687, 116.0485844482901, 117.8116995806107, 144.8804441685016]
335 1 [82.33811762288678, 121.1831097508548, 116.405791179854, 149.2673323215994]
336 1 [79.27585382119287, 118.9164560340578, 112.7526346785948, 148.582905159802]
337 1 [78.6177313728258, 119.8041704302887, 111.3230739631482, 149.9348955266467]
338 1 [75.12509103212506, 119.1106680972735, 109.5588917167021, 148.5393400377089]
339 1 [75.13337507948745, 121.370979884523, 108.4357775993716, 150.8815817140959]
340 1 [75.78853357862681, 118.0830694414908, 107.8258009554667, 147.7549405172459]
341 1 [73.05445908848196, 115.5794349630014, 106.4082947990375, 146.2248106582059]
342 1 [76.7816806222545, 115.2791936899303, 111.123111296515, 143.0091131394244]
343 1 [66.04685777612031, 115.128664021031, 99.85242271576965, 145.6411405149576]
344 1 [67.24236878845841, 117.0927494281204, 102.3806143504394, 146.3943946512063]
345 1 [64.43698578618933, 115.0364788976731, 99.4303059132547, 144.4930223171508]
346 1 [63.87251292460132, 116.6902981308522, 98.71210160464236, 145.6794816956357]
347 1 [62.68579620972741, 118.4517364407657, 96.5571890099598, 146.3382774310836]
348 1 [62.26308029249776, 115.8452527428744, 95.90977963573005, 143.7438256128816]
349 1 [57.19375763193239, 117.5340957246954, 92.0928062441475, 147.3280337417614]
350 1 [59.12391682434827, 116.4183262927691, 95.17156038534074, 144.881071597693]
351 1 [55.96968890272547, 115.2342889999272, 92.02138490449158, 144.8897855613365]
352 1 [58.71965386078227, 124.5439088024432, 90.63413911945256, 154.3337959713356]
353 1 [59.78860229998827, 122.717319187359, 91.84116930626153, 152.5817943041469]
354 1 [55.71672961220611, 119.0241828450235, 89.63038022533999, 148.8773605775209]
355 1 [55.4235455468297, 123.0690877704183, 87.25644089863573, 152.5450486016667]
356 1 [53.67815646971576, 121.6530772607075, 86.99858170777455, 151.8419045410919]
357 1 [51.88015387672931, 120.2602574141929, 84.76052979386529, 148.774064261354]
358 1 [49.43322257418186, 124.489103993983, 83.2649832861793, 152.781908047313]
359 1 [54.28135099168867, 114.2743675695965, 89.54384507524296, 143.8397559436871]
360 1 [45.62484451849014, 119.2941249819705, 80.0944260016158, 147.5079812774915]
361 1 [45.65915917558596, 122.8102369519183, 80.13289201891868, 150.7571438591528]
362 1 [48.62536699790508, 116.9508234324167, 82.36579673384655, 144.9709748009221]
363 1 [50.35443624062464, 115.5638961406658, 84.60828701454264, 143.425781125789]
364 1 [46.81013353273738, 119.0251432411606, 81.93386232293388, 147.6882536072081]
365 1 [38.8780334526673, 119.1310895542847, 73.888252312289, 148.8839840754958]
366 1 [43.27964824903756, 122.3454962583492, 76.89615412953698, 150.9228796110993]
367 1 [47.18625412601978, 119.9762625532458, 80.94510311038147, 148.4630612580729]
368 1 [34.01981872785837, 120.6990466179559, 68.22881975377307, 148.8767614370634]
369 1 [32.48049816396087, 120.1646159874508, 67.40210410959105, 149.7774787004006]
370 1 [30.53950456250459, 119.3930014135549, 64.44376392102606, 147.555191458042]
371 1 [30.02796442527324, 121.7690149234841, 63.35836450408169, 149.416285546297]
372 1 [27.67262620199472, 116.6257548244903, 62.68894202392917, 144.5429860982668]
373 1 [28.43690278404392, 118.8138872297714, 62.08800714921009, 145.8371548395317]
374 1 [27.7633390056435, 119.0617005439708, 61.28206755780215, 146.2500989322948]
375 1 [24.47856315691024, 118.2185399025912, 57.20087721682721, 146.6323155568333]
376 1 [25.17249563056976, 122.0057533035288, 58.31737705285609, 148.7537301004166]
377 1 [22.98130669910461, 118.3434177289018, 55.94308365546699, 144.9273721405705]
378 1 [25.01273187273182, 119.8839744838188, 58.22861884079348, 146.9822515473356]
379 1 [22.96095763612539, 117.2855500510195, 57.149140002289, 145.9199672562806]
380 1 [19.79939650790766, 116.4665722037898, 54.34976225642723, 144.7962413802241]
381 1 [22.38039560778998, 113.2349611917744, 57.02335380625961, 140.143544576739]
382 1 [16.48785887565464, 118.2038085727254, 50.51197715217498, 145.7984108392545]
383 1 [18.85092557687312, 125.2556540170917, 52.26852127255612, 151.4209407312307]
384 1 [18.68014746624976, 123.8131681742379, 51.63637447802415, 149.5679058963173]
385 1 [12.55771373677999, 123.0036671838025, 47.78747460940059, 150.6481650706921]
386 1 [14.32794894371182, 122.8608410159359, 47.27807246683656, 149.078090333068]
387 1 [26.00835915701464, 119.290179417585, 62.05194411780344, 148.8763221407026]
388 1 [20.70357060455717, 126.808244502754, 53.09956514452072, 152.7697627327758]
389 1 [5.263698318041861, 121.5128604421625, 39.94601427192659, 147.0694003723563]
390 1 [23.52024496812373, 112.6886061351979, 57.26360862805305, 140.0011077224423]
391 1 [14.23938180599362, 124.9922905961284, 46.99987250967094, 151.6612093419886]
392 1 [18.39538398594596, 125.105693853111, 51.06274218124954, 151.5877849840247]
393 1 [6.216642328538001, 124.224166321219, 41.1810211409955, 149.9852121475781]
