carscale 0
2 1 [6.679624915122986, 165.3588927537203, 48.50125741481781, 191.4481247351567]
3 1 [7.810129392892122, 165.5054196715355, 50.12275014631142, 191.3116073899489]
4 1 [8.46380012051668, 165.2016881108284, 51.30529436148306, 191.0219871878763]
5 1 [13.79795279353857, 166.4989456161857, 55.33139616640475, 192.3220916567821]
6 1 [15.72995528578758, 167.2437616437674, 58.92379061084294, 193.9827483480277]
7 1 [14.12649765610695, 166.4975327253342, 56.31218444875164, 192.7214491558698]
8 1 [23.41585040092468, 167.1659565344453, 65.82473085285274, 193.0077666778292]
9 1 [19.14404347538948, 167.7968852967024, 61.29601551321721, 194.6044721633455]
10 1 [19.68788951635361, 166.8960029631853, 62.73419250916354, 193.1458828526511]
11 1 [21.3508166372776, 167.6835779473186, 64.48090877446138, 194.1352858379084]
12 1 [21.1066341586411, 168.3358228579164, 64.43477213926396, 194.8808505447851]
13 1 [23.87091383337975, 168.0520365620032, 66.26356988353135, 194.3823329530855]
14 1 [26.50027245283127, 170.1516214758158, 69.1281335246664, 194.9236814548504]
15 1 [26.12615071237087, 168.5114996135235, 68.91419866891988, 194.0886671653958]
16 1 [28.24805093929172, 169.6952110528946, 71.61479922078149, 195.6278425000147]
17 1 [28.36243584752083, 169.5032931119204, 70.40883483072193, 195.6020491504885]
18 1 [30.89524416252971, 169.1002315282822, 74.20109280145262, 194.9848175764238]
19 1 [31.9276624917984, 169.9035809189081, 74.20253685396315, 194.8645142031982]
20 1 [31.66743844747543, 170.0680377334356, 74.48286955933939, 196.7518681251472]
21 1 [37.57414447143674, 171.5110004227608, 81.22552879270143, 196.4586028408]
22 1 [37.43885425850749, 169.34396021883, 80.95669945425749, 195.0729341806884]
23 1 [39.81298511847854, 170.6991009681951, 83.12096596465759, 196.9482004112643]
24 1 [48.89228187501431, 173.3500522375107, 91.42125159380223, 199.0482594598163]
25 1 [43.64984831772745, 172.6610165182501, 87.34084705210159, 199.1408989125182]
26 1 [41.23026892542839, 171.8094608932734, 85.58357867061966, 198.4862521675885]
27 1 [46.14893428981304, 173.2064371928573, 88.01804445688694, 199.1918110301368]
28 1 [48.7394406358726, 175.0059602176771, 92.12392931620492, 200.4628448979868]
29 1 [50.0833940692246, 174.8620475456119, 96.28849509195354, 200.2745199594527]
30 1 [49.44626905955374, 173.177435407415, 94.11053155136224, 200.7684977126618]
31 1 [49.85540182329714, 173.3639520499855, 94.2256750125562, 200.2534663688812]
32 1 [52.96195932663977, 173.7068636063486, 96.23803594567744, 200.0514573415672]
33 1 [49.87810852006078, 174.5454455073923, 96.34846916456746, 200.379380513506]
34 1 [52.27305834181607, 175.4792482499033, 97.25967859541163, 201.602253181906]
35 1 [51.68446510098875, 173.5410914896056, 95.99395219587703, 199.0441812007075]
36 1 [51.27420412376523, 174.2379092425108, 98.63090574073711, 200.0522499891974]
37 1 [54.89679112099111, 176.1065727984533, 98.13076180910549, 201.9277714176885]
38 1 [53.37254143320024, 174.4482022430748, 96.04462884563827, 201.0568668196853]
39 1 [53.2300990819931, 173.8288237899542, 97.50158913696816, 201.0308079086601]
40 1 [54.90244535729289, 174.5833167154342, 98.89698933392604, 201.0531948468675]
41 1 [57.04879427328706, 174.336715452373, 99.52310995265719, 200.6682342858061]
42 1 [59.97675202786923, 176.0596159962006, 101.3678501509976, 200.8515710638966]
43 1 [60.44117854908109, 176.4866003766656, 106.6547136807976, 201.4448169392185]
44 1 [60.27910332428291, 174.1745841223747, 99.40257016449567, 200.9675508666206]
45 1 [60.79818629659712, 174.1319147218019, 107.0971518254933, 200.7191072925117]
46 1 [62.85710160620511, 175.8967632846907, 108.0435163057325, 200.9862984957246]
47 1 [63.78090185113251, 174.9528928892687, 108.9100334015728, 200.3122566084521]
48 1 [67.54597469232976, 173.3549056667835, 110.1805249535727, 199.797233039451]
49 1 [66.92847615107894, 174.3298662919551, 111.2104170099314, 200.6661203952802]
50 1 [79.75665777223185, 176.0307101428043, 122.121816583678, 202.1483228257956]
51 1 [76.69324629940093, 174.2628618134768, 123.5776091038241, 200.4164265210603]
52 1 [75.22350930608809, 174.7414520932944, 121.7601896938752, 201.1916676629761]
53 1 [74.43317972123623, 173.3341846335679, 122.5422320600286, 199.2891595488306]
54 1 [74.55735230818391, 173.2235284056515, 119.3158422591987, 199.5709242173925]
55 1 [76.63831115700305, 173.5944831091911, 123.5062756829991, 199.5918751263046]
56 1 [76.88752433285117, 174.080905104056, 124.3843620578042, 200.5193368385557]
57 1 [75.87247585877776, 172.7656897623092, 121.0599465980297, 200.3514949475923]
58 1 [77.21413970924914, 173.4807419357821, 123.3537443173141, 199.9800971344705]
59 1 [79.50296607799828, 171.6131674218923, 126.8790074930045, 198.7798734670062]
60 1 [83.76272362656891, 172.9573326604441, 130.5878769076169, 198.6454134542268]
61 1 [74.68805921263993, 173.6213766457513, 123.1382482755373, 199.0678348845113]
62 1 [83.56964611448348, 171.2255900073797, 129.4021312873453, 199.0226269595027]
63 1 [83.71479392983019, 171.2938501639292, 129.9314573539904, 198.4686837056553]
64 1 [86.53797158040106, 173.5868393350393, 134.0565411675335, 199.8599810636354]
65 1 [81.36475552804768, 174.7093873517588, 129.4431504265774, 199.6333384730221]
66 1 [92.58053419180214, 172.9841154813767, 140.2211543415937, 199.6697735895878]
67 1 [88.65766898728907, 171.5344021376222, 134.0831051167996, 199.3292895092122]
68 1 [80.74794971384108, 174.942371295765, 127.4816448780303, 199.9866547544682]
69 1 [85.82803937606514, 171.9649884605315, 133.0958611695284, 199.1397919938432]
70 1 [92.83005643635988, 172.8214218467474, 137.4683645844484, 199.0978117510172]
71 1 [94.50423397123814, 172.8553825616837, 134.8045210245674, 200.8587758679075]
72 1 [95.32287144102156, 173.7380875181407, 139.4216298207069, 201.1718022177018]
73 1 [90.10694008786231, 172.5780895072967, 135.5123917470212, 200.1084444836507]
74 1 [83.86932543478906, 172.393062831834, 129.4926768607841, 200.7627879656855]
75 1 [92.9442470613867, 173.1722018891014, 136.0073911822868, 201.275092202131]
76 1 [92.13785815984011, 174.4928077235818, 136.7619223755716, 200.3842639240381]
77 1 [89.97113981284201, 174.6081181243062, 136.181777878304, 201.2537110717261]
78 1 [82.5607243925333, 173.9569200901315, 126.1375657324927, 199.732595570973]
79 1 [79.4680265430361, 174.107478398364, 130.070043992377, 199.3745761865347]
80 1 [78.83813896216452, 173.8220139127225, 126.8542129967351, 200.6219233521921]
81 1 [79.12160352803767, 174.865885945037, 128.2092959916323, 201.8191445130233]
82 1 [78.71384748257697, 176.4371729525738, 128.8240037386802, 201.5992042979295]
83 1 [77.38626379985362, 174.185230890289, 122.7496250149902, 201.0838899963377]
84 1 [98.11927242117235, 179.9356243293732, 145.5784061279547, 205.3897534489004]
85 1 [93.18489904515445, 178.0018743127585, 142.4343977374899, 203.0522488226181]
86 1 [107.1591501031071, 180.3372073918581, 151.9827317030813, 207.9026423222084]
87 1 [103.013461837545, 181.2799952540081, 148.5772770130339, 208.7749009453686]
88 1 [100.8673860039562, 182.7482657041401, 149.8848222921159, 207.4232629617314]
89 1 [101.926847351715, 181.0984633117914, 147.5562691353848, 207.6740932386582]
90 1 [92.87610768340528, 182.5227200239897, 141.9460845283983, 207.5747130976118]
91 1 [95.84744481282542, 182.2363921720535, 144.6185874198159, 207.5405415473242]
92 1 [99.02853195468197, 183.3725409582257, 146.3757021783289, 208.4577337043695]
93 1 [94.17279378511012, 180.8198706049006, 140.2209854784172, 207.9928729515609]
94 1 [79.87912495620549, 177.6140893436968, 128.6731741296362, 204.0729880702829]
95 1 [93.35893992247293, 180.7390817906708, 140.6627479003915, 206.3208313489122]
96 1 [78.94508606754243, 179.4241072610021, 130.3332836900852, 204.2480175808974]
97 1 [74.3393885390833, 178.1417531939223, 123.6602708884513, 205.0931655883516]
98 1 [81.16556278895587, 177.2094405489042, 130.2738732456358, 204.1199435191038]
99 1 [92.93751124292612, 177.8310071700253, 134.8882205538636, 206.8204804064542]
100 1 [79.54839978279779, 177.4126398283988, 128.2357542056286, 203.4063675922775]
101 1 [79.7173248976469, 179.4464525091462, 132.484935544953, 203.5130994931255]
102 1 [77.83221084624529, 179.7569222073071, 131.1315644456792, 203.9480099103591]
103 1 [95.07679141126573, 179.9759495351464, 143.8587932039714, 204.7813941907691]
104 1 [95.70702277589589, 177.5155609333888, 144.9650140778525, 204.7223667921352]
105 1 [92.15179704595357, 177.2809653589502, 141.1517675747018, 204.526280341515]
106 1 [96.26652247738093, 178.9474579505622, 143.8722419156812, 207.9896734410077]
107 1 [101.1371674807742, 175.7623276952654, 145.4088328073273, 204.0307386518693]
108 1 [101.0313442023471, 174.78456039913, 145.4925907550501, 202.0616929790035]
109 1 [95.81599392462522, 175.7016168022528, 146.4426766801527, 203.3511993799186]
110 1 [93.3626951649785, 174.7493609692901, 143.4140954096993, 200.9738638482564]
111 1 [100.827327282168, 174.1934585152194, 145.768994407771, 202.0612876918405]
112 1 [85.54266676306725, 173.4584536484908, 137.181894361962, 196.6950820264454]
113 1 [106.6322595096426, 184.314377240371, 155.7078383284836, 209.2403226457973]
114 1 [100.5254746647552, 173.8665985059924, 144.3551849509161, 201.7169794849358]
115 1 [82.1285850397544, 171.1184193636291, 131.8030192195071, 196.8175275754483]
116 1 [85.60632168781012, 171.1949507379904, 133.0038326468744, 199.7279029311078]
117 1 [109.6224509394961, 184.2839741776697, 157.8651859440607, 209.3825140814686]
118 1 [82.96496489085257, 171.7997212614864, 133.8309272332601, 196.0755251971549]
119 1 [80.54492606781423, 171.0848318319768, 129.6480542028907, 199.2109324349358]
120 1 [111.6202156525105, 187.6759441988543, 160.780865242992, 213.4135599267623]
121 1 [110.1124904668541, 184.0710873762146, 157.8859845617718, 209.0872417635067]
122 1 [113.4009684241028, 188.4002978960052, 162.4666514825971, 213.4787719762412]
123 1 [111.5451355557889, 188.5393098788336, 160.4797255895839, 213.9872354389218]
124 1 [117.8471672750311, 187.2723740781657, 166.7807011792178, 212.5226356429735]
125 1 [116.3779923226684, 187.1542984154075, 163.8691771340291, 212.487527596123]
126 1 [113.66490338929, 186.5719117515255, 163.2677218876221, 212.1822782243086]
127 1 [116.3844528142363, 188.5740211897064, 166.1363419414848, 213.9720238755034]
128 1 [115.401218252955, 185.1785758929327, 165.2760763312719, 212.797235859383]
129 1 [122.4958494538441, 184.3087984900922, 167.9917133440545, 212.5469304480805]
130 1 [123.349580730428, 188.2172434474342, 170.5650076955349, 213.1666697562732]
131 1 [122.4404981906992, 185.9733576467261, 170.9692047323974, 213.9959115657967]
132 1 [125.8374338736758, 188.4079988929443, 173.9734101000643, 214.6207381040925]
133 1 [125.6509041978279, 187.5942617817782, 175.5521138816641, 212.7702336159335]
134 1 [126.4636054832954, 184.3564172135666, 176.8869333818218, 213.1108518672879]
135 1 [128.9255553932162, 187.2296942467801, 177.4097469377018, 212.4064065096198]
136 1 [130.9765792294638, 189.5700157969259, 181.1000071228479, 214.4886006585452]
137 1 [130.8903896203265, 187.6904852851294, 178.4057005213412, 214.5105506069487]
138 1 [129.663676652126, 182.4971430632286, 178.0880173817695, 209.562448912803]
139 1 [132.4916283704806, 181.3937935093418, 180.5328694955036, 211.3534574487943]
140 1 [134.2487612814875, 186.5015176380985, 183.2202589401902, 211.7700441712553]
141 1 [143.4876263543265, 188.2665299694054, 192.188187802466, 212.80280738206]
142 1 [143.7003124161856, 188.1173887918703, 192.3864411285436, 212.7476955398338]
143 1 [142.2657344309846, 189.3706514197402, 191.6698060664905, 214.7114345430169]
144 1 [142.566464341362, 189.4558366178535, 193.0125885187971, 214.0446265666442]
145 1 [142.5763108796673, 188.1859950511716, 193.8621608774936, 212.5648305693964]
146 1 [136.910218502162, 181.6913114534691, 186.2672124651604, 209.4020052649432]
147 1 [139.7392691345885, 179.4439813378267, 190.758566166868, 206.9730775282107]
148 1 [145.4079101898242, 178.8013105699793, 194.5636337657015, 207.9813732327502]
149 1 [141.5583775407868, 180.0699946819805, 193.7670255642653, 205.5330533874604]
150 1 [162.6957796292845, 189.0623653493822, 209.5280748199581, 216.4346023756731]
151 1 [143.4166641859338, 172.9312161239795, 192.8697913912155, 200.0696655076319]
152 1 [165.5516617419198, 188.8823792268522, 209.3989345250635, 217.1099913903188]
153 1 [161.6570706863422, 189.8004259052686, 211.1869259807534, 218.9543057192661]
154 1 [145.7300237508025, 167.7456591371447, 197.303473842454, 194.6296849604995]
155 1 [141.8247345776763, 166.7418171558529, 194.2838660736888, 193.5311913866383]
156 1 [145.1255088101607, 167.231508452096, 195.0992968990215, 194.7200259659607]
157 1 [142.7670495409984, 166.0654552164488, 193.9198201435791, 194.2459081348154]
158 1 [141.1000840726774, 167.0551870437339, 188.4447660734936, 194.778599685972]
159 1 [151.5503589634318, 166.843358639162, 202.9292097068876, 195.6820408531792]
160 1 [158.509374394198, 171.4771229191683, 212.4792074829729, 196.5384736712104]
161 1 [166.5854833304184, 175.5619118153118, 218.3269653513254, 201.0443912283894]
162 1 [162.4766919977265, 174.2257679044269, 216.4906634151671, 199.629237545413]
163 1 [152.7540713746566, 186.7854004027322, 205.7319471186897, 215.9800240433641]
164 1 [186.1063109140378, 188.3076566789532, 235.4727754979868, 215.1364749832986]
165 1 [186.0086517210584, 188.260813105735, 234.8310924909806, 215.669592393859]
166 1 [188.6887500982266, 189.818215999403, 237.6925239022716, 216.6877304453768]
167 1 [184.1698575421469, 189.0658405958675, 235.5823368067976, 214.8280180565309]
168 1 [188.853974173544, 187.9626401100541, 236.7061663384236, 215.1119490771456]
169 1 [162.3515764332842, 173.2990969996899, 214.783053034311, 199.9957514247074]
170 1 [159.7344352852088, 165.6286702945363, 209.8560691653999, 193.2671822543479]
171 1 [161.4447391952854, 166.4089847094147, 210.0490353578587, 193.4857488330288]
172 1 [195.4686912603211, 185.0763633433962, 244.2366566068597, 212.15207912511]
173 1 [184.3757945497055, 188.1105842537363, 233.869155170329, 216.6618071741831]
174 1 [174.1308115824359, 187.2706773667596, 227.8667766996007, 212.8671218150223]
175 1 [188.5471424029674, 167.5975114945322, 242.0440643658986, 193.2490454548126]
176 1 [175.8768979768502, 171.8275702814572, 228.6011697193367, 197.8939813708607]
177 1 [174.8903348867316, 167.4216122995131, 226.6657804280916, 197.0204446135665]
178 1 [176.8125608871924, 164.8392190109007, 228.974250688245, 190.6748260337483]
179 1 [216.2476394913392, 181.4783412939869, 268.1503906609271, 207.3730577325558]
180 1 [204.1162391949911, 181.6370032611303, 255.4082089675051, 210.7781514185721]
181 1 [185.1615910447436, 186.4516567229293, 237.8286499840223, 212.6795266520477]
182 1 [189.0547048143344, 185.8412173367105, 238.8563670769762, 211.6589984069544]
183 1 [187.5184433395043, 184.1582596022636, 242.5656086463803, 211.4701810786822]
184 1 [189.5107618562179, 188.1302641308866, 238.529891073356, 213.9171344302038]
185 1 [193.9278674905654, 187.9146796930581, 246.3167041809088, 213.805731609864]
186 1 [206.3900027738418, 184.2785459104925, 260.3083452639916, 211.2568452412324]
187 1 [196.2719643686432, 189.1545630875044, 249.0403748926751, 218.5205894068731]
188 1 [203.4992685855832, 189.2688421253115, 255.3869705398353, 215.1242359636059]
189 1 [208.2171530590858, 187.421003440395, 261.6593815999314, 214.2082910586212]
190 1 [188.0054681573529, 189.3399600847624, 240.7405832490915, 218.5442871700643]
191 1 [192.3253061287687, 190.5361743737012, 242.4603739565054, 220.8259867614374]
192 1 [197.2470467761741, 193.1861680839211, 246.0353028443898, 224.4696100716191]
193 1 [197.0463496015873, 199.5152495149523, 248.3120900413472, 225.6832240165124]
194 1 [227.0137416795478, 186.5727084968239, 275.0920899048847, 217.4720449274773]
195 1 [226.2465522662387, 188.9443528745323, 274.130587945479, 220.0767184659825]
196 1 [237.3074602559791, 186.3752108905464, 285.9944006876388, 217.6700593797892]
197 1 [234.8557491079555, 189.8474998865277, 283.5448519168935, 221.0358200712198]
198 1 [225.2175579444156, 188.4226646926254, 273.9009809108912, 219.6510137394741]
199 1 [238.1808447663207, 186.4361773594283, 290.9267335671241, 216.593629128938]
200 1 [250.3197003726382, 182.5769265624695, 301.3091679278479, 211.4693276586984]
201 1 [244.6918401692528, 184.99477453297, 298.0134130648368, 215.4615725061528]
202 1 [238.7794235174079, 181.1362571711652, 292.4060462287061, 208.4982944047805]
203 1 [254.0712843660731, 173.3583023189567, 306.5518989093279, 203.40100513029]
204 1 [261.8027493741829, 173.5214904719032, 313.2847603497655, 202.7639424024685]
205 1 [260.4347214486916, 174.1646695905365, 311.5580236955661, 203.0846637966433]
206 1 [253.3975502700196, 173.6170820984989, 301.3925790310783, 204.8815790890841]
207 1 [253.1642884586472, 174.8720991495065, 303.7514471979067, 202.8613162096379]
208 1 [249.1713059518952, 168.8970756600611, 299.1972294586032, 196.9159071227402]
209 1 [251.5614350922988, 159.4924604985863, 300.8227469494861, 191.2788300743675]
210 1 [251.5422697190661, 169.2582417256199, 301.6909771989765, 198.4914182807643]
211 1 [255.6138993578497, 170.5666956282221, 304.9251168397639, 200.0080462484114]
212 1 [252.7881759603042, 168.0457021738403, 308.4671406893695, 194.5573112489951]
213 1 [266.92142920685, 165.7027452462353, 318.5673676077924, 194.3267743475067]
214 1 [271.2731237721164, 156.0361417406239, 322.1437831423382, 185.7669836665672]
215 1 [279.0053320501465, 164.1388047276996, 332.2007027765125, 193.8131373470752]
216 1 [286.0968746256549, 161.1325443000533, 337.4140455167417, 191.1212328998586]
217 1 [290.6611720856745, 166.4339994057082, 344.8237652116151, 195.8499094855819]
218 1 [301.0320298012812, 163.9880570932291, 354.8292303846064, 193.68307772031]
219 1 [298.954422530951, 163.507481419947, 353.365358187022, 193.196449184044]
220 1 [313.864010629477, 155.3466176777147, 367.5013099758813, 185.6209919067242]
221 1 [319.2034852888901, 168.6049113958143, 372.706252647676, 198.3126160867272]
222 1 [319.2288436845411, 175.4202209203504, 372.7730417120682, 205.0302465475749]
223 1 [330.8942744520027, 171.0448577883653, 384.4678979279245, 200.5639118937099]
224 1 [336.7900390562136, 171.5098031773232, 389.5284873291497, 201.0758388305586]
225 1 [344.5519198116381, 166.0170050873421, 397.6310138379211, 195.6067801652007]
226 1 [348.2777002837975, 167.3514685290866, 400.934730690464, 197.3675348101496]
227 1 [348.8812013354618, 168.8920143502764, 401.6608117048923, 198.8041561510868]
228 1 [354.1780583199579, 165.6111855967902, 408.9542495179504, 196.1939000405853]
229 1 [349.4365877297241, 186.0432594432496, 401.2133214676212, 216.372088728607]
230 1 [368.5631043848116, 167.2955854493193, 421.0776828241168, 197.1703895229769]
231 1 [368.0939930316526, 166.8916767998599, 423.734028500139, 196.9623463693271]
232 1 [379.6018365409691, 163.624113870319, 430.518117347934, 194.198715967944]
233 1 [385.0147459295113, 160.3145617968403, 436.1431398899906, 190.8869446365058]
234 1 [387.8281489398796, 156.0417500860058, 439.3964579210747, 186.6780833970762]
235 1 [394.4240937021095, 164.0788713819347, 446.6177319612534, 195.1474464248508]
236 1 [398.0822492029984, 164.7652042633854, 450.1227116318051, 195.0834244692422]
237 1 [406.0129422333557, 153.8279830641113, 457.4786366509454, 184.6952017243877]
238 1 [410.0065526750404, 159.1376297897659, 461.8714050571458, 190.2703566641602]
239 1 [414.3325483438093, 149.8743971413933, 465.8551211166847, 180.3280516740836]
240 1 [408.4405862924177, 142.3274406581186, 464.9448431490974, 171.4475758201086]
241 1 [414.3262546893675, 148.5383575386368, 466.1663491381558, 179.4317695045328]
242 1 [418.214335256489, 156.8258142820559, 469.5753080401425, 187.5027548352763]
243 1 [423.4743069403339, 158.0868478841148, 475.9495798688574, 187.7553349977428]
244 1 [422.4112575512845, 138.6947524338029, 480.2846556566452, 168.1271986346125]
245 1 [429.7509443026502, 175.3775128326379, 481.5953954302869, 206.8213404099766]
246 1 [433.9460418012459, 178.0879307514988, 488.3287748334578, 208.8118366249634]
247 1 [445.6688364234287, 172.0299587002955, 498.7157638057703, 201.7077738245628]
248 1 [436.8333833303768, 172.1861373609863, 488.5919631481107, 204.055979789186]
249 1 [455.8935080480296, 169.1078030713834, 507.5688844596878, 200.0242517552459]
250 1 [466.0082374524791, 172.3765265592374, 517.9581561596968, 203.4825498415705]
251 1 [461.2701007176656, 171.9903119257651, 513.5801171900481, 203.989962258827]
252 1 [424.1721773159225, 170.9069250547327, 474.1487095134926, 201.8531838005945]
