crossing 1
2 1 [485.4228293156624, 503.8975339603425, 525.6211011853815, 621.786037860334]
3 1 [486.9135814166069, 494.523999042511, 527.0748112111489, 613.0015694982907]
4 1 [492.9730778193474, 486.4539664459229, 534.6362868316463, 605.8935467460307]
5 1 [489.849445745945, 470.6420522403718, 528.9874453300575, 584.6081774879444]
6 1 [488.9872328197956, 459.2984729480744, 527.3749382833319, 573.958519807273]
7 1 [489.5368929213286, 448.2125430774689, 530.0348987704555, 568.2502776002303]
8 1 [489.1445101803541, 437.1511297893525, 531.036738265287, 552.6317304962095]
9 1 [491.8645431107283, 427.5596695613862, 533.8781302052425, 539.7520399547756]
10 1 [490.7945592707396, 411.9282513332367, 533.544761335259, 527.0661759753747]
11 1 [491.2288988015056, 400.2190416526795, 535.2933960177516, 510.5372575068147]
12 1 [490.8611250674725, 383.8739793968201, 536.6872012152576, 493.3295571872699]
13 1 [493.5450423514843, 371.7010157775879, 537.7307463704134, 488.5897222566255]
14 1 [491.3414927577973, 357.404151506424, 534.3408318238338, 471.6039110046116]
15 1 [492.7373928582668, 342.2782998752595, 536.0655274414202, 456.4974578512554]
16 1 [490.9085760271549, 329.7320299816132, 532.6265016651435, 446.2931146284714]
17 1 [488.825308457613, 321.1398392391205, 529.3377107278599, 429.7027618325158]
18 1 [489.0368035069108, 304.3668907356263, 530.0686244553779, 414.4151092064718]
19 1 [498.8669260969758, 298.6921762895585, 540.1976072387653, 406.2562301693207]
20 1 [506.327867769301, 293.1721704673768, 547.2785934055776, 409.5704646865483]
21 1 [514.2762335768342, 295.2113930356503, 556.9612265991161, 419.4314677420509]
22 1 [522.3316594591737, 291.8707934987546, 564.3361023699805, 416.4692110549373]
23 1 [529.8202970257402, 287.3805348050595, 570.0148824183274, 412.343595186905]
24 1 [519.9217024078965, 281.913466848135, 558.0950911906734, 405.9960106720273]
25 1 [503.3865096798539, 282.0009329204262, 541.2620943080526, 399.6870789392377]
26 1 [491.1463144055009, 280.0368007306755, 530.272609672444, 395.2815407239768]
27 1 [477.2241022816301, 284.9988376383484, 514.1797360103427, 397.6437830988246]
28 1 [477.6005504286289, 270.1111113314331, 513.0372131381683, 382.3311072983207]
29 1 [486.9094786798954, 265.1458569650353, 524.0569337917282, 379.1341529558232]
30 1 [502.0400247728825, 268.1399317865074, 539.6990903893429, 382.4479806362463]
31 1 [513.4804234659672, 281.2544318322838, 550.3992924720926, 397.6930784267199]
32 1 [524.4554755842686, 282.5381604616345, 561.2263319313616, 403.6641111926939]
33 1 [539.9101505434513, 287.1826828305424, 578.4718065827261, 409.2600345985152]
34 1 [547.965768352747, 296.4244962517918, 587.7561601774604, 422.5860945429981]
35 1 [546.9679546362162, 308.9580787007511, 584.1280424467019, 439.6272404393773]
36 1 [542.5848519808054, 307.5822097842396, 581.6093712711173, 432.3028320728665]
37 1 [539.8955386883021, 303.5717157308758, 579.6940129135132, 423.3183084295919]
38 1 [540.6102345889807, 300.7995016162098, 579.9873879138078, 425.381763056525]
39 1 [544.5214395231009, 292.6733262126148, 582.2593627205274, 419.1032188522343]
40 1 [547.4092553561926, 286.3575042073429, 584.3418100106486, 417.1129717188709]
41 1 [549.8853315418959, 282.8483987633885, 587.8287539142389, 402.5941934616217]
42 1 [547.0533894008398, 271.0721934621037, 585.6628925101343, 395.3879932815593]
43 1 [548.5668763524294, 263.4279406850041, 589.1390060059514, 390.3792531512805]
44 1 [545.3312438732386, 265.1737146858872, 584.2251989718595, 389.7369188495647]
45 1 [543.7121504551172, 262.9978554730118, 583.5258568897287, 384.3727791194777]
46 1 [543.0467695748806, 256.3678627495468, 584.2311775663808, 378.64479320325]
47 1 [544.175712839365, 248.4507631544769, 584.7669297136984, 372.5499967844928]
48 1 [543.6965755006671, 249.7216127102078, 585.9774272232944, 381.3991882318142]
49 1 [540.3663093230128, 243.2579884712399, 583.455282282899, 373.048411156895]
50 1 [538.0570133408904, 247.2244102542103, 580.7065345169779, 374.8377770332535]
51 1 [534.7158743819595, 245.6999544088543, 577.3196413355868, 382.3740826796191]
52 1 [534.7964383295179, 238.0584291402996, 575.7064328238409, 371.7676169538642]
53 1 [527.9022420576215, 231.3356266205013, 569.7337546028331, 359.9430724432388]
54 1 [522.1226437023282, 229.0920612995327, 562.1165011399943, 356.2861611485214]
55 1 [519.3768699100614, 233.2500759546459, 560.1965508161138, 366.6764138886078]
56 1 [514.6453739336133, 240.6108859960735, 554.9483602922854, 385.0884959173797]
57 1 [507.086538784802, 251.9642082636059, 543.1636280174355, 396.4850614914647]
58 1 [501.7650521925092, 263.4186104719341, 537.9913445584707, 407.6959074296111]
59 1 [500.2917649975419, 269.5145545189083, 538.4552677932196, 418.4513367393005]
60 1 [496.6983914008737, 281.3959798996151, 535.8951560446295, 425.6606176224116]
61 1 [491.4363401761651, 288.342438120097, 533.4323312987942, 425.1487689203415]
62 1 [491.0264987131953, 292.5912658159435, 533.0341435920955, 428.4189464646458]
63 1 [494.0333301207423, 295.3118339960278, 536.2322707619147, 431.8212854765673]
64 1 [495.3807723900676, 289.4961116497219, 540.0936889880161, 435.5430644995106]
65 1 [492.5986078760028, 288.6845827881992, 540.4531737560719, 431.5152982088682]
66 1 [495.550861992538, 295.5543107573689, 544.4123056481175, 441.4030019566974]
67 1 [495.3500262095034, 293.7136488442123, 545.4130186593151, 444.5243435706049]
68 1 [495.4653611133248, 293.3490192551911, 546.0266054689158, 450.968742817326]
69 1 [493.4057539055497, 300.4619675536454, 540.6191514380307, 466.7987785494389]
70 1 [495.2024246106297, 290.6182253022492, 541.8991788077152, 452.3596067184079]
71 1 [495.5385323340446, 286.0487472672761, 541.8668691831115, 442.2829355967825]
72 1 [492.3416330391914, 279.5633518357575, 538.179224214711, 432.6904977743976]
73 1 [489.5373623544723, 276.8775215406716, 536.0019103289365, 432.0691447639993]
74 1 [490.881462591365, 274.2637496848405, 536.6843505722167, 438.8851818323376]
75 1 [492.0256720209867, 264.1341846843064, 536.3524535137673, 421.5502964663299]
76 1 [491.7240023525804, 265.940077867061, 536.4066626999401, 424.291633898029]
77 1 [490.6125567766279, 266.9120258499682, 536.8436195588874, 422.1097607426207]
78 1 [488.5394877108187, 261.0899937559665, 537.8066052622498, 418.9448994543697]
79 1 [486.8862892600149, 259.0261587907374, 539.3246195972224, 415.3886173358932]
80 1 [479.8927731724829, 260.3463186730445, 535.2247342005621, 415.3991049418088]
81 1 [477.4490542622656, 257.9610014368594, 530.5187999760927, 406.4396459148999]
82 1 [471.9533659430593, 262.6070699502528, 527.434519201726, 409.8331783269908]
83 1 [470.4156859131903, 259.4826111604274, 528.0630498782841, 410.475783800459]
84 1 [470.3016983630508, 261.1475883831084, 528.9684825487826, 416.213547743686]
85 1 [475.0593282940239, 267.3185103048385, 532.763328358913, 426.4481498627716]
86 1 [478.5636790754646, 277.1244107593597, 532.3925379200995, 433.3728209841065]
87 1 [479.9278227152676, 280.2804159034789, 531.9214813081092, 442.5153650897061]
88 1 [480.7008086057753, 273.5206215490401, 534.4802488527786, 444.8187187850127]
89 1 [479.4922961207479, 277.3269762505591, 530.808015365548, 451.7957988687512]
90 1 [478.3187104674429, 269.475358914286, 528.1582242158305, 450.3559015292494]
91 1 [481.5876771422476, 275.1509042491019, 529.2080600299681, 468.3422831035362]
92 1 [486.2977786275, 278.7882902134955, 535.0424658790242, 464.0845287291465]
93 1 [484.4763679715246, 284.741020988375, 534.3901671272947, 483.0075803372612]
94 1 [485.7945448073, 288.0467863787711, 535.9551208675878, 496.4240710772723]
95 1 [495.5726778420061, 291.4972247590125, 547.3005482668897, 494.6981139737554]
96 1 [495.4642676009238, 294.9349145998061, 548.7673004140527, 498.3605464347446]
97 1 [490.6525065197051, 294.3848186393083, 544.3574317820722, 501.4640827432637]
98 1 [489.76526426211, 292.5959419865907, 545.3826754932308, 509.5642366438932]
99 1 [482.7542011632025, 301.66079458192, 535.9575034997333, 518.4941366198345]
100 1 [480.0980352057517, 293.6385059018434, 530.3641006443395, 505.6409092873815]
101 1 [484.0399457706511, 301.7508935590089, 531.406534580959, 516.4024146439887]
102 1 [483.1855301751197, 298.7989183922113, 529.8333496887642, 493.6148710873842]
103 1 [479.8791988386214, 299.6793578971923, 528.502728404182, 492.1645506747648]
104 1 [479.7960052738339, 300.2453569729627, 529.2329995613518, 498.5457420228962]
105 1 [479.0766941855103, 299.3561152775586, 530.4905744699761, 492.7456092682755]
106 1 [485.5178480694443, 304.4076840241254, 536.2870140936115, 488.2717843372384]
107 1 [487.6576528797299, 305.9847125072778, 538.6846711454311, 477.821067820606]
108 1 [496.5826801309735, 313.6794897575677, 548.1521808720825, 481.4174783657952]
109 1 [507.7745584497601, 326.211293603927, 559.0958587666268, 481.1606661611005]
110 1 [510.1919744262845, 336.2541338463128, 559.4712834833866, 489.7301575954605]
111 1 [516.9779298553616, 336.6789943014086, 565.9041213888377, 492.340784608318]
112 1 [516.0947205225378, 346.6865021024645, 563.2879169681377, 498.007322273295]
113 1 [519.3211443821341, 353.0289638076723, 565.9747246430651, 505.6312543824736]
114 1 [526.2020529905707, 352.0219412480295, 571.8143539665855, 512.9958091139736]
115 1 [527.9922139743716, 358.9339813624323, 572.1949299364824, 524.1554024081701]
116 1 [532.6877236465365, 361.594039503187, 575.4007776391971, 533.4708236790831]
117 1 [530.2730634907633, 364.4904607568682, 570.6917608997965, 544.7828128078552]
118 1 [532.1155221859366, 361.591358486265, 571.435597233495, 551.3438545337943]
119 1 [540.1268746057898, 358.9060461555422, 577.9649421301202, 558.0422985404495]
120 1 [538.1397055188567, 362.9724824462832, 576.3125301930752, 568.7883412987725]
121 1 [538.4934620285779, 362.672966722101, 576.3228859101148, 582.9325447735182]
122 1 [542.6091663265974, 363.7194117937983, 579.9398411063547, 586.7359311171263]
123 1 [543.0318665603548, 360.6890559230745, 580.0356431416942, 593.261983233838]
124 1 [534.5601004461199, 356.5111479197443, 571.1489929542651, 598.625831214991]
125 1 [523.3295446733386, 355.4691454057396, 559.9303209751042, 608.0304037771808]
126 1 [507.1397549013049, 349.28365551278, 544.4077885573189, 604.3778713290676]
127 1 [494.3917960027605, 354.6895780448616, 532.4538214427136, 617.7257875556844]
128 1 [479.4014483789355, 360.0572123412788, 516.1040534977755, 616.7836746212013]
129 1 [467.6401180128008, 362.5132506375015, 502.8980301782059, 606.2537986158879]
130 1 [463.4423413971812, 363.9484608952702, 497.0992317953719, 592.7864859010167]
131 1 [462.0921437541396, 376.3810516183079, 496.6577281343796, 616.2836916588968]
