david3 0
2 1 [84.63170576095581, 201.9333437681198, 119.687239745756, 333.1249676668644]
3 1 [87.41407883167267, 200.6462491154671, 122.4886931598498, 332.0653620852258]
4 1 [89.98395425081253, 199.6721751391888, 125.0161502011192, 330.8382614385712]
5 1 [96.21403914690018, 200.928800702095, 131.3458752884158, 331.7991411370587]
6 1 [103.0654559731484, 199.96074873209, 138.1715099238593, 331.0106518129104]
7 1 [105.0776447057724, 200.3954216688871, 140.1805802563179, 331.3904808721827]
8 1 [108.8230506181717, 199.7804877460003, 143.9485765568318, 330.6262414287148]
9 1 [110.9206743240356, 199.5631517916918, 146.007790107236, 330.0091725668597]
10 1 [112.9615254998207, 197.6476254016161, 148.0692433664918, 328.1431040680686]
11 1 [115.4151191115379, 196.8557230383158, 150.4164164768465, 327.5367250423474]
12 1 [116.4168301224709, 198.2716503590345, 151.4545961885684, 329.1255395371867]
13 1 [118.0370429754257, 198.0526191145182, 153.0770548497196, 328.7694541860999]
14 1 [119.031464099884, 200.3762983232737, 154.105103297423, 331.0876231747801]
15 1 [123.2470455169678, 200.6446044519544, 158.2809055449317, 331.3721102571492]
16 1 [129.0145255327225, 202.8427856042981, 164.0493237014612, 333.9645848381762]
17 1 [133.2925705909729, 203.6042640283704, 168.3191301778063, 335.3858141439799]
18 1 [139.4984061717987, 203.4230813011527, 174.6258464840233, 334.5232307871615]
19 1 [145.718935251236, 195.2718652710319, 180.8808918684392, 326.8407472249841]
20 1 [148.4924489855766, 197.7742012366653, 183.6619823424017, 329.5643749086772]
21 1 [149.1712358891964, 198.4780479744077, 184.3141727048354, 330.2776171682152]
22 1 [152.4326418340206, 201.4570368006825, 187.6628860119232, 332.9964849781499]
23 1 [153.3403235375881, 200.6842231824994, 188.6169195987937, 332.4366132289534]
24 1 [159.1755221784115, 199.2244826033711, 194.4960633018591, 331.3368405389049]
25 1 [163.0300632417202, 200.3037677481771, 198.245160065168, 332.3678100320041]
26 1 [164.420900374651, 202.5349695757031, 199.6978994841211, 334.5810104528026]
27 1 [168.7187687456608, 200.2104050591588, 204.0287369968012, 332.5582867170133]
28 1 [171.8110220730305, 197.6626342609525, 207.0636882016175, 329.9078760622091]
29 1 [171.7202374506742, 199.4728818014264, 207.0337790599803, 331.8743359976205]
30 1 [171.7574649304152, 203.6536574438214, 207.1224811505541, 335.7377307289528]
31 1 [176.7315378636122, 202.0095654204488, 212.1139600195082, 334.1512730408975]
32 1 [186.0622828453779, 200.8013517633081, 221.5264705250878, 333.1143080773489]
33 1 [187.9395963400602, 195.9836820140481, 223.3091556086903, 328.0662873838091]
34 1 [187.1833518892527, 192.9356329217553, 222.4696710600325, 325.0130495232428]
35 1 [189.7868039160967, 195.8272722139955, 225.0960777685094, 328.1512259274402]
36 1 [194.7502703219652, 199.8659952059388, 230.0570557476596, 332.5880738935721]
37 1 [197.5641584545374, 193.7701301947236, 232.810286416897, 326.6307557137219]
38 1 [199.9656834155321, 198.4598060026765, 235.2203884817864, 331.4989669282932]
39 1 [203.9655887633562, 196.9710407033563, 239.2561345169135, 330.2546636426686]
40 1 [210.713321402669, 195.879896171391, 246.0531293710684, 328.8045441246459]
41 1 [218.4035243541002, 197.3668556287885, 253.8062781340302, 330.3266236898553]
42 1 [223.9741702824831, 198.7694903686643, 259.4594358032293, 331.9699748286279]
43 1 [226.0624502450228, 195.5214918926358, 261.5486347151203, 328.8892010417281]
44 1 [228.8927831798792, 196.3622877970338, 264.4858614614187, 330.3798909545162]
45 1 [233.9752152115107, 196.4557872451842, 269.5744975358762, 330.3892529894445]
46 1 [237.6185187250376, 196.9683672226965, 273.2276752361649, 331.1039731418303]
47 1 [241.5880932956934, 196.9150765910745, 277.2647532605122, 331.2272158442241]
48 1 [247.1481545120478, 194.2187627330422, 282.8740916840891, 328.7453264703511]
49 1 [253.9966709762812, 193.0325070694089, 289.6805258842169, 327.4937408071298]
50 1 [261.5558748394251, 189.6738424375653, 297.2294300104404, 324.3583348374849]
51 1 [261.6212783101946, 194.2058093622327, 297.357157904439, 328.7822008260849]
52 1 [265.3154747728258, 196.7488111928105, 301.0587449753315, 331.2421356724217]
53 1 [272.3935489896685, 196.0079305693507, 308.1140043717547, 330.4627431023543]
54 1 [275.4189309123904, 197.9098758623004, 311.1631540424419, 332.5918788675422]
55 1 [283.5256744865328, 194.4108244106174, 319.1843052912245, 329.0139401360943]
56 1 [291.7561015132815, 196.575899772346, 327.5666235044797, 331.3684301921704]
57 1 [294.7779132369906, 195.622223906219, 330.6225167213909, 330.412204489525]
58 1 [300.3250551465899, 193.9650491401553, 336.1576220299818, 328.7486365884082]
59 1 [306.0813582185656, 195.3115906640887, 341.9833795775638, 330.4261622636637]
60 1 [310.4107307437807, 190.0468474552035, 346.4139020546825, 325.4285857209857]
61 1 [311.7069449964911, 194.6106396839023, 347.6823097504083, 330.4178522248016]
62 1 [313.2224299255759, 196.9390267059207, 349.1398266518037, 333.0529637838573]
63 1 [318.8307222668082, 196.5279954746366, 354.8123834592605, 332.7485271869833]
64 1 [322.8794506136328, 196.4589904006571, 358.9160584896481, 333.1192294320953]
65 1 [328.234602862969, 193.7835743483156, 364.2395741821563, 330.3811541051938]
66 1 [330.7652155701071, 195.8220440801233, 366.8510798853214, 332.5442694710301]
67 1 [336.2145609203726, 189.090216582641, 372.3087122276303, 325.7469454453907]
68 1 [341.2385701481253, 183.9407811816782, 377.3344875121505, 320.6764441048965]
69 1 [345.6992371622473, 180.5956692155451, 381.7589507033633, 317.5321107738521]
70 1 [350.283430987969, 184.2586869653314, 386.3249845101814, 321.399753609731]
71 1 [355.6949174944311, 188.6799129899591, 391.615155023726, 325.8841218521366]
72 1 [358.7724383417517, 192.8961899932474, 394.7319356370992, 330.2759361334813]
73 1 [361.4010029975325, 194.5060459431261, 397.4156593231944, 332.1233335393789]
74 1 [367.1719645205885, 192.472559755668, 403.1523124101537, 330.0422834304586]
75 1 [369.599408024922, 196.2241844590753, 405.5470038896461, 333.8037150829767]
76 1 [374.694507593289, 195.6383314933628, 410.5975137681168, 333.2412640788209]
77 1 [378.3095109406859, 195.8827443476766, 414.1452065259529, 333.3611348552768]
78 1 [379.6957082096487, 197.7786986585707, 415.4767238668391, 335.4806190193326]
79 1 [385.622939163819, 200.9490478988737, 421.3465195088751, 338.8631586029838]
80 1 [389.4821082893759, 204.9829600807279, 425.2111014420092, 342.9187220654961]
81 1 [389.6913931239396, 214.9792533870786, 425.3797781412378, 352.8153197610166]
82 1 [389.1872700620443, 216.727483605966, 424.8605551518841, 354.5932599025686]
83 1 [395.4150439668447, 211.6338968034834, 431.070588429757, 349.6742180443889]
84 1 [398.364443378523, 204.2489592786878, 433.9039352033126, 342.0800304904281]
85 1 [397.0000159014016, 198.9005322214216, 432.6149044324188, 336.4108124885639]
86 1 [392.4951088894159, 193.9365422483534, 428.0616231024613, 330.8903291195368]
87 1 [389.6042764056474, 195.8178815599531, 425.1490679313232, 332.9880292140567]
88 1 [385.9362901318818, 200.0923818107694, 421.4268879678001, 337.1012586682272]
89 1 [381.8563845027238, 204.7089037653059, 417.2950046435732, 341.9269453459724]
90 1 [381.9422457180917, 215.7309317346662, 417.3263828662734, 352.9651855336763]
91 1 [383.669363912195, 217.7121459599584, 419.0319576965949, 354.8636003303291]
92 1 [383.497497625649, 212.6907520648092, 418.8376858390192, 350.0892542229364]
93 1 [377.8532787039876, 206.19126538001, 413.2755345322624, 343.5911789909665]
94 1 [372.4390048459172, 204.3489405866712, 407.9574755046904, 341.6793942705576]
95 1 [366.5940458253026, 206.5229897256941, 402.0967941123569, 343.6318665453349]
96 1 [363.3968294337392, 205.0532239433378, 398.9496392313895, 342.3410271099755]
97 1 [358.6262131407857, 208.0391911622137, 394.2123809352819, 345.0190694238271]
98 1 [361.6058582141995, 207.6444074567407, 397.1257513982894, 344.6502248125802]
99 1 [360.80414647609, 209.497164612636, 396.3150762099286, 346.4764481750508]
100 1 [365.9165069535375, 208.5534790810198, 401.4391073889233, 345.2621001967107]
101 1 [366.9754173234105, 209.2451770212501, 402.4708068592156, 346.267775805887]
102 1 [367.8442043140531, 214.7098814155906, 403.3945954449835, 351.7779090583158]
103 1 [372.825590737164, 208.9297538902611, 408.3755241167243, 346.2192883317312]
104 1 [369.3714623525739, 210.8210331108421, 405.0152869751162, 348.4987184834898]
105 1 [368.6243471130729, 211.7224231567234, 404.249293339667, 349.1956073336621]
106 1 [369.6622770652175, 212.8297578599304, 405.3162332599308, 350.2383108201249]
107 1 [366.791132889688, 213.3366691675037, 402.4461892703222, 351.0505767699626]
108 1 [362.90920432657, 214.287967344746, 398.6156698144681, 352.1530610968666]
109 1 [362.3850087299943, 215.7181510534138, 398.0907794488054, 354.1936732644255]
110 1 [369.9191607609391, 216.3448367174715, 405.5819465765014, 354.7940550619092]
111 1 [370.3556917533279, 213.9712103065103, 406.1963673847524, 352.1664450955116]
112 1 [371.5559562370181, 209.4313687738031, 407.3747207696673, 347.5115662560648]
113 1 [371.1383825168014, 203.421066230163, 406.9312106740939, 341.3882310557833]
114 1 [373.5439361557365, 202.103167032823, 409.3234176182995, 339.9067765094932]
115 1 [371.3113234862685, 207.2812938448042, 407.0154953740391, 344.8871406579938]
116 1 [372.6076140925288, 201.0448167081922, 408.3269436731269, 338.6522321946989]
117 1 [372.4029477760196, 197.0493105407804, 408.0735539540697, 334.5263511388507]
118 1 [370.4408199712634, 188.9264765735716, 406.1202960278715, 326.1685872000508]
119 1 [373.3386533781886, 182.2529967781156, 409.0462109284602, 319.4881066330356]
120 1 [374.293940000236, 187.3683763500303, 409.9553910397792, 324.4744052276206]
121 1 [375.5805481895804, 183.3923111911863, 411.3010213378651, 320.5643483650467]
122 1 [372.6250733956695, 176.8617287632078, 408.4067778189329, 314.3692182048405]
123 1 [372.6386654968374, 177.3865833785385, 408.4344719830302, 314.8246896611961]
124 1 [373.5787602658384, 176.0943642761558, 409.3946596625519, 313.2934530651136]
125 1 [374.5677582318895, 170.6769819166511, 410.3910382606589, 308.3786992608651]
126 1 [375.1632950003259, 178.0534436609596, 410.9377731804564, 315.697666914609]
127 1 [378.9540838892572, 178.4721560236067, 414.6970803972664, 316.0814784614282]
128 1 [383.7068420345895, 177.6496445592493, 419.6127070353322, 315.3431762099409]
129 1 [389.0070508415811, 180.3874636348337, 424.8058409105852, 317.9564791733662]
130 1 [395.973779767286, 178.0633254107088, 431.848707094936, 315.6100749984723]
131 1 [402.0082250530832, 182.3244335707277, 437.9766883974666, 320.0869868876829]
132 1 [411.95157656027, 181.9186975117773, 447.9567808656836, 319.2999772127394]
133 1 [418.5147388870828, 174.8420180436224, 454.4063558647268, 312.6346512673192]
134 1 [423.6068215067498, 167.7472247239202, 459.4417726967247, 305.209635313421]
135 1 [431.575377672445, 165.6244572754949, 467.4824347891835, 302.7264226917437]
136 1 [438.063298671972, 158.4105559941381, 473.9397004058545, 295.0938359598636]
137 1 [446.1695465738885, 154.9923856612295, 482.0279872360013, 291.3281444093194]
138 1 [448.3662031586282, 150.8150153513998, 484.265495834254, 287.1625354391229]
139 1 [453.2203209097497, 145.8369795437902, 489.0784477671519, 282.8764783210553]
140 1 [455.4832999403589, 141.5456207152456, 491.3434630624033, 278.7733704209367]
141 1 [457.4948368961923, 145.5341896172613, 493.3564386025636, 282.9132046382698]
142 1 [463.6445191795938, 149.1891603823751, 499.5950599688254, 286.4295158766284]
143 1 [467.1907753641717, 147.1903701778501, 503.1709399468954, 284.8275534327706]
144 1 [474.023802250158, 148.3179526086897, 510.0861621392909, 285.5399200371098]
145 1 [478.7226458485238, 144.0582756754011, 514.8239014379299, 281.1116533062633]
146 1 [485.6466682846658, 142.6997880395502, 521.8186960562971, 279.8976871287982]
147 1 [490.8878398831002, 143.3533468004316, 527.1228950942225, 280.5111777279072]
148 1 [500.2590955193155, 140.7935992237181, 536.4438802187048, 278.3175795364845]
149 1 [505.3577845986001, 138.8124252315611, 541.5962945640657, 276.1339001217293]
150 1 [511.0192297394387, 138.688214333728, 547.282755417169, 276.0091876982316]
151 1 [507.8830196554773, 138.2381425220519, 544.2450816414588, 275.6450544474646]
152 1 [510.7974264319055, 138.0429040361196, 547.0454853246066, 275.0393132172915]
153 1 [509.9711813325994, 136.4824786949903, 546.1838739549312, 273.1680609590078]
154 1 [504.5993139143102, 137.1243789661676, 540.8198994427163, 274.1277489856542]
155 1 [506.966722428333, 139.8866683710367, 543.1656775449329, 277.1876026616743]
156 1 [500.6590029592626, 139.7270362880081, 536.9075993687712, 277.1476430430321]
157 1 [493.9456433649175, 145.7931430842727, 530.1363206235392, 283.835477753904]
158 1 [491.8622153396718, 151.4364640023559, 528.0489455892155, 289.0914652493934]
159 1 [487.9427101011388, 149.8590297009796, 524.0394100307246, 287.525312786132]
160 1 [485.9549559350126, 151.5476109888405, 522.1614956877658, 289.0226869826118]
161 1 [484.672903209459, 145.3317561056465, 520.865845206248, 283.106859402562]
162 1 [477.9313396508806, 141.2202522661537, 514.1325552663137, 278.9697972859145]
163 1 [476.720912009012, 136.9185136463493, 512.9247241503756, 274.695129140425]
164 1 [469.5392916495912, 130.5493916179985, 505.6653528128986, 268.2801282246122]
165 1 [464.99919405533, 130.7956556882709, 501.2439922242568, 268.4541759870047]
166 1 [460.9799009854905, 134.449019273743, 497.2435563568972, 272.1245894274463]
167 1 [455.5572614963166, 131.7484879102558, 491.8536658426448, 269.1759361590057]
168 1 [446.3389697368257, 129.5460082497448, 482.5438525701, 266.9463925942181]
169 1 [443.9095542724244, 125.8593849148601, 480.1911100196596, 263.491823047777]
170 1 [442.8903549010865, 123.8749974574894, 479.2265335425261, 262.116152583914]
171 1 [437.8461028630845, 130.8341904487461, 474.202364252837, 269.2859744576579]
