faceocc1 0
2 1 [116.9740937948227, 74.45614194869995, 230.5826260828972, 236.7191544508934]
3 1 [117.6371376514435, 69.46990489959717, 231.2049544391637, 231.6193351341949]
4 1 [118.7421061992645, 70.32545036077499, 232.2102643195378, 232.8376622640773]
5 1 [117.3692743778229, 71.60224550962448, 231.0184801212135, 233.8031670202239]
6 1 [117.9878797531128, 74.11648935079575, 231.9214145314065, 235.9569111525752]
7 1 [118.6465896964073, 70.72928494215012, 232.7104274609611, 233.028259538248]
8 1 [117.3174383044243, 70.75930532813072, 231.3646958307729, 233.5501511535472]
9 1 [116.5480926632881, 69.85458514094353, 230.542612628269, 233.147101867574]
10 1 [115.9423054456711, 67.91479894518852, 230.0763744818338, 231.759709971492]
11 1 [117.614476442337, 67.42204728722572, 231.5962529159931, 231.6688617988366]
12 1 [117.4145036190748, 69.30762401223183, 231.64144376369, 233.7648752874903]
13 1 [115.457347676158, 68.26605704426765, 229.7211216964255, 232.6437561586348]
14 1 [115.3064508885145, 70.78742936253548, 229.4162694923205, 234.7254289693059]
15 1 [114.4335639923811, 70.61746120452881, 228.4306311976839, 234.5351797056336]
16 1 [112.5603629797697, 70.69008945673704, 226.5441545338929, 235.1862307738418]
17 1 [110.6814450472593, 70.31557466834784, 224.4394905673098, 235.2987492535611]
18 1 [107.6290182322264, 66.93786480277777, 221.3000232087097, 232.1192902402724]
19 1 [106.2258551567793, 71.18443109840155, 219.8681612051146, 236.4152324282069]
20 1 [103.32774977386, 74.55058982223272, 216.714425497669, 239.9117896127337]
21 1 [100.2511024922133, 77.31509258598089, 213.5376134355849, 242.4765200496575]
22 1 [100.1967938989401, 73.65720321983099, 213.4662652199631, 238.8140743781357]
23 1 [104.0747693628073, 69.72960951179266, 217.0275551253468, 234.6438817018469]
24 4 [99.08412681519985, 70.49206861108542, 212.2193756456967, 235.0119051545275]
25 4 [100.8049611896277, 74.51869138330221, 214.0948637410623, 238.5852340036679]
26 4 [102.942166313529, 76.55035408586264, 216.0640628070499, 241.0137140641132]
27 4 [105.7103249877691, 75.53839155286551, 219.1515867505603, 239.8759678029701]
28 4 [101.6126029342413, 76.41322120279074, 215.2928884504946, 240.6934374682521]
29 4 [107.8580286353827, 77.29892411082983, 221.6106125193021, 241.6129109789014]
30 4 [105.9592705816031, 74.16999020427465, 220.0052413860364, 238.5284617463874]
31 4 [104.7883483022451, 70.91845049709082, 218.5516898608431, 235.6147298144174]
32 9 [101.5655480474234, 69.77551057189703, 214.9401807035457, 234.0349738008894]
33 9 [96.87408266961575, 71.28755953162909, 210.3382789047696, 235.6210784673259]
34 9 [92.74573718011379, 69.8342689499259, 205.9788186083276, 234.2315627406255]
35 9 [91.58469687402248, 68.31163241714239, 204.6628194158819, 232.4632950677012]
36 9 [91.47004307061434, 68.74553828686476, 204.8153597031766, 233.2518240714432]
37 9 [91.81345347315073, 69.72954951971769, 205.1644772006585, 234.1258926251405]
38 9 [91.80381294619292, 68.72788666933775, 205.0388534677434, 233.0491072132251]
39 9 [92.98402782808989, 68.0285407230258, 206.4011904871212, 232.5805817315585]
40 9 [92.93733563181013, 68.75310950726271, 206.2271407111726, 233.8978775075958]
41 9 [94.86905719991773, 68.87945044785738, 208.3218120156374, 233.8197986742985]
42 9 [94.68248403724283, 72.95990765839815, 208.1146810325996, 238.0304372972286]
43 9 [96.95312417205423, 69.37835586816073, 210.589072708434, 234.5116328881329]
44 9 [101.224547511898, 68.98452837020159, 214.8978401042162, 234.1323334869228]
45 9 [102.4027427500114, 66.58865935355425, 216.0609308714053, 231.1423807559412]
46 9 [103.4414712255821, 66.64262218028307, 217.2975300571615, 231.386972156747]
47 9 [105.7173298662528, 64.40090794116259, 219.6694437581087, 229.2598496708138]
48 9 [108.6218048399314, 62.80999238044024, 222.3157582674073, 227.6557676687417]
49 9 [111.4538451498374, 60.14887077361345, 225.0876142038841, 224.5145591879023]
