faceocc2 0
2 1 [119.0281842947006, 57.00597786391154, 200.9907580091158, 154.9920517712273]
3 1 [117.866295337677, 57.03278747620061, 199.8501892181956, 154.9795716950621]
4 1 [116.526654958725, 56.00169662060216, 198.4940620775792, 153.9709420845273]
5 1 [118.4284709692001, 56.04836263181642, 200.4186244322312, 153.994928091839]
6 1 [118.5712393373251, 56.02761235320941, 200.5610329763351, 153.9845777389105]
7 1 [118.3135732859373, 56.02643692831043, 200.2960997695583, 153.975255369756]
8 1 [118.157373175025, 56.02829034789465, 200.1013439997372, 153.9833625324556]
9 1 [119.1370103210211, 55.01189191802405, 201.0684613440302, 152.9710047152932]
10 1 [119.1029344387353, 55.01390528399497, 201.0475979594104, 152.9411071905348]
11 1 [118.2064598985016, 55.08468842227012, 200.1551387154195, 152.9941038504806]
12 1 [119.7347759194672, 55.05334513355047, 201.655520171974, 152.9314879411533]
13 1 [119.5432236976922, 55.10652815271169, 201.4832631206133, 152.9254862945067]
14 1 [120.2160594053567, 54.10037444997579, 202.1570707794405, 151.8785661528584]
15 1 [122.3303570337594, 54.00097253639251, 204.295911701578, 151.763856071616]
16 1 [120.2153427191079, 54.23585897404701, 202.1488189659918, 151.9550226621966]
17 1 [118.9993230886757, 55.05335771758109, 200.9569038991862, 152.8100554335848]
18 1 [118.3007927127183, 55.13073676545173, 200.2549567603808, 152.8401615274196]
19 1 [117.3083478398621, 57.08910435158759, 199.1874639944057, 154.8685482018714]
20 1 [117.9941668100655, 57.0025501223281, 199.8625225188254, 154.796408309241]
21 1 [117.9904776830226, 57.07824140507728, 199.8695165126698, 154.8967181652582]
22 1 [117.6729931849986, 57.14116749633104, 199.5753420299067, 154.9720374079878]
23 1 [117.9192424435169, 57.03170448262245, 199.8156811721676, 154.8751926947934]
24 1 [117.3135808128864, 56.0446461411193, 199.1949719142978, 153.9189227954591]
25 1 [117.1670781392604, 54.02196109015495, 199.0671633784437, 151.9027037024559]
26 1 [116.4849188942462, 53.07621568161994, 198.3836540298959, 150.9588559384395]
27 1 [117.1375679988414, 54.03229528386146, 199.0109971514347, 151.8556415556596]
28 1 [117.5103916544467, 54.01084534544498, 199.3621741925536, 151.8091152631736]
29 1 [114.9650749582797, 54.17060568649322, 196.8369611727608, 151.9548525735983]
30 1 [114.5989589113742, 55.08887216169387, 196.484714743629, 152.8927185394935]
31 1 [113.1421149391681, 54.74234205204994, 194.9800992127647, 152.5278709210929]
32 1 [110.0659530777484, 54.69902021158487, 191.8887056727456, 152.4741467798523]
33 1 [109.0427277702838, 55.04189163912088, 190.8564822640684, 152.7971121484218]
34 1 [108.080445708707, 55.24922368396074, 189.888524140958, 152.9724555974166]
35 1 [108.0047712791711, 54.03806826937944, 189.8272774468071, 151.7353693131446]
36 1 [106.0778474081308, 54.11456227768213, 187.863426455684, 151.8477939621716]
37 1 [105.0894241798669, 55.18877375591546, 186.8740568671873, 152.8862557598851]
38 1 [103.0711954105645, 55.17070653755218, 184.8763248055269, 152.8418100931922]
39 1 [103.0685135212261, 55.13488967437297, 184.8235498550756, 152.7750634402161]
40 1 [103.1903010841925, 55.31678814906627, 184.8994953209483, 152.9506597875489]
41 1 [102.2298588987906, 56.08985747117549, 183.9633913337572, 153.6887961869089]
42 1 [102.2496900644619, 56.15212797466666, 183.9703579432984, 153.7340002451709]
43 1 [100.3046345796902, 54.81596445385367, 181.9999808681689, 152.4406344064479]
44 1 [98.18871856597252, 53.40530633274466, 179.9211616831736, 151.0100117804545]
45 1 [97.2844042268116, 52.83695780579001, 178.9765073530288, 150.4302504043297]
46 1 [98.30848331120797, 52.70459375623614, 179.9553789429753, 150.3343722691806]
47 1 [97.23416824010201, 52.83448293153197, 178.8635256125525, 150.4256223136995]
48 1 [95.24291700986214, 52.93770177755505, 176.8780642791742, 150.5692499055587]
49 1 [93.08171243336983, 53.02090387139469, 174.7403314492541, 150.6871207794035]
50 1 [93.32476782170124, 52.12323175463826, 174.9704722083973, 149.7908118934895]
51 1 [94.2638741072733, 52.02126187924296, 175.9112098759971, 149.6280741760893]
52 1 [96.2137157258112, 53.33538276795298, 177.9017544295435, 150.9217605540886]
53 1 [97.14309667912312, 52.21337146405131, 178.8265893286117, 149.7969908866953]
54 1 [98.024422877701, 51.20859737042338, 179.66335446518, 148.7677704635808]
55 1 [98.3391783174593, 51.36349628213793, 179.9758085507502, 148.9528278224192]
56 1 [98.25437381234951, 52.30065737012774, 179.8823065249214, 149.8864628116746]
57 1 [98.10599447158165, 52.22487063799053, 179.771509390281, 149.786500163325]
58 1 [98.26845697429963, 51.09847815427929, 179.9691161431913, 148.6928751485574]
59 1 [98.30959988874383, 51.12439840007573, 179.9549667385773, 148.6907550726787]
60 1 [98.28461875882931, 50.00650255847722, 179.904179050755, 147.5815652923511]
61 1 [98.31210973043926, 50.35745491553098, 179.9619927086455, 147.9791191870807]
62 1 [99.04869200964458, 51.12816735077649, 180.7139903346581, 148.7427150716406]
63 1 [101.0867383696605, 50.08028133679181, 182.7737993686982, 147.6673626643251]
64 1 [103.8187680460978, 51.00337841082364, 185.5309420779388, 148.5578597288105]
65 1 [105.0995999791194, 50.10305370856077, 186.8175996818786, 147.7043267176511]
66 1 [105.1320715949405, 49.24054636526853, 186.8597347671543, 146.9113909682456]
67 1 [106.2134603068698, 48.15396787691861, 187.9541341538748, 145.7909801897778]
68 1 [106.1013904542197, 46.29739167261869, 187.8044951562511, 143.9984858635919]
69 1 [106.0329648808111, 45.00083758402616, 187.7953763288258, 142.7219824559253]
70 1 [107.1235502318014, 45.03536846954376, 188.9153584808233, 142.7535225973797]
71 1 [107.6173808828462, 45.23783303517848, 189.4636810512681, 142.9271694308967]
72 1 [108.5171791568864, 45.00166400987655, 190.3541275533923, 142.646506945431]
73 1 [108.1168524280656, 45.23439888376743, 189.9418025996741, 142.8789636753725]
74 1 [108.2303226769436, 46.20069054979831, 190.0295448880896, 143.8903025947359]
75 1 [108.0630825788248, 48.24013595003635, 189.8328514878523, 145.9581209487287]
76 1 [108.0731821565423, 48.19911533314735, 189.8896803978891, 145.9642285397958]
77 1 [108.0303197449539, 49.06323575694114, 189.8171467782993, 146.8111356995362]
78 1 [108.0597679077182, 48.02510940749198, 189.8078225790607, 145.7675161042925]
79 1 [109.1440981088672, 46.12152361590415, 190.8969268036763, 143.8909846143487]
80 1 [109.5330497680698, 41.79496168810874, 191.258471786997, 139.5425728443612]
81 1 [110.2458069978748, 38.62609290797263, 191.918026200359, 136.3880332229493]
82 1 [109.6510964690242, 36.04343843180686, 191.3214462297816, 133.8279286073677]
83 1 [108.7838953791652, 33.71486854273826, 190.4146318452286, 131.5165504697848]
84 1 [107.723317152122, 31.93251347262412, 189.3374422293844, 129.749962646216]
85 1 [107.9061254619155, 34.06217670161277, 189.4496800570839, 131.8374393661916]
86 1 [106.8808038590942, 36.1825149031356, 188.4659928184425, 133.9301482380544]
87 1 [104.6589517949615, 35.78136208374053, 186.1836341731867, 133.5752736962934]
88 1 [106.1299716590438, 35.17194720823318, 187.6529077632256, 132.9868987144212]
89 1 [108.6575416682754, 35.40019628126174, 190.1940410077104, 133.2971927254143]
90 1 [110.4962560294662, 37.44354793149978, 192.0541650785055, 135.2916332455112]
91 1 [112.8291279433761, 38.23080602008849, 194.4475836923049, 136.0986873890637]
92 1 [115.0383197425399, 39.12838455755264, 196.6561419358763, 137.0277604440117]
93 1 [117.3752011416946, 40.83007642347366, 198.9763006843475, 138.6896393126128]
94 1 [119.7070626376662, 42.96972962934524, 201.3237271395778, 140.7999558645963]
95 1 [120.2888884900603, 45.02626320440322, 201.9232912150717, 142.8091126968053]
96 1 [120.8925076483283, 47.63180824834853, 202.5032221737167, 145.4230857353902]
97 1 [124.013968086103, 45.55770799238235, 205.6573440017505, 143.3814839852965]
98 1 [124.3344373165164, 44.17996617872268, 205.9706922780005, 141.9037712097725]
99 1 [125.0077994524036, 44.08670216519386, 206.6796269000685, 141.8073107201507]
100 1 [125.0952801464591, 46.02437358815223, 206.7894637581217, 143.7419623849145]
101 1 [124.1187008975539, 44.18381160218269, 205.8540141176252, 141.8299393285816]
102 1 [125.2518568395171, 45.14304864127189, 206.9911739300376, 142.7765461682761]
103 1 [124.0374569057021, 45.32538318354636, 205.7814761888023, 142.9739514527558]
104 1 [125.061654364923, 44.22803020197898, 206.8027590374617, 141.8237080188428]
105 1 [125.0676725616213, 45.23653554636985, 206.7767570291029, 142.819365135521]
106 1 [124.9770292153116, 47.02781855780631, 206.6573469487357, 144.6474819986303]
107 1 [124.3907105436083, 49.20220029074699, 206.088893365211, 146.8613404010867]
108 1 [125.0272372474428, 49.28599849063903, 206.6651392766402, 146.9630130281781]
109 1 [125.3607825448271, 49.23003561515361, 206.9620335256018, 146.9484945211268]
110 1 [125.0353455354925, 49.17009369004518, 206.6319648144115, 146.8814625778429]
111 1 [125.4261882414576, 49.10026146192104, 206.9903056826781, 146.8261204770859]
112 1 [126.1972875108477, 49.19373095501214, 207.7307693447581, 146.957704809036]
113 1 [126.3609054496046, 49.09589608479291, 207.8638613439454, 146.801302432981]
114 1 [128.3941350390669, 49.12967715132982, 209.9241268894583, 146.8665078993315]
115 1 [128.0524481048342, 49.2693091230467, 209.5746441006254, 146.9750273377722]
116 1 [126.3109362830874, 49.03443547058851, 207.840224883439, 146.7028017812722]
117 1 [127.01095749042, 49.19217478204519, 208.4925729167292, 146.906360424129]
118 1 [127.1041754221078, 48.14006554055959, 208.6100338577705, 145.795019765158]
119 1 [126.2093547915574, 48.01258764136583, 207.7442402910777, 145.6865242324375]
120 1 [125.0443120335694, 48.01641718274914, 206.5836411724979, 145.7378102643257]
121 1 [126.4581534003373, 48.21241617924534, 207.9661585426986, 145.8723150988083]
122 1 [126.067085388815, 48.07226832932793, 207.5697333164296, 145.7242355528904]
123 1 [125.4027948414441, 49.33251508302055, 206.907372785282, 146.9949270493015]
124 1 [125.2978899215814, 48.03955920762382, 206.8064666842118, 145.6619413973977]
125 1 [125.4541582351085, 48.31922512478195, 206.9744782687125, 145.9623930363046]
126 1 [125.1300856654998, 48.11928232735954, 206.650790315649, 145.7583048386682]
127 1 [125.1878661809024, 48.08155424124561, 206.7416167719547, 145.7094238478978]
128 1 [124.9026916024741, 45.07827407843433, 206.4789116728025, 142.6824232385151]
129 1 [124.5954749283847, 42.22854144102894, 206.1532590589595, 139.8524305713584]
130 1 [125.1894311604556, 39.16621953970753, 206.7534362869083, 136.8198186928416]
131 1 [125.8806305823382, 37.19541782862507, 207.4479938093647, 134.8720758387361]
132 1 [127.956339210039, 38.48585969931446, 209.4976750966972, 136.2002126862924]
133 1 [128.98802027083, 40.33256418234669, 210.5059647328354, 138.0337628387681]
134 1 [128.6867350337561, 42.05874413973652, 210.2200218658561, 139.7964177474218]
135 1 [128.8611490128096, 45.15566033846699, 210.4089064959535, 142.8525316735313]
136 1 [129.7316269872244, 47.34163803583942, 211.2721613238314, 145.0783788865347]
137 1 [129.7743934316095, 49.1747750712093, 211.261712674724, 146.9286175962836]
138 1 [129.9848198515829, 51.24270576960407, 211.4516152951218, 148.9775256507693]
139 1 [129.8440799934324, 51.02054829127155, 211.3035923205622, 148.7447882333174]
140 1 [130.590982578462, 50.14816857106052, 212.0116292665894, 147.8859958276842]
141 1 [129.8185585362371, 50.20261572278105, 211.2482905424658, 147.9449628146175]
142 1 [129.9066015107092, 50.15921283117496, 211.3914487069414, 147.92404368058]
143 1 [129.7332477790769, 50.03335129073821, 211.1838430435898, 147.8273012680618]
144 1 [129.9006901753601, 51.03530024341308, 211.3213433883623, 148.864403727146]
145 1 [129.6458625567611, 50.21516661695205, 211.0444633269466, 147.9950702736126]
146 1 [130.7966321480926, 51.04107855609618, 212.2060229336288, 148.8239404128318]
147 1 [130.9384346527513, 51.08035852364264, 212.3254966993133, 148.9000073032931]
148 1 [130.8919375387486, 50.16045953682624, 212.2972963711585, 147.9618627817719]
149 1 [130.6550820318516, 50.01738134375773, 212.0548688357468, 147.8536350135605]
150 1 [130.7216597867664, 49.01204958907329, 212.1373419978096, 146.8386126270015]
151 1 [130.973607517546, 49.0013306865003, 212.4150655020757, 146.80240561768]
152 1 [129.9747467411216, 49.18119741766714, 211.4693652178883, 146.9397064864133]
153 1 [129.9383395796176, 50.14912773459218, 211.459081875619, 147.9410148823117]
154 1 [129.6027608101722, 50.05540647893213, 211.1191438790306, 147.8405046204685]
155 1 [129.7557964955922, 50.01689882366918, 211.2790176896689, 147.8196402755813]
156 1 [129.5813362186309, 50.09280146448873, 211.0881414346864, 147.8939138371678]
157 1 [129.515986043727, 50.10818911134265, 211.032793177617, 147.9344395109069]
158 1 [129.8422672038432, 50.04299341677688, 211.3868488040122, 147.841889120115]
159 1 [129.9623827298638, 49.00491546629928, 211.4721697823176, 146.8557675519229]
160 1 [129.5762086173054, 49.16716462909244, 211.0866949921895, 146.9980301631875]
161 1 [129.9071338137146, 50.06234747706913, 211.4392330641626, 147.8679772567853]
162 1 [129.8686256480869, 49.01110989390872, 211.3966425735531, 146.8096193421118]
163 1 [129.4906751883682, 49.15364499925636, 211.0319230144138, 146.9366132750214]
164 1 [129.9362443459686, 49.14784301933833, 211.4769134142196, 146.9166981078537]
165 1 [129.9589727220591, 49.18933880818076, 211.5345971386662, 146.9680708306762]
166 1 [129.8860699234065, 50.03290939819999, 211.4643500303324, 147.8536079605484]
167 1 [129.9725584012922, 50.04211677168496, 211.5859387374302, 147.8935537464139]
168 1 [129.4455545169767, 50.07798543502577, 211.0933129187901, 147.9006914350818]
169 1 [129.9545127374586, 49.16934874583967, 211.5753613410187, 146.9832837095286]
170 1 [129.8054012579378, 49.04184290696867, 211.4427913133011, 146.864470384088]
171 1 [129.6138403338846, 50.16541668702848, 211.2911490035343, 147.9588053512127]
172 1 [129.5727349852677, 50.16651688294951, 211.1817334833622, 147.9376670133701]
173 1 [128.4050152634736, 50.14142737130169, 210.0433751211186, 147.9191124615801]
174 1 [129.6279274558183, 51.01338926295284, 211.2591936613169, 148.8190186949982]
175 1 [129.6984640916344, 52.02431848982815, 211.3619184869417, 149.8306465774968]
176 1 [129.4026852806564, 52.26560466329102, 211.0559002707723, 150.1215035529903]
177 1 [128.8635112007614, 54.27538125554565, 210.527333266221, 152.0929380842482]
178 1 [128.7762029131409, 51.72738187352661, 210.4362437640303, 149.5601156506652]
179 1 [128.3917552789208, 51.58107748965267, 210.0464945865002, 149.4060343555981]
180 1 [128.8857687970158, 48.66156164149288, 210.5413644713954, 146.4481141533617]
181 1 [128.7097433020826, 47.15722790698055, 210.3983402095003, 144.942154141891]
182 1 [128.3946946074721, 48.1764449212933, 210.0860565139724, 145.9743473049161]
183 1 [127.5469052006956, 49.23480382899288, 209.2984977002504, 147.0525844301046]
184 1 [127.4197417011019, 45.45405379275326, 209.1967510739112, 143.3204826927593]
185 1 [125.8940089454409, 45.08830413559917, 207.6878519145801, 142.9581989838104]
186 1 [124.542211841559, 48.00881681183819, 206.3343911671522, 145.9066814487371]
187 1 [125.0408410837408, 49.6840492222691, 206.826545632361, 147.5259379809143]
188 1 [126.1772901823279, 50.1567593846703, 207.9942971722129, 147.9835144786311]
189 1 [126.1754750148393, 51.09233177045826, 207.9811639531405, 148.987648490136]
190 1 [125.0021022693254, 52.08743757347111, 206.7798937382923, 149.9240623299338]
191 1 [125.1284121559002, 52.17815804074053, 206.9092025673293, 149.969118382042]
192 1 [126.0433315322734, 51.36844169686083, 207.8560598502247, 149.2025516977258]
193 1 [125.1458157585003, 52.05539881775621, 206.8916867648462, 149.9653519403384]
194 1 [125.0343546257354, 52.04510928934906, 206.7515068555181, 149.9435029379172]
195 1 [125.2700418815948, 52.02694221457932, 206.9924292358561, 149.9522571974471]
196 1 [125.2855617529713, 51.00773712119553, 206.9991075597045, 148.9624762151591]
197 1 [126.3518055207096, 51.09607928863261, 207.994562977949, 148.9767355508538]
198 1 [125.3441538340412, 51.04179047665093, 206.9474192525448, 148.9390791418907]
199 1 [125.0483307964169, 51.06418015866075, 206.6746135406055, 148.9866812553951]
200 1 [125.2608596361242, 51.02086349634919, 206.8471082878891, 148.9547658231624]
201 1 [124.2632749355398, 51.01524134690408, 205.8095834806332, 148.9210064939684]
202 1 [125.4022414959036, 51.00562128762249, 206.9528028625397, 148.9102099087207]
203 1 [125.2758862948977, 51.09776336292271, 206.7428133757491, 148.9406898726876]
204 1 [125.3899600780569, 51.00667564908508, 206.8332129361137, 148.8624684235714]
205 1 [125.5049266568385, 51.0074567781412, 206.9604949779745, 148.8502385918228]
206 1 [125.4266877523623, 51.07969089463586, 206.8899614580754, 148.9054015564668]
207 1 [125.0242612413131, 51.1440945477807, 206.4955251181531, 148.9815151108977]
208 1 [124.4995080879889, 51.02458009734983, 205.8969974745079, 148.8686301474717]
209 1 [124.3591082445346, 50.03104732051725, 205.7754489084535, 147.9089893503949]
210 1 [124.5322375199758, 49.00737473979825, 205.9227671065534, 146.8807687165463]
211 1 [125.0510566732846, 49.05637563631171, 206.436810421421, 146.8720359280947]
212 1 [125.2732153288089, 50.06874073907966, 206.6303961584018, 147.8834678275281]
213 1 [126.6364949098788, 49.12947799131507, 207.9453644789436, 146.953951140153]
214 1 [125.3102469793521, 50.10612936184043, 206.6025861095866, 147.9317165384609]
215 1 [125.2807292840444, 49.09318943187827, 206.5855607011484, 146.8817761128956]
216 1 [125.7865081331693, 50.02598662540549, 207.0827331607727, 147.8196020592385]
217 1 [125.9089860073291, 48.19616706535453, 207.2490506296855, 145.9837619040527]
218 1 [125.6832995912992, 48.14621640235419, 207.0062392532716, 145.9519318023364]
219 1 [125.0704483888112, 49.09002102405066, 206.3663469808641, 146.8959194859211]
220 1 [125.2732766470872, 48.12330169469351, 206.5555984335447, 145.9557747697255]
221 1 [125.9908956489526, 48.19004769116873, 207.2621219123134, 145.9997201436115]
222 1 [125.2964222631417, 48.12560385704273, 206.5810131267122, 145.9121789511386]
223 1 [125.2155838957988, 47.12289530277485, 206.4718208607873, 144.8312268265786]
224 1 [125.1469867504202, 48.11333012819523, 206.4175892395515, 145.8102706905136]
225 1 [125.1301649692468, 48.04878388583893, 206.4197825597398, 145.7678179431607]
226 1 [125.1875598947518, 47.30127834022278, 206.4830270249311, 144.9866595301169]
227 1 [125.0836068238132, 47.09671662986511, 206.3651024989004, 144.852882649637]
228 1 [124.9128139312379, 47.14170449465746, 206.1553390166059, 144.8841091431293]
229 1 [124.8619045387022, 47.10413667798275, 206.0870156193122, 144.9197819166305]
230 1 [124.8579573663883, 47.12733650446171, 206.1119245941072, 144.9505771620359]
231 1 [124.9207252594642, 46.04933214426274, 206.1884810050609, 143.8836575933874]
232 1 [124.8177832397632, 46.04415718192468, 206.0861517101778, 143.8807255499621]
233 1 [124.9786968710832, 46.10341816494474, 206.2582260149911, 143.9204945752975]
234 1 [124.9409280563705, 45.19996761629591, 206.2871909315252, 142.9892777832841]
235 1 [124.7574978466146, 45.0558427060605, 206.0783296434332, 142.910912295851]
236 1 [124.9157798285596, 45.03242865862558, 206.2958785237756, 142.8701709110887]
237 1 [125.4911227817647, 45.13827037723968, 206.8736434629591, 142.9537515962911]
238 1 [125.9856036598794, 43.23489105614135, 207.3828171692821, 140.99292143955]
239 1 [127.3207881147973, 43.10834212513873, 208.6972990041176, 140.9349355278847]
240 1 [128.097094445955, 42.04357416840503, 209.4768265316362, 139.8160658990888]
241 1 [128.4288628394716, 42.08161150204251, 209.8028978424507, 139.9234121293851]
242 1 [126.3572757537477, 41.07653413998196, 207.7573423958968, 138.8813749999846]
243 1 [126.2074176962487, 39.04290138470242, 207.6181318600178, 136.8480897247461]
244 1 [124.6982745821588, 37.11949347244809, 206.0832428739411, 134.9341767112455]
245 1 [122.9268611366861, 38.00682770001004, 204.3160368309025, 135.8014437349067]
246 1 [120.7692814762704, 36.73359678970883, 202.1500725714104, 134.5228580350087]
247 1 [120.6373702581041, 39.15970252739498, 202.039837913659, 136.9564760672161]
248 1 [118.8797835404985, 40.04936383949826, 200.2867000898761, 137.9075501294279]
249 1 [117.734696298372, 39.09341518866131, 199.1840632609844, 136.8908647246227]
250 1 [117.9375152583234, 40.02032016502926, 199.3648489045851, 137.8956074942537]
251 1 [117.2877054805867, 41.04825376259396, 198.6701647549679, 138.8733351247491]
252 1 [116.3570437426679, 40.00115512596676, 197.7481925576455, 137.8097313872378]
253 1 [114.5479153390043, 40.13273456977913, 195.8881779813622, 137.860030426288]
254 1 [112.8029246325605, 40.12923982465873, 194.1114622917383, 137.8796968880088]
255 1 [111.1911638970487, 39.10812011087546, 192.5367487681633, 136.8923388357754]
256 1 [110.5820940728299, 39.01973404461751, 191.9382714400165, 136.8554854092966]
257 1 [110.4463810320012, 39.16134773666272, 191.8002832598049, 136.9847300718521]
258 1 [110.165007411968, 37.04218422347913, 191.5014394055455, 134.8654248674543]
259 1 [108.2059611673467, 37.13963774318108, 189.5755670801689, 134.9688301903023]
260 1 [108.166029132437, 37.02278139168629, 189.5538242588879, 134.8521380952496]
261 1 [107.4744252930395, 37.07703866536031, 188.8540082159724, 134.9774528037213]
262 1 [107.2553308526985, 37.05720319884131, 188.6335025166766, 134.9552379378154]
263 1 [106.4248846690171, 37.01437339471886, 187.8094121752241, 134.8970385083691]
264 1 [106.4244556358026, 37.10728968220064, 187.8287374548904, 134.9789670407675]
265 1 [107.5523308446573, 37.02294893848011, 188.9398216629821, 134.8897619539375]
266 1 [108.2759634187387, 37.05265865760157, 189.6901366007241, 134.9245319755787]
267 1 [108.5689328541921, 37.1202028869302, 189.9872337641915, 134.998858584834]
268 1 [107.5780949821638, 37.07099481212208, 188.9852850520812, 134.9896365230012]
269 1 [107.1643044581579, 37.00676644878695, 188.5700649936395, 134.9395882893885]
270 1 [107.0629048874544, 38.01817859249422, 188.4217376821142, 135.9134819727943]
271 1 [108.7347295811342, 38.02217401104281, 190.0620325686667, 135.9499309889049]
272 1 [108.5166111817525, 39.0526962383301, 189.840776969496, 136.9657246497364]
273 1 [109.2046742668317, 39.05009649932617, 190.5508604472419, 136.9885629194837]
274 1 [109.3895220687555, 39.09600557998056, 190.7554577453421, 136.9841149544425]
275 1 [109.0642903676198, 38.10458620503778, 190.4374886740233, 135.9262249497305]
276 1 [109.8969268431829, 37.04239722207421, 191.2958453681288, 134.8528905462432]
277 1 [111.6299645533727, 36.05150195077295, 193.0285535004133, 133.8511083469651]
278 1 [108.5794157614873, 35.98283895716304, 189.9973136135432, 133.7117322924667]
279 1 [109.9544437756704, 35.07386609778041, 191.408165394206, 132.8125103806402]
280 1 [108.573602758901, 36.56858309969539, 189.998208151648, 134.3046439736331]
281 1 [107.6780714621709, 38.88922127947444, 189.1488552018409, 136.6461794527233]
282 1 [107.526867993729, 39.00145835295552, 189.0259286156288, 136.7298827929419]
283 1 [107.9058730384277, 41.28873104468221, 189.3869997453103, 139.0296055753649]
284 1 [107.0783480783866, 44.13470048323507, 188.5863782033899, 141.8782450079348]
285 1 [107.0554430061893, 45.13207871332998, 188.5806287822313, 142.864546661571]
286 1 [107.6279119426326, 45.00804287061328, 189.164450430441, 142.7566907622737]
287 1 [107.5797001296596, 45.04165260359878, 189.1055450374849, 142.7746287519232]
288 1 [108.0470297807769, 45.02277941122884, 189.5761549702908, 142.7627728079665]
289 1 [108.4317829782085, 45.22076796606416, 189.985753273294, 142.987847655661]
290 1 [108.4660680876987, 45.21122518792981, 190.0099671974575, 142.9269055795823]
291 1 [108.8336425112502, 46.28151980653638, 190.390608558424, 143.9996297572403]
292 1 [108.9542867751734, 46.06007433548803, 190.4875502921448, 143.7734933652357]
293 1 [108.8745035069005, 46.02956738934154, 190.3942305607636, 143.7801473764515]
294 1 [108.3439484970586, 47.17489614948863, 189.8751410660206, 144.8975143577322]
295 1 [108.6177957789914, 46.57313689455623, 190.1588776030958, 144.2336974939317]
296 1 [108.964046313049, 48.0381942676031, 190.555914362141, 145.7323359180431]
297 1 [108.5132322447316, 48.18162478372688, 190.1213584447826, 145.9023906555652]
298 1 [108.2392837839143, 48.0805022479617, 189.8392145709894, 145.8344032126254]
299 1 [107.3158030943887, 48.91614357248182, 188.9124416150622, 146.6814388786896]
300 1 [106.0269786553399, 48.93631337262923, 187.6608997761176, 146.6911324739816]
301 1 [105.0383007364289, 48.54943556763465, 186.708244132688, 146.2761631981301]
302 1 [105.0314879665093, 48.55766272597248, 186.7310047052376, 146.2715891111963]
303 1 [103.2948072204308, 48.44549585931236, 184.9773000547264, 146.1608700210092]
304 1 [103.2549498589651, 48.44010331068421, 184.9320147885742, 146.1572922641672]
305 1 [104.1964940341131, 47.70262517366791, 185.874991369221, 145.4474298381724]
306 1 [103.0920297415869, 47.45237751636887, 184.8050786112047, 145.2553390684836]
307 1 [105.0130955489294, 47.41874064836884, 186.7260719736671, 145.2301713700985]
308 1 [103.1125437529699, 47.55534349713707, 184.8114523426507, 145.3592728218653]
309 1 [103.1294566342549, 47.7539102617302, 184.8443974369462, 145.5686904031979]
310 1 [103.0190189057903, 47.57512623403454, 184.7280154423513, 145.3812959774502]
311 1 [101.2318141633587, 48.37380314205075, 182.9238033416674, 146.1819591276087]
312 1 [101.3335737684683, 49.4377262625494, 182.9875932113594, 147.2030913780775]
313 1 [100.3600050905661, 49.56128993962193, 181.9725841733616, 147.3384997581079]
314 1 [98.8883850077109, 49.86752254102612, 180.5074991391929, 147.6401602439725]
315 1 [97.7168704966025, 50.51627606485272, 179.3439452416983, 148.3304773248712]
316 1 [97.11612243446871, 53.55240720842267, 178.7209599759589, 151.3430982802345]
317 1 [96.87281494829222, 55.1952199373045, 178.4561088662925, 153.0512784386168]
318 1 [94.68328195306822, 56.51131147478009, 176.3039451874041, 154.4337601650948]
319 1 [93.66255169603392, 56.76476747129345, 175.3075907960223, 154.6720486314626]
320 1 [92.92205219957396, 56.54936842952156, 174.5544427072076, 154.4387303641404]
321 1 [91.94088607523008, 56.05125765834237, 173.5395872571928, 153.9797672135536]
322 1 [90.09601920339628, 53.05622272525216, 171.6901560942914, 150.974278722254]
323 1 [88.75314121934935, 53.06729132082546, 170.3171884650304, 150.9153856420743]
324 1 [90.43894379827543, 53.12505931552732, 172.0174354227677, 150.9455800543068]
325 1 [92.70492642614408, 53.00504932698095, 174.2657570508184, 150.8233000954226]
326 1 [92.62883969637915, 52.04360667761648, 174.1768500694165, 149.9083063198941]
327 1 [93.46027221772238, 52.14444403495872, 175.0194265238168, 149.9415146913864]
328 1 [94.35720762106939, 51.11465780582512, 175.9229711127787, 148.9182132979316]
329 1 [97.46926554534002, 51.6641546949395, 179.0917780084604, 149.4252610368106]
330 1 [97.73759358617826, 51.11400525417412, 179.3552273758072, 148.8896528329358]
331 1 [97.73179496321245, 51.15100370865548, 179.4051965397442, 148.8914710284764]
332 1 [98.25867481026216, 51.18552127626026, 179.9247952150825, 148.8966419825357]
333 1 [98.18513911459013, 51.01197511103237, 179.830646351259, 148.7133178790779]
334 1 [99.20264976713224, 51.19206568744266, 180.8575572701574, 148.9273045401427]
335 1 [99.23781821745797, 51.01458060886944, 180.8388646396212, 148.7587664520299]
336 1 [98.43354485052987, 52.21683454659069, 180.0644064886737, 149.9788877856209]
337 1 [98.064853137912, 51.23142194893444, 179.7027946615062, 148.9366024052815]
338 1 [97.80383390802308, 51.1524172067293, 179.4381188451255, 148.8520560229055]
339 1 [96.19715899843141, 51.06580691185081, 177.8219330742106, 148.8174138710468]
340 1 [94.0302171172516, 51.22606428113068, 175.6535180082618, 148.994410358727]
341 1 [92.4210463227646, 51.15068223472918, 174.0453016088454, 148.9931487208943]
342 1 [93.22057712692185, 51.00887254771078, 174.8641098820807, 148.8388302394098]
343 1 [92.95349550861283, 52.14872054156149, 174.6202872450375, 149.9420776738268]
344 1 [93.19842306393548, 51.02378551062429, 174.8560124168652, 148.8587699164767]
345 1 [93.17824643533095, 51.12100620713318, 174.7630185011029, 148.9909124884763]
346 1 [93.31484317462309, 51.16336346190656, 174.8510949886529, 148.9728625025982]
347 1 [93.43096492122277, 52.03153414052213, 174.9308848202813, 149.8643113751581]
348 1 [93.25666182170971, 51.05243319791043, 174.7100470298907, 148.8740010186973]
349 1 [93.52558185587986, 51.10774279903853, 174.98833841504, 148.9132258075354]
350 1 [93.31222980152234, 51.07387276511872, 174.7717816106316, 148.8741227666952]
351 1 [92.60871176849469, 52.09207304340089, 174.1127735776776, 149.911606805979]
352 1 [93.42730926405056, 51.02243157249177, 174.9579327901884, 148.8682025455594]
353 1 [93.41801129336818, 51.04218127165223, 174.9462434044, 148.9020561137322]
354 1 [94.34259520526393, 51.01771937456215, 175.9319486941678, 148.9040527977411]
355 1 [94.17469638641342, 51.04584742110455, 175.7569505023011, 148.9496909865526]
356 1 [93.63321751411422, 52.02002645056928, 175.2452595272523, 149.942960202747]
357 1 [92.95640409048065, 54.06358862441266, 174.6274740035145, 151.9976257596682]
358 1 [93.98921394403442, 56.05782902758801, 175.6732820232055, 153.9410069252749]
359 1 [93.62861177380546, 55.00335312407697, 175.267517945968, 152.8752669913679]
360 1 [93.53582865800127, 56.07120514434064, 175.1743611554068, 153.9264522096222]
361 1 [93.90897757615312, 56.05609814409399, 175.56750092105, 153.9091012321752]
362 1 [93.45230484809144, 56.00869153399253, 175.1724916210194, 153.8707702832886]
363 1 [95.40766585673555, 56.05964058224345, 177.1242940435368, 153.9024073969422]
364 1 [98.78552568759187, 57.83810644928599, 180.5305117266771, 155.6210713124654]
365 1 [98.86272151078447, 58.00226071063662, 180.6221819592859, 155.8447620649391]
366 1 [100.7581502875255, 58.10125826630974, 182.5233918880541, 155.9482729412923]
367 1 [103.4367558440135, 56.72785209451104, 185.1899765386653, 154.5575056595734]
368 1 [106.5651840647624, 57.166997659544, 188.2936615579875, 154.9695918453303]
369 1 [108.373004861729, 58.15137981210137, 190.1137501950404, 155.9082738130491]
370 1 [108.7741839369701, 60.05874727998162, 190.5128839048274, 157.7958547855601]
371 1 [109.4248796781467, 59.1446683887043, 191.1382220816035, 156.8452142162884]
372 1 [110.6259793123172, 59.03734612796689, 192.3695794468433, 156.7563998046049]
373 1 [110.9132553121017, 59.08859981183196, 192.630798986766, 156.8206299451801]
374 1 [110.8450410073565, 59.01620225940133, 192.5687906912329, 156.7708736267464]
375 1 [107.8191911881731, 59.52084933553124, 189.5395159139181, 157.2926461157121]
376 1 [105.711033553438, 60.67969464097405, 187.4493207731256, 158.4431399813041]
377 1 [102.9425515836047, 59.61512290273095, 184.6787853893242, 157.3852085819178]
378 1 [100.898568124132, 59.11472009454155, 182.6808370204295, 156.897628543592]
379 1 [100.584061474161, 57.19553314481163, 182.3919697655263, 154.9732948974109]
380 1 [103.6191326087283, 56.98034800920868, 185.4274633998562, 154.7416017366244]
381 1 [106.135380834894, 54.22979607019806, 187.9490306634957, 152.0255726042898]
382 1 [108.1487959330843, 53.11756135855103, 189.9643237288277, 150.8870482252866]
383 1 [109.288450807886, 54.03157194290543, 191.1478130210384, 151.8314741924726]
384 1 [107.4920247500704, 54.02852301701205, 189.3632245624553, 151.8829897277045]
385 1 [104.7145052855776, 54.71307997807162, 186.6002497097441, 152.5204500264238]
386 1 [102.6685987418459, 55.17508830531733, 184.5817792927196, 152.9223341967735]
387 1 [99.89994224961265, 55.82415135606425, 181.8322051945831, 153.6040954641674]
388 1 [97.51363667901023, 56.69676848157542, 179.443222173885, 154.4428020728596]
389 1 [93.80944547112449, 58.37189264997141, 175.7210396374395, 156.1196407229864]
390 1 [90.85079702790245, 58.48756358429091, 172.7437851348363, 156.2941918774125]
391 1 [87.82428440506919, 58.04607487126486, 169.7449847059435, 155.8443365292243]
392 1 [84.84973177369102, 59.04902410908835, 166.8072847561377, 156.8516873875335]
393 1 [81.34411653931602, 60.18268359109061, 163.3062448428674, 158.0313750850262]
394 1 [78.85427793915733, 59.27486914797919, 160.7667663757431, 157.1673697196608]
395 1 [76.67861899788841, 59.11019999190467, 158.5900796869241, 156.9736622535851]
396 1 [73.66437396462425, 60.47809297248023, 155.5868753776589, 158.3436569188198]
397 1 [72.12348493988975, 61.31001437111991, 153.9930142699856, 159.1957930409998]
398 1 [69.29298839028343, 60.72503537341254, 151.1711827992944, 158.6256999999994]
399 1 [68.42649278099998, 59.13718802138465, 150.3131081605912, 157.0510239331718]
400 1 [66.36097225602134, 58.1238383690943, 148.2647621587405, 156.0231300779776]
401 1 [66.72421503122314, 57.18733168049948, 148.5951076167335, 155.0628227540244]
402 1 [66.12913948352798, 55.10998320981162, 148.0284195730289, 152.9888673388364]
403 1 [67.709249318199, 52.71891951962607, 149.5670698575962, 150.604145541504]
404 1 [69.45868367012008, 49.95668220921652, 151.3193301222305, 147.8702362311974]
405 1 [69.39185254331096, 46.7275896112551, 151.3056366070034, 144.6749798193062]
406 1 [70.18753854985698, 44.9583834449877, 152.119644893431, 142.8712465439654]
407 1 [70.23262985478505, 41.86718571587699, 152.1607436963963, 139.71254285114]
408 1 [70.26807086225017, 39.65345156594412, 152.2269783752916, 137.4338495906641]
409 1 [70.88343595023616, 36.87512410088675, 152.8646730251505, 134.6815863673061]
410 1 [71.53296367879375, 33.71497667237418, 153.5124257087369, 131.5403960943121]
411 1 [75.20024864430889, 33.0643673579325, 157.108629781326, 130.908698821064]
412 1 [76.01324145551189, 32.05730301543372, 157.9287957253968, 129.9315039713092]
413 1 [78.88071267362102, 30.99979025527136, 160.8367208612677, 128.8558497553813]
414 1 [81.34542529340251, 31.43916410609381, 163.3396744264692, 129.3239311239883]
415 1 [84.69559662099346, 31.43437143071787, 166.7227115863739, 129.3259053157583]
416 1 [88.50427262540325, 29.95361693605082, 170.500690965936, 127.8007228621085]
417 1 [90.61238615270122, 28.09146066411631, 172.5812877970198, 125.9413481527778]
418 1 [93.06401436086162, 25.7138003896107, 174.9860786257235, 123.5512949173014]
419 1 [94.03838019128307, 24.80853875383036, 175.9779096179102, 122.6231857866359]
420 1 [94.0489659277664, 25.16762973769801, 175.9801431716812, 122.9896500883942]
421 1 [94.03056500348612, 25.10421675100224, 175.9522463083879, 122.9399638377295]
422 1 [94.02907995026908, 25.11360870330827, 175.9386157210734, 122.9423228071297]
423 1 [94.103280990239, 24.51970224111574, 175.9851562387821, 122.3496573924016]
424 1 [94.05489309769473, 24.2913341972162, 175.9263594264248, 122.0627225927097]
425 1 [94.07731131356559, 25.09642832010286, 175.9145129219811, 122.8288472292196]
426 1 [95.02501425784431, 25.19337576656835, 176.8439331072421, 122.915491604339]
427 1 [94.0006720785459, 25.1448782759835, 175.8229969485351, 122.8653975509935]
428 1 [94.1203311670979, 24.19878048478859, 175.8901998251366, 121.947641498584]
429 1 [94.13097463813028, 24.04979678272503, 175.8510945936027, 121.8061072553884]
430 1 [95.20486425128183, 21.44386097072857, 176.9236814691624, 119.1662169930097]
431 1 [94.28880445924006, 19.19580432056682, 175.9751944423655, 116.9217844256086]
432 1 [94.09505878653727, 17.9960645067622, 175.7864442266996, 115.7553245444103]
433 1 [95.22428594794474, 15.20108302711742, 176.883817640669, 112.985806721538]
434 1 [95.20639843758545, 17.98267277359264, 176.8592826719157, 115.7736515716916]
435 1 [94.32796407755814, 16.62463625549572, 175.9769224511686, 114.4461887352385]
436 1 [95.04118920382462, 14.98656722187297, 176.6594950022006, 112.845141690462]
437 1 [94.05230696019135, 12.51453300594585, 175.6617855129556, 110.3250734988056]
438 1 [94.00628523048363, 11.935174189799, 175.6308639204837, 109.7237525025853]
439 1 [94.38491092142067, 13.29880233883159, 175.9823530375707, 111.0607417371024]
440 1 [94.005765090551, 14.48800357460277, 175.5814589661081, 112.2511837904226]
441 1 [95.12217284258804, 16.27337750076549, 176.713937295714, 114.0406581577137]
442 1 [95.20517059680424, 14.19887789367931, 176.7913774973362, 111.9425617943864]
443 1 [94.10894903060398, 15.87327345489757, 175.7068267533431, 113.6327643076122]
444 1 [95.27284940597019, 15.64579913794296, 176.8846222102751, 113.4057394683805]
445 1 [97.14579662200413, 15.24121079623001, 178.7850518495377, 113.0160037841453]
446 1 [98.21618434306583, 15.33844585745828, 179.8038739865118, 113.1487129624657]
447 1 [98.06532029327354, 15.29811389400857, 179.6612041597479, 113.0489409349814]
448 1 [98.41865856465302, 16.37352163746255, 179.9923019112508, 114.1302372397705]
449 1 [98.15432287272415, 16.49324629857438, 179.704665825185, 114.2169497872925]
450 1 [98.35539966341457, 16.31977626337903, 179.9371178634263, 114.0245192639043]
451 1 [98.14191852029762, 17.31163951411145, 179.7598504453941, 115.004273727332]
452 1 [98.33929217871628, 16.73879989638226, 179.9689747901256, 114.4317131170989]
453 1 [98.25390229639015, 17.55946227564709, 179.9226312958016, 115.1956823254903]
454 1 [98.09967922684155, 17.76143985643284, 179.7491892568636, 115.4308652214106]
455 1 [95.1819083642622, 17.3112627233495, 176.8603325710704, 115.0441716717153]
456 1 [94.08118283268414, 18.28647803916829, 175.7272600638827, 116.0281082271419]
457 1 [94.03693065684638, 21.55431222572224, 175.700065044386, 119.3008014676958]
458 1 [94.2112950150331, 23.50086068763631, 175.8937575379541, 121.2167289439609]
459 1 [94.23711845729849, 24.03761511697667, 175.9502461270586, 121.7509944738374]
460 1 [94.18022768650553, 24.29468413844006, 175.8636580796344, 121.9900381550478]
461 1 [94.07344803665183, 24.16935681953328, 175.7919594007223, 121.8799336225696]
462 1 [94.02925906408927, 24.16613450838486, 175.7450631744466, 121.8442474674119]
463 1 [94.12113101113937, 25.24388686014572, 175.8563708837853, 122.9523217495489]
464 1 [94.1766578637471, 25.17309671832481, 175.9181211798737, 122.9331446614999]
465 1 [94.08042493541143, 25.02855493320385, 175.8170667731556, 122.781444973105]
466 1 [95.25596180636785, 25.11858879221836, 176.9736250952615, 122.8846273976453]
467 1 [94.03759899814031, 23.5249706376926, 175.7709858401413, 121.3109413510837]
468 1 [95.00006148297689, 23.82969419850269, 176.6844542991595, 121.6068665337502]
469 1 [95.21517177004716, 23.94427166326204, 176.8762811613237, 121.7698893556271]
470 1 [95.07477045137784, 23.73317522747675, 176.7257323494014, 121.5557429324054]
471 1 [95.00153813589714, 23.59844634874025, 176.6479792316215, 121.414519296814]
472 1 [96.12662039030693, 23.88409260852495, 177.7963048762434, 121.7118743537917]
473 1 [96.04290547300479, 23.74856927437941, 177.7080478541729, 121.5698823650138]
474 1 [96.015550452139, 23.49787696643034, 177.6531532180452, 121.3516540434074]
475 1 [96.15506303575239, 23.21904771967093, 177.776192349707, 121.0495658126385]
476 1 [98.06448340680799, 23.95878564758459, 179.7116691609296, 121.8088576131324]
477 1 [98.05169805031619, 23.841749282612, 179.6785675416496, 121.7209122982238]
478 1 [98.02094239075086, 23.60830162657658, 179.6094639002834, 121.5043717542616]
479 1 [98.05914864395163, 23.85303114546696, 179.6703885852817, 121.6631394032715]
480 1 [98.27522652302287, 23.79361585719744, 179.880498625423, 121.5555795722365]
481 1 [98.09185767624877, 23.50132102711359, 179.6948903922423, 121.2595127254892]
482 1 [98.02260398570797, 23.36128778202692, 179.6652879334583, 121.091926454472]
483 1 [98.26786084179184, 23.9179503415362, 179.9018270719491, 121.6570560761634]
484 1 [98.08404378299019, 23.63570151670137, 179.7157837892669, 121.3710596002685]
485 1 [98.02675006989739, 24.63554386241594, 179.6786916905864, 122.4021994297107]
486 1 [98.37150890831254, 24.48619898600737, 179.9951548088558, 122.2177378816286]
487 1 [98.01237542633317, 23.50903972430388, 179.6798127548377, 121.2079197275184]
488 1 [98.14041520361207, 23.60041546268622, 179.7994989683523, 121.3126008072518]
489 1 [98.00031442646287, 23.39949543221155, 179.6519840528169, 121.1091075318606]
490 1 [98.16293124560616, 24.30597502930323, 179.7861019752746, 122.0108274255038]
491 1 [98.36314832870266, 23.64895720226923, 179.9612035959092, 121.3442397137677]
492 1 [101.0136822432687, 24.55005396349588, 182.587229248395, 122.2337339027963]
493 1 [101.2812464505842, 24.56821336230496, 182.8451735274228, 122.3067933382156]
494 1 [100.3038533002546, 24.52306184178451, 181.818129653522, 122.2565439044601]
495 1 [101.296489742439, 24.31345273560146, 182.7946255471646, 122.0803078740042]
496 1 [98.23817971054814, 23.97247873252491, 179.7455105267628, 121.7659110727436]
497 1 [98.00404673520825, 24.51964806026081, 179.5322343337138, 122.2797174321505]
498 1 [97.16316979829571, 25.05850671237567, 178.6801349103254, 122.853145301994]
499 1 [95.11567634050152, 25.09795808425406, 176.6482603431409, 122.8754208544857]
500 1 [94.27590554658673, 26.05709457030753, 175.7989564886304, 123.8810869245056]
501 1 [94.15528963957331, 26.12597539654234, 175.6997170462474, 123.9566006727379]
502 1 [94.08454702500603, 26.00620837887982, 175.625031144469, 123.8312159309153]
503 1 [94.21254853610299, 26.06062207376817, 175.7745119126471, 123.8476479360946]
504 1 [94.16281609315774, 26.17748276150087, 175.714390823586, 123.956615595345]
505 1 [94.07980254371068, 26.24088579422096, 175.6549764593345, 123.9958089869378]
506 1 [94.00561086166999, 26.11088576918701, 175.576521941404, 123.8597321007095]
507 1 [94.38454137076042, 26.0807854962186, 175.9837818215197, 123.824620045991]
508 1 [94.17257347036502, 26.16166880546371, 175.7748227672354, 123.8995615568254]
509 1 [94.02940199602745, 28.08467665134231, 175.6139009139638, 125.8297461608924]
510 1 [94.0819979615917, 29.12643518863479, 175.6410303056222, 126.8544624119129]
511 1 [94.14461345304153, 31.06784859119216, 175.7396007124048, 128.7309163101538]
512 1 [94.12111377794645, 33.145649103506, 175.698586920103, 130.8033510369343]
513 1 [94.05556044806144, 36.66165652690688, 175.6805701496819, 134.3181226808306]
514 1 [93.165895976912, 39.45275798259536, 174.8314190106781, 137.0922251025559]
515 1 [92.89890474904678, 42.83640065608779, 174.5445051807792, 140.4754129582023]
516 1 [92.99495898265741, 45.00798716960708, 174.6446260716245, 142.6370616355745]
517 1 [93.75286267776392, 48.15332379756728, 175.3664975549355, 145.7468189633489]
518 1 [93.85242688734434, 50.15458717761794, 175.4968768673203, 147.7442906572869]
519 1 [94.07114753205678, 52.10554244933883, 175.7530251747901, 149.7259824410465]
520 1 [93.34418889958761, 54.26593258796493, 175.0381778868513, 151.8544275083465]
521 1 [93.70090368468664, 54.21296452922979, 175.3570120119412, 151.8135595226451]
522 1 [92.73424276788137, 56.03491997165838, 174.382906582122, 153.6606584364026]
523 1 [91.77583322007558, 58.0426957551972, 173.4282853944823, 155.6735716450031]
524 1 [91.35103386719129, 61.0055282060639, 173.0176675682613, 158.682997680689]
525 1 [90.41324555952451, 61.26411044044653, 172.0832474780783, 158.9507701887499]
526 1 [90.3672979742696, 61.25879589567194, 172.0465867531243, 158.9731755474079]
527 1 [90.33336870078347, 61.11616704711923, 172.008977684858, 158.8428579862579]
528 1 [90.69080410603783, 59.00630495796213, 172.3860306791227, 156.7386510111683]
529 1 [90.33563305143616, 59.13609217951307, 172.021591025077, 156.8629029843754]
530 1 [88.71239186529419, 59.20377762714634, 170.3918578311546, 156.9030681078873]
531 1 [87.99515981678269, 59.01188488403568, 169.7228378059645, 156.7412330260806]
532 1 [89.51235241894028, 59.09203267196426, 171.2279788574142, 156.8262361312793]
533 1 [90.44191665653489, 59.16119658300886, 172.1572136535773, 156.9273045681856]
534 1 [92.40112597946427, 58.0047488147975, 174.1493165034667, 155.752768748906]
535 1 [92.81061164740822, 59.18227969954023, 174.5507856789471, 156.974170883923]
536 1 [93.65166280869744, 59.04319422791014, 175.3972934661915, 156.8731150546484]
537 1 [94.63992009763024, 58.10450398275862, 176.411168015951, 155.9203204107]
538 1 [94.45463613871834, 58.04803764919052, 176.2233470951437, 155.8599519531507]
539 1 [95.46382812861702, 58.15593829849968, 177.2444836794059, 155.9704405837069]
540 1 [96.92904500369332, 58.00087702373276, 178.7057927427109, 155.7853368879685]
541 1 [97.86323724393151, 58.10620384017238, 179.6671178972545, 155.9071763982916]
542 1 [98.22697643641732, 58.06751260260353, 180.021694917893, 155.8611808482206]
543 1 [99.70328597430489, 58.21684435108909, 181.5416901679168, 155.9757708325028]
544 1 [99.51965133551857, 57.13196244934807, 181.3750433003758, 154.8684521193688]
545 1 [100.1608564675262, 58.05327382782707, 182.0181832110181, 155.7559203025085]
546 1 [101.9966921627929, 58.08287204342196, 183.8466068989237, 155.7996804422122]
547 1 [100.6138927758148, 57.20683957176516, 182.511431596363, 154.9203323828308]
548 1 [101.4147305906226, 58.15788931684801, 183.3201042610867, 155.8592988086512]
549 1 [100.6105513990333, 58.19302993552992, 182.4936455845357, 155.8833111789596]
550 1 [101.5730403483321, 58.46651148336241, 183.4183155181769, 156.1265768039597]
551 1 [102.7190902054717, 58.70423064666102, 184.6396768632374, 156.3509927181869]
552 1 [103.2764920413902, 58.58281387673924, 185.1628485842321, 156.1643606474764]
553 1 [104.1713336527755, 58.64946976589272, 186.0303700725831, 156.2391951690274]
554 1 [104.4315210402419, 59.55210331367562, 186.266365318992, 157.1126266777042]
555 1 [105.6193032086303, 59.84869018482277, 187.4198156570658, 157.4507699083888]
556 1 [106.3518817246368, 59.77937215106795, 188.1043670160485, 157.3879958075688]
557 1 [106.5445225805452, 59.67261212604353, 188.2555836765715, 157.2691505472779]
558 1 [107.3831663102319, 60.51264804141829, 189.0725965178805, 158.1665798180933]
559 1 [107.868338909786, 60.65112277405569, 189.5274937758252, 158.3417163848758]
560 1 [107.6770153463294, 60.57070803182432, 189.3332950587489, 158.2571428832405]
561 1 [108.4472775280883, 60.70276829140494, 190.1222310146216, 158.4295677348172]
562 1 [107.9491256297042, 60.71629811922321, 189.6360205543823, 158.4945238098709]
563 1 [106.0469680846145, 60.09571607509861, 187.720601064896, 157.8537196139313]
564 1 [106.2890160650422, 61.24541337887058, 187.9651225358265, 158.995161888795]
565 1 [104.2240756124666, 62.11041416326771, 185.8853095102839, 159.7995988227714]
566 1 [104.1237843156268, 62.04767984250793, 185.8216413751131, 159.7877904017033]
567 1 [103.2393868685176, 60.19706946710357, 184.9494792188498, 157.945538171109]
568 1 [103.1153135493805, 60.0284060696722, 184.8190821559651, 157.7747345225157]
569 1 [105.1255181029846, 61.10070113936672, 186.8870637878349, 158.8172018852372]
570 1 [104.1968590215256, 60.56498585740337, 185.9217271678511, 158.261523269113]
571 1 [104.0205178156903, 58.5280507663847, 185.6737618594071, 156.2172064811767]
572 1 [105.2677364245465, 57.49103580514202, 186.9075679295663, 155.1964986950008]
573 1 [107.3288359538128, 58.05485282937298, 188.9294383241322, 155.7764581365538]
574 1 [108.079894711118, 60.73751078645, 189.6976096833473, 158.4268456609397]
575 1 [109.1700083509495, 61.12606535950908, 190.8008054126238, 158.8053071434406]
576 1 [108.0201440349629, 60.3235561112524, 189.6699181336821, 157.9675777963921]
577 1 [108.0708211593737, 58.09919492999325, 189.7253002278298, 155.6839644884157]
578 1 [107.319802933227, 58.51367999712238, 188.936459493431, 156.1394456553028]
579 1 [106.0672383837809, 58.93185545603046, 187.672093410252, 156.5534666735734]
580 1 [106.2336486958375, 57.40775956312427, 187.8211397521818, 155.0431429594442]
581 1 [106.1190762304177, 57.24487932125339, 187.7006195779363, 154.8782505870489]
582 1 [106.0808243088832, 56.31759245792637, 187.6325215989284, 153.9804848189158]
583 1 [106.4282736413588, 56.14821210602531, 187.9562131122243, 153.8352470592433]
584 1 [107.1086815827002, 56.171788078791, 188.6390151914138, 153.8480761563858]
585 1 [109.4436978333106, 56.85598723316798, 191.0149459471636, 154.5543828548914]
586 1 [110.6382003061881, 58.16157225990901, 192.2137207472812, 155.8853353721509]
587 1 [110.5295299299469, 58.00999738002429, 192.099804949542, 155.7321374499148]
588 1 [109.8701742299309, 58.66941620135913, 191.3938200079136, 156.378793504885]
589 1 [109.7517894365301, 58.12889618898043, 191.2675064378557, 155.7768029774891]
590 1 [109.7156919658592, 58.03971156204352, 191.2283705824938, 155.683287657328]
591 1 [108.5701022565772, 58.22998565161834, 190.0740745628342, 155.8403032649018]
592 1 [106.7558608472755, 58.2834631773294, 188.2092158369797, 155.8894971829099]
593 1 [106.7090731457283, 58.18777509505162, 188.1592254300121, 155.7891730535734]
594 1 [109.9067600563576, 57.28602751070866, 191.3543195884755, 154.8048067003701]
595 1 [107.6505730942299, 58.35218985850224, 189.0844075712183, 155.8821763819533]
596 1 [104.7799158886483, 59.17377396399388, 186.2373602528501, 156.7370350906855]
597 1 [104.9645366415789, 58.13030823046574, 186.4122794011379, 155.6775586550228]
598 1 [106.8252778992464, 58.07759598741541, 188.2337151486493, 155.6504136685231]
599 1 [106.8889383420756, 58.00381643424043, 188.3036920946582, 155.5133407455788]
600 1 [106.6802836403658, 58.30547333607683, 188.0979829770818, 155.7640521835984]
601 1 [106.9841703519633, 59.1494666422368, 188.3786006687334, 156.66855674249]
602 1 [104.6980034456065, 58.80416134843836, 186.0566178182143, 156.321926820661]
603 1 [106.8380521879008, 58.56937717745313, 188.1857159275344, 156.0991561466279]
604 1 [108.6767413959315, 58.82584600994596, 190.0478889328547, 156.3124197677216]
605 1 [108.8480604634096, 58.31439601728926, 190.2008022764426, 155.7786698849458]
606 1 [109.7859853849222, 57.61184501001844, 191.099244185659, 155.066480193486]
607 1 [110.7542253479769, 57.97611724684248, 192.0573788724812, 155.3881614324713]
608 1 [109.8938683018496, 57.65490578958998, 191.1792250033985, 155.0318655431035]
609 1 [109.8021740883996, 58.66442536661634, 191.1005971971871, 156.0268781375107]
610 1 [108.8775696129014, 57.91528391191969, 190.1214394507131, 155.3056705260573]
611 1 [108.8483191885462, 56.87672387907514, 190.1357822653026, 154.2450591465907]
612 1 [108.8151050217857, 57.93877100298414, 190.1801495044028, 155.3120976276402]
613 1 [108.7006042682042, 57.91061112942407, 190.0736408604039, 155.2443005162681]
614 1 [108.7610350482573, 57.98256876232335, 190.1253291578714, 155.324089801728]
615 1 [107.7255766027083, 57.78858437301824, 189.06481625433, 155.1358030933224]
616 1 [107.7532930642774, 57.67744604410837, 189.0986510259315, 155.0408180364475]
617 1 [109.8581676751783, 57.87156333687017, 191.2118345708483, 155.2346493241778]
618 1 [112.278599527519, 58.64219923975179, 193.6301458550516, 156.0392531147311]
619 1 [114.7339604169538, 58.21111883880803, 196.1060463982791, 155.6085180357703]
620 1 [117.0836491853406, 57.40245439769933, 198.4798007494729, 154.7760332620365]
621 1 [119.6334953576734, 57.34074750827858, 201.0089544027551, 154.7153537341023]
622 1 [120.9646959573438, 56.13331654953072, 202.3269163455812, 153.4930144935142]
623 1 [120.540062305372, 56.01355111884186, 201.8941330088514, 153.3491337450116]
624 1 [120.7906480998208, 56.08066776680062, 202.1282840055418, 153.4518218310112]
625 1 [120.7840657623892, 56.02871278958628, 202.1086962892041, 153.4168543040533]
626 1 [121.4628942998534, 56.00823401386151, 202.8101680148615, 153.3592844925433]
627 1 [122.6988630088454, 56.37572889501462, 204.0004961298238, 153.7148703635995]
628 1 [123.7566590102797, 56.21050248021493, 205.0996616901666, 153.5851205195796]
629 1 [125.9400651248579, 55.39651927823434, 207.2542161552939, 152.7632792105778]
630 1 [127.8664282354002, 55.50711333478103, 209.1895070814917, 152.8873940300864]
631 1 [129.1635199578886, 54.59827434743056, 210.4738231913026, 151.9616561567619]
632 1 [129.0744671987777, 55.37530004704604, 210.3858323996618, 152.7417655122543]
633 1 [127.8560410904174, 55.52693429315696, 209.1798687417756, 152.9029216518547]
634 1 [125.806503431726, 55.18458252871642, 207.1063097917445, 152.616161243017]
635 1 [123.8361076282745, 55.48743545735488, 205.159521163885, 152.919852155611]
636 1 [123.8443444397708, 56.13482272351394, 205.154155863961, 153.6452477841687]
637 1 [122.8624424364825, 56.4482663544477, 204.1312172006907, 153.9210716059944]
638 1 [120.8646482851764, 57.46879705513129, 202.1196124683493, 154.9427267742305]
639 1 [117.6110720064899, 57.35334164375672, 198.8784126630895, 154.8803264189164]
640 1 [114.4546572592517, 57.65070319647202, 195.7205466706383, 155.1605450872654]
641 1 [112.8920933630725, 56.09347141260514, 194.1402050457732, 153.5949367702622]
642 1 [112.2739986207744, 56.48915949935326, 193.5285681913214, 153.9381603680438]
643 1 [114.2287178066035, 56.89380491251359, 195.4895793652455, 154.3291319597626]
644 1 [114.725687119033, 55.63965249533067, 195.9539411453077, 153.1101846134993]
645 1 [114.5739264365693, 55.57846159959445, 195.7999666780706, 153.0457536159249]
646 1 [114.7980297681352, 56.65407795930514, 195.9816250464351, 154.1113573702543]
647 1 [114.0337366935273, 57.95884532952914, 195.2524415770725, 155.3983047560104]
648 1 [111.6755256530305, 57.91036441648612, 192.880088684931, 155.3519941937521]
649 1 [112.1994333144685, 57.85077092150459, 193.4492579812069, 155.3037587644515]
650 1 [109.6638815280458, 58.61392650107155, 190.8977508692296, 156.0517990188938]
651 1 [108.7225192662736, 58.74069377878914, 189.9442704426571, 156.1768966274744]
652 1 [108.6227208774944, 58.60411387780914, 189.8437587067202, 156.0383789980568]
653 1 [108.0913541119953, 58.63330665515969, 189.314681476497, 156.1038267901412]
654 1 [109.5760782760044, 58.56536075758049, 190.8197672391387, 156.0229289447512]
655 1 [109.5700028835272, 58.81766617583344, 190.8349773593989, 156.3159314077181]
656 1 [108.7293960152601, 58.59228524850914, 190.0143605116894, 156.1650962087834]
657 1 [109.9779851733183, 58.64350090088556, 191.2770996977691, 156.1766866397325]
658 1 [109.8459489344095, 58.60242413642118, 191.1429978285446, 156.1323854185223]
659 1 [109.790769014362, 59.94745742442319, 191.0995828199079, 157.5108395893672]
660 1 [110.7060258126294, 59.47919588448713, 192.0347955903071, 157.0480406062927]
661 1 [110.845392543677, 60.54755740525434, 192.1857245143979, 158.0870421358424]
662 1 [110.9299632719194, 60.63753822358558, 192.232459422097, 158.1587537886655]
663 1 [109.8851150682604, 60.51192687364528, 191.1689201555905, 158.0313087013688]
664 1 [109.939124654833, 60.80948944302509, 191.2485887570431, 158.3032574473401]
665 1 [109.8691023251449, 60.71389954449842, 191.1754622330543, 158.2031012150852]
666 1 [108.8568093439972, 59.79829066159437, 190.169134242753, 157.2943960495544]
667 1 [108.7996484784817, 59.70590967597673, 190.1089749335922, 157.1974859224736]
668 1 [108.8159761576389, 59.51445472898195, 190.0984060160731, 157.0105446779776]
669 1 [108.9577705411648, 59.85424358310411, 190.30162214307, 157.3444660044771]
670 1 [108.8673219530319, 59.72850950720022, 190.2063698204031, 157.217165369572]
671 1 [108.7058081625437, 59.67136351304362, 190.0428541787525, 157.1570672904521]
672 1 [108.8632451294398, 59.73923930810997, 190.2013972577023, 157.2497632467265]
673 1 [108.7642752005195, 59.58856454776833, 190.1013032830925, 157.0970201494166]
674 1 [108.7421152534371, 59.80760483728955, 190.0902339408462, 157.3474962674345]
675 1 [108.6923903542047, 58.93172507273266, 190.030697201466, 156.5404071493728]
676 1 [108.9284247028118, 58.88984857784817, 190.3043536113967, 156.4360253539886]
677 1 [108.87546823718, 58.8088102741749, 190.2487557773621, 156.3512081798282]
678 1 [108.8348485434835, 58.73708929406712, 190.2055502889975, 156.2756507694504]
679 1 [108.7484870011394, 58.6159810377867, 190.1145602164592, 156.1530328403799]
680 1 [108.6842567155545, 58.52538600104163, 190.0473581398351, 156.0580312542509]
681 1 [108.8790261427348, 58.73848059313605, 190.279136708359, 156.2414460645572]
682 1 [109.576789406914, 58.85873101936886, 191.0087815033157, 156.3553591890989]
683 1 [109.8480300585215, 58.99028861807892, 191.2907518777933, 156.5028252022056]
684 1 [109.9371858368104, 56.65585816191742, 191.3895988171442, 154.2129784862538]
685 1 [109.9592670759594, 53.84214270400116, 191.4250042297655, 151.3810429244091]
686 1 [110.8104341587459, 52.24334466742585, 192.3027654148132, 149.7144831872783]
687 1 [110.7475620245969, 50.5784248142154, 192.2051042409313, 148.0690806058825]
688 1 [110.6658026760852, 48.94972694205353, 192.1073682202585, 146.4957580265455]
689 1 [110.8098256325757, 46.41016567038605, 192.2468697021877, 143.9313017103453]
690 1 [110.7114684245025, 45.38908779906342, 192.1523994388282, 142.9265014863912]
691 1 [110.5915169006621, 45.34204161452362, 192.0306864496642, 142.8768610587418]
692 1 [110.5176971739566, 45.23809895204613, 191.9533275666449, 142.7719104158491]
693 1 [109.9336589759623, 45.26143560098717, 191.4139684210484, 142.7954163191475]
694 1 [109.8935535809433, 42.41406449960778, 191.3610295511869, 139.8930992208749]
695 1 [108.9318619629776, 40.46448979066918, 190.4371241310259, 137.9441391589323]
696 1 [108.587283070985, 39.11696359800408, 190.1082195172528, 136.5598998810489]
697 1 [108.9027789792453, 38.47575602220604, 190.4919289138036, 135.9632325299391]
698 1 [108.827480796579, 38.37361942516873, 190.4130735797229, 135.8599271105185]
699 1 [108.6807120925223, 37.25611530529568, 190.2373603444241, 134.7563853435203]
700 1 [108.8911833947932, 38.28306959854672, 190.4141062395568, 135.8295339264844]
701 1 [107.5667457765376, 41.00977133499691, 189.0571145794856, 138.6365537801848]
702 1 [106.372542995814, 43.0965931295068, 187.8391070087281, 140.7568356174764]
703 1 [105.9213627761637, 46.44044755684445, 187.4069782130327, 144.0745229861508]
704 1 [105.4334316736495, 48.47291444527218, 186.922459162394, 146.1533923200683]
705 1 [104.4807352906501, 49.52007864700863, 185.9655656943684, 147.2121737631277]
706 1 [104.2244462555682, 48.43598924862454, 185.7142161029501, 146.134231810245]
707 1 [104.9944645947253, 49.60575996624539, 186.5119354455934, 147.328500523811]
708 1 [104.8368747717177, 48.42870186554501, 186.316470431567, 146.1341025303557]
709 1 [104.9806742554938, 50.36812113510678, 186.4499476069231, 148.0622824797297]
710 1 [104.415020871762, 49.66577606188366, 185.8526244548968, 147.4186559328183]
711 1 [105.9766079670226, 48.82919256674359, 187.4394372022655, 146.6044512235898]
712 1 [104.6305524593627, 50.22396593081066, 186.0743676853985, 148.0081854268117]
713 1 [105.6563746219908, 50.68769340502331, 187.0868268733719, 148.4599601750576]
714 1 [104.6118762975966, 49.9892556546838, 186.0352626831837, 147.7729573483361]
715 1 [104.5558119750058, 49.9093752084882, 185.9765438673604, 147.6888500607532]
716 1 [104.6039138695633, 48.87445749627659, 186.026841558262, 146.624009622885]
717 1 [104.5817074494844, 48.81893485697219, 186.0027510985241, 146.565774173717]
718 1 [104.5362409854715, 48.74986935319612, 185.9549976029181, 146.4933748347927]
719 1 [104.3698267991131, 49.85280037584016, 185.7972269923108, 147.6419649117894]
720 1 [104.902693515498, 49.7025369918556, 186.3096761565324, 147.4712315276983]
721 1 [104.7880122343486, 48.36229007603834, 186.1645234037129, 146.103018618666]
722 1 [104.7623130714928, 50.42739313008497, 186.1284877300045, 148.1569150446142]
723 1 [104.6315767055785, 52.82810871960828, 186.0058688065708, 150.5256985924123]
724 1 [104.7354168108141, 53.60117184283445, 186.1212165260331, 151.3206843389151]
725 1 [105.715522806946, 53.8156001335592, 187.1153347656936, 151.564342605641]
726 1 [106.8419367483293, 54.57037553848932, 188.265923216515, 152.2750423336833]
727 1 [107.7384559920465, 53.61042699875543, 189.1994024949586, 151.2734652776193]
728 1 [107.9020184984838, 54.69019208016107, 189.3797557846366, 152.3297223314706]
729 1 [107.774007107917, 52.94786927761743, 189.2615811942293, 150.5977528426393]
730 1 [107.8415052628552, 50.2581414944143, 189.3835361084744, 147.8922132535686]
731 1 [110.4935610032117, 48.3809249168844, 192.0631846519226, 145.9855383373644]
732 1 [110.8881481623685, 46.22245881619165, 192.4546786957594, 143.8396428842596]
733 1 [109.924658093456, 46.45746479096124, 191.563934683087, 144.0910255381747]
734 1 [109.6171133255994, 48.73328194679925, 191.2661113951573, 146.3621646259131]
735 1 [109.7854790425336, 52.04108510079095, 191.4453566989843, 149.7378561116979]
736 1 [109.6445798462664, 54.12337431969354, 191.3003062146623, 151.8863205611018]
737 1 [109.5422296559846, 55.22619328560541, 191.2215022290492, 152.9743150939608]
738 1 [109.1713237202202, 56.70291743340204, 190.8697448175308, 154.400040602838]
739 1 [109.001724723581, 57.43815348210046, 190.7429898815113, 155.1923776574631]
740 1 [109.1711952126061, 57.76829514565179, 190.9150777634129, 155.4858212212181]
741 1 [108.8781559801137, 56.63115141453454, 190.6105841363697, 154.3243303377214]
742 1 [109.2575756049191, 56.64417845947901, 191.0470668991732, 154.2969155748138]
743 1 [108.8597403800522, 58.48077566368738, 190.739282579498, 156.167285208946]
744 1 [109.4646232759988, 56.42281324608484, 191.3297017172371, 154.1514235414563]
745 1 [109.2158051168954, 58.26165003521601, 191.0622980889085, 156.0148282405131]
746 1 [110.1704722678696, 57.52731574518839, 191.9683365276731, 155.2379999940379]
747 1 [110.1479084136372, 58.51984466059366, 191.9532154876788, 156.1956442311857]
748 1 [109.5028422119503, 58.6519688461558, 191.3148361905015, 156.3292057201162]
749 1 [110.0796550753003, 57.54219628317514, 191.8993893407014, 155.2050703682945]
750 1 [110.0221769081836, 57.4571563397185, 191.8384949343858, 155.1189443336143]
751 1 [111.0688331591373, 56.8184176479117, 192.9140167082837, 154.5398441382043]
752 1 [110.0270436274295, 57.70059368951479, 191.8786186183633, 155.4648714686803]
753 1 [110.0427159591054, 56.95976904971758, 191.8700467316675, 154.7810777429672]
754 1 [110.1574157847499, 56.26396022184053, 191.9737768003558, 154.0917585128142]
755 1 [111.0920103563403, 56.72000111086527, 192.9195042951265, 154.5382885790492]
756 1 [112.0261338128184, 55.71585107786814, 193.8414449975272, 153.5461887027243]
757 1 [114.0321352852916, 56.38975227816263, 195.7991615744512, 154.2527273947183]
758 1 [113.0526631249522, 56.44261178938905, 194.8081729014929, 154.2859638947652]
759 1 [114.0266974939441, 56.64722523657838, 195.7777074925553, 154.5081400276739]
760 1 [114.1219145654177, 55.14652285544435, 195.8779231205207, 152.9968117311671]
761 1 [114.1640233694052, 56.23730418650666, 195.9493290373867, 154.0846734100983]
762 1 [116.1962225137686, 56.48233426181832, 197.9430419335847, 154.4355500088277]
763 1 [116.1480059473252, 56.41532982705394, 197.8925679479441, 154.3680461860809]
764 1 [115.0927669851517, 56.25558644352714, 196.8195542720592, 154.2146328124476]
765 1 [116.100561484549, 56.46069501159946, 197.8222838400928, 154.4711803445756]
766 1 [115.0453374235367, 56.06560744164744, 196.7829812131163, 154.0695210878453]
767 1 [117.2176523058151, 56.98039568780223, 198.9429003136259, 154.9940037270782]
768 1 [117.3168428240751, 55.89952517865459, 198.9868718073329, 153.8776438375247]
769 1 [117.2389604373311, 55.86801571963588, 198.9078038406659, 153.8443928626689]
770 1 [117.1915210521256, 55.79306655941764, 198.8573591375892, 153.7684621923435]
771 1 [117.1623153275286, 55.74549026606837, 198.8265916032546, 153.7186153857592]
772 1 [117.006531361345, 56.00121433852473, 198.6486441865666, 153.9718535241234]
773 1 [116.2498623168503, 55.30864347337047, 197.904048118011, 153.3028021399283]
774 1 [116.3355214035546, 54.99400211690227, 197.9554713891744, 153.016205524686]
775 1 [116.2512139490282, 55.02164076647023, 197.8728559598933, 153.0577363314722]
776 1 [116.1584782338177, 54.9862578958855, 197.7788944278591, 153.0205738747654]
777 1 [116.2161394132709, 55.81314055627445, 197.7959507749508, 153.8066285837329]
778 1 [117.0298512353038, 55.54304106539348, 198.6710983428957, 153.5731349047007]
779 1 [117.1107468380069, 55.32547310000518, 198.7789905259712, 153.347391398824]
780 1 [117.1024622925033, 56.48968425398925, 198.7731570910858, 154.5073791699892]
781 1 [117.0560779877415, 56.42618959402898, 198.7245928471047, 154.4432388641919]
782 1 [118.1377679415455, 56.51173187053064, 199.7963048090921, 154.5438111599279]
783 1 [117.1445116110554, 56.94121078407625, 198.7505121313569, 154.913996210354]
784 1 [117.080088586401, 56.92099473072449, 198.6851699801044, 154.8923673260309]
785 1 [117.3184546836128, 57.10343997372547, 198.8776400676033, 155.0968774075712]
786 1 [117.0553877361526, 56.97545229090611, 198.6672018551971, 154.9554499501633]
787 1 [117.2031832643261, 57.10124536050716, 198.8539629677965, 155.0877510988078]
788 1 [116.1200291820278, 56.68646933330456, 197.7692596909564, 154.6193986183652]
789 1 [115.1832565971126, 56.07908816827694, 196.8073674015197, 154.0327854736426]
790 1 [113.2181459375133, 56.41638679994503, 194.8149387065968, 154.3710967806491]
791 1 [110.9185739465465, 55.74163885606686, 192.5330140146943, 153.6917079756332]
792 1 [110.0999481387844, 55.86372600687901, 191.7092223154027, 153.8183598194837]
793 1 [110.3499630101433, 56.64871697319904, 191.920561604793, 154.6934853887585]
794 1 [110.1722618647327, 55.37388555897633, 191.7478851397557, 153.4590989087216]
795 1 [109.5012343235721, 55.14645372523228, 191.076790430925, 153.2480795983879]
796 1 [109.8642868705501, 56.85084878100315, 191.4719405937505, 154.9253071726441]
797 1 [109.5541574962845, 55.9522333611385, 191.1752723357525, 153.9754553153245]
798 1 [109.9049722262134, 56.34313680423657, 191.525935590055, 154.3453976491038]
799 1 [109.8461722590437, 56.32125161594013, 191.4662769204837, 154.3221996403015]
800 1 [109.7739443190803, 56.29453734314302, 191.3930942938308, 154.2940994135951]
801 1 [108.737449467968, 56.99612275516847, 190.3379508186854, 155.0124897652143]
802 1 [108.6733187295904, 56.95855273312191, 190.319243644873, 155.026145633566]
803 1 [108.6017544128408, 56.97403154248605, 190.2316921422279, 155.0304834250767]
804 1 [108.8662845947256, 56.92891597101698, 190.5081715655652, 155.022181439419]
805 1 [108.4785978354921, 56.93812232284108, 190.0822898458226, 155.0404590105029]
806 1 [108.8465404965391, 56.90758585935691, 190.4666492669576, 155.0279506848817]
807 1 [108.8004370116105, 56.88616228109459, 190.4195649008457, 155.0050821597573]
808 1 [108.3644859873166, 56.98470913624624, 190.0131199262827, 155.078978692099]
809 1 [108.7558490418305, 56.96839979669312, 190.4098586551464, 155.0360357535411]
810 1 [107.8715607308259, 56.92941905936459, 189.5704202046616, 155.0211261616969]
811 1 [107.4015164755692, 56.94181736378232, 189.1084789017804, 155.0638645083994]
812 1 [107.9690939568391, 56.96666460676352, 189.6533811414365, 155.0659060061132]
