fish1 1
11 1 [149.6960930800438, 20.11295921206474, 169.1687410541296, 42.33348401846885]
12 1 [149.5164778804779, 17.56946367621422, 169.1728834796473, 39.54166046127413]
13 1 [151.4248735284805, 14.43174082636833, 171.1411992103867, 36.32272684681431]
14 1 [150.3698054230213, 15.14660303890705, 170.1421176038366, 36.75968812899514]
15 1 [150.4080476522818, 15.63964352607727, 170.3664666913288, 37.43225527951461]
16 1 [154.8270159721747, 20.22728703022003, 175.224799323154, 42.30780232768235]
17 1 [153.4380504846945, 23.77417192459107, 173.8098569875448, 46.09721470546803]
18 1 [152.8429628521577, 23.87616426348686, 173.2707128550772, 46.0929471695123]
19 1 [152.6892832614854, 22.53151897192002, 173.1275020303553, 45.10113817132749]
20 1 [151.8848162688688, 24.10803256034851, 172.324341171208, 46.58924743586395]
21 1 [152.855505923219, 22.20756140947342, 173.8210333566587, 44.89569703673601]
22 1 [151.4499656357244, 25.31824544668198, 172.4301567434781, 48.31481582232149]
23 1 [145.9505098261312, 24.36870357990265, 166.9305603618217, 47.16176738641185]
24 1 [142.7916272081807, 25.91849807500839, 163.8142753454017, 48.34391350393588]
25 1 [140.8882276215032, 21.95305553674698, 162.1694541343342, 44.70676522350661]
26 1 [143.1686651505902, 22.0941032640636, 164.6329609401892, 44.5284482881714]
27 1 [141.5111912288144, 21.39256309196353, 163.1528515278168, 44.0607398736685]
28 1 [142.1566552169994, 21.64153362289071, 164.231764644192, 44.37673634220269]
29 1 [143.8893600948528, 23.44295490756631, 166.0721449392443, 46.27327323639392]
30 1 [146.8889037616924, 23.6295867882669, 169.1863311787641, 46.14545010086778]
31 1 [144.0132110961154, 25.49467119798064, 166.3356267520454, 48.01515961384111]
32 1 [143.8847352177277, 23.03551700934768, 166.2619444438866, 45.77461566449158]
33 1 [141.0561559111252, 29.2842858158052, 163.3801829303845, 52.25028717698478]
34 1 [139.9000360280648, 26.92199281081557, 162.0180756068342, 50.00389666918007]
35 1 [138.5663781375066, 29.67224356755614, 160.1287378728368, 53.15199375903681]
36 1 [136.3897683829442, 30.46451544985175, 157.8991150975984, 54.06099988066966]
