girl 0
2 1 [57.68116465210915, 20.86125031113625, 88.35266622801622, 66.09659752249718]
3 1 [56.54460321553052, 20.21710321307182, 88.09858845129713, 64.97177295508882]
4 1 [58.18498401343823, 19.17973458766937, 89.60654342647064, 65.79109602516826]
5 1 [60.16228372603655, 19.10195972770453, 91.40974333912229, 65.45247077826203]
6 1 [64.36032256484032, 17.88357954472303, 95.01403528255545, 64.09554545265434]
7 1 [66.0958213955164, 15.77096402645111, 96.40574870371925, 63.75221049156675]
8 1 [67.72882506623864, 15.26341088116169, 97.23027003259834, 61.07321914435962]
9 1 [75.95685451664031, 13.65067422389984, 108.4375296466115, 61.04382940042007]
10 1 [74.70970785617828, 16.67928397655487, 106.9679448232776, 64.72875401828898]
11 1 [75.8778585344553, 18.45583263784647, 108.7762760658142, 62.22744978476174]
12 1 [75.04020927846432, 19.21795982867479, 107.2853491428745, 63.99329854884533]
13 1 [72.7097882181406, 22.4746584892273, 107.8863807472561, 73.19817311640536]
14 1 [80.77888494729996, 23.47809249069542, 110.277619810078, 64.38031870079266]
15 1 [60.95186814107001, 32.56652295589447, 92.79550853352413, 81.90943524316226]
16 1 [55.85289013013244, 25.62488876283169, 87.24263028310818, 67.7266579188975]
17 1 [73.66922729089856, 38.58930363319814, 105.9435648350143, 84.2097700650029]
18 1 [52.01217478513718, 22.23316452465951, 83.85796497559394, 69.97891462503854]
19 1 [42.6837814450264, 21.20158671401441, 74.29544146578627, 70.02281574418632]
20 1 [43.49293715693057, 13.96222740411758, 75.22466757714412, 52.93489501449999]
21 1 [43.02864659950137, 15.37859896197915, 71.72409414094426, 67.80249794190124]
22 1 [31.19486603327096, 21.23891573399305, 63.65662599654631, 62.35819924227199]
23 1 [21.32074865885079, 19.49119728058577, 53.24734630403047, 60.72558476781921]
24 1 [21.5314222490415, 19.49340613762615, 53.85491920804, 61.14029307285265]
25 1 [16.9786591026932, 24.7894949093461, 48.95325696599639, 64.64069330417885]
26 1 [18.85575322806835, 24.58508967421949, 48.98943792132295, 73.26747154076205]
27 1 [17.40580953098834, 24.8970240727067, 48.80543860363369, 64.37298191752296]
28 1 [23.03412588685751, 20.4314168728888, 51.02939020613726, 75.06824391246917]
29 1 [18.33350039459765, 23.99489456991432, 49.31740754767812, 66.99431108108891]
30 1 [18.30505843646824, 25.35719240288017, 49.10754641945304, 68.54073706486048]
31 1 [14.12866525258869, 25.78247608820675, 46.88115774847675, 68.04335913458833]
32 1 [17.07584738172591, 24.06585497315973, 47.97626509573702, 66.94113709088924]
33 1 [15.81641896534711, 25.30967625789344, 46.94752660431553, 75.04058208380516]
34 1 [20.9082450941205, 26.04435393586755, 48.97850634190393, 80.30496215226265]
35 1 [23.24318959750235, 24.93040625005961, 50.58627218839687, 69.2265124535076]
36 1 [22.19808477815241, 26.79009337181924, 53.41522358658598, 68.70120196142347]
37 1 [24.13873901031911, 26.7309101857245, 52.24646004104629, 79.01828869456659]
38 1 [27.16807524580509, 28.37165588716744, 56.03678208697915, 68.37811395959835]
39 1 [27.31301411427558, 25.76514732092619, 56.51294269284195, 70.36046954573682]
40 1 [32.92201719619334, 27.43233781307936, 61.25458218228506, 70.32988829640722]
41 1 [36.63986775930971, 30.89379413722782, 68.12447093786295, 73.15794785083548]
42 1 [40.45872803684324, 31.58024389500497, 71.2707411328789, 73.96417947632435]
43 1 [41.22160130552948, 32.86075857467949, 76.89619376524971, 81.90390002108113]
44 1 [43.15247199870646, 32.60396493802546, 76.17477236595585, 75.36387292648102]
45 1 [43.88637208752334, 34.45860471576452, 78.48733853941779, 81.22136447695684]
46 1 [46.84258858114481, 36.14399522542954, 77.10329479930505, 84.74197001184164]
47 1 [46.72681148070842, 35.40693352231756, 80.87640070239206, 83.03510311950473]
48 1 [46.83616987336427, 32.01000406523235, 75.34666129993184, 85.50733997688653]
49 1 [48.14018454775214, 30.76869660057128, 83.45810940848608, 81.41589040549533]
50 1 [50.5244536921382, 24.57136079668999, 81.51551902637871, 79.1640007040134]
51 1 [49.45435944851488, 20.31278640701203, 81.61691853536493, 64.55557519029387]
52 1 [54.54417213704437, 18.67743845097721, 84.06670741017774, 67.64750572840885]
53 1 [52.89836529549211, 18.75671342684655, 86.3971588806336, 65.36614034614553]
54 1 [54.71733966749162, 16.75878330250271, 85.00410856691588, 68.46860406098264]
55 1 [55.17976865544915, 15.01497566699982, 86.49267902192977, 70.68430246655976]
56 1 [58.63554854784161, 19.65746319852769, 87.20116348852545, 72.28597281598135]
57 1 [60.84432645142078, 21.23039485886693, 84.31314380601461, 72.13870717050699]
58 1 [58.83694467041642, 27.4172983225435, 89.35609951289233, 81.95311428640763]
59 1 [59.58672669623047, 24.76566291414201, 87.55567605101727, 78.50945007330009]
60 1 [64.45174980349839, 26.15425968542695, 88.92710879750035, 74.02362738807304]
61 1 [62.69774148613215, 19.27572939661332, 90.69262571173894, 76.28700449869535]
62 1 [65.88011606037617, 27.28421112638898, 90.88686563327164, 76.78296102132158]
63 1 [67.38436459004879, 22.42326816660352, 92.7985333139373, 71.97184673074447]
64 1 [64.64688044879586, 17.28573395870626, 92.22313139526848, 76.81388043489775]
65 1 [68.33434997498989, 27.83571345848031, 93.73697499212246, 76.59002618821668]
66 1 [69.53347143623978, 20.01057638786733, 96.83873104284905, 79.92296615810528]
67 1 [69.6880137771368, 29.58169853431173, 96.36317944856521, 75.69549129923423]
68 1 [61.2933987416327, 28.75540310633369, 88.97056296700927, 81.96580488293006]
69 1 [60.71776597201824, 28.34914511186071, 85.4412297284272, 74.54925787047623]
70 1 [57.34207694325596, 21.9025197904557, 84.31444105238248, 76.88737046956602]
71 1 [58.32571391854435, 26.7364055942744, 83.80034084992634, 80.53943314210909]
72 1 [58.48411886394024, 31.66525697452016, 83.57688738089186, 77.50543367095912]
73 1 [57.10821472015232, 28.26206730795093, 85.82258911685051, 81.97783124680564]
74 1 [55.89000080153346, 30.35904156044126, 85.36774419304845, 84.52002965248181]
75 1 [61.66475830040872, 29.55461776000448, 87.09926467591312, 77.06985225300269]
76 1 [60.35431263409555, 31.89756026607938, 85.52629665341932, 80.2267134214099]
77 1 [57.77605579723604, 30.19659357145429, 86.65562729924386, 79.02302047822289]
78 1 [58.21487018745393, 30.49277039361186, 86.53636323755043, 84.5342161449959]
79 1 [60.73486272268929, 25.39220610749908, 88.75217003421592, 77.739743239983]
80 1 [58.8230509115383, 23.81073812139221, 85.77593544882221, 76.47312381210057]
81 1 [58.1391088468954, 29.84697679174133, 85.10801988338545, 82.06735224444691]
82 1 [60.48895938228816, 26.43822023761459, 86.98869830224584, 78.59218345786292]
83 1 [50.95947061572224, 27.80513403937221, 82.47064896434357, 79.57440235784409]
84 1 [49.67219950188883, 27.86647254601121, 78.89157057773255, 75.50695650101434]
85 1 [47.86282005626708, 25.18932355567813, 80.79741841221831, 76.25185700371972]
86 1 [43.79291902203113, 30.54726229049265, 76.21216902073827, 82.58666514251843]
87 1 [26.87471032515168, 31.08353514282499, 58.53388126390881, 88.7829158196091]
88 1 [39.5317273484543, 30.05360374227166, 72.725195306003, 81.46198008882678]
89 1 [36.77911807689816, 29.1179939545691, 70.3462500997895, 80.45022161118422]
90 1 [15.92464600596577, 38.01791955716908, 51.28098676020473, 95.43089382660605]
91 1 [15.59231602493674, 27.90687070228159, 49.97817638485733, 87.22059211540406]
92 1 [11.06214822176844, 31.39232088811696, 47.44360283665475, 91.11604801307388]
93 1 [15.24700549338013, 28.68649871088564, 49.85199125162265, 84.32020620504494]
94 1 [11.66976478789002, 32.55987168289721, 47.33822191404109, 89.73165849995635]
95 1 [11.6005726614967, 32.23392312414944, 48.99329575823623, 89.35183432221]
96 1 [13.55856482777745, 35.63256197609007, 48.17887756898348, 91.73368840752868]
97 1 [5.40186804626137, 41.35881937108934, 38.98721238052381, 94.85968411424874]
98 1 [6.04697194788605, 42.58675991557539, 40.55225269200565, 94.3677091837248]
99 1 [7.654459774144925, 37.27735549211502, 38.60234532671424, 90.55366127811283]
100 1 [5.229753040708602, 39.54575133509934, 38.10706460039734, 94.96998742608048]
101 1 [3.314317733980715, 38.52231628261507, 36.70039009634024, 94.00033419906764]
102 1 [0.2123081395402551, 41.28300982527435, 33.79164544944837, 95.19604297383584]
103 1 [4.02322375588119, 34.35255668126047, 34.01650396838859, 95.67587042030075]
104 1 [2.795209632255137, 40.22618400864303, 37.11379982317749, 95.52369029500545]
105 1 [0.03952461509106797, 40.12036857428029, 32.84727619297429, 95.9136084548818]
106 1 [5.804970096447505, 44.55484361387789, 36.02933621345871, 95.58141356263329]
107 1 [5.472273425199091, 38.39005358051509, 38.69310278995279, 95.29054667619013]
108 1 [0.5652315439656377, 42.99380012787879, 35.51161535127684, 95.58908527445418]
109 1 [4.47822165582329, 40.11303562670946, 41.28079056602449, 94.9772877409022]
110 1 [10.66555207036436, 33.62758625415154, 44.17194905954318, 95.37872706795506]
111 1 [6.331294559873641, 37.02681299415417, 40.47257172292419, 94.66811672795092]
112 1 [4.261904907412827, 38.7930449761916, 35.97738355209032, 95.59292547109268]
113 1 [0.1468244371935725, 33.72688974253833, 33.55280459249294, 91.90102197373338]
114 1 [3.662073362898809, 36.21777365915477, 32.65623382879254, 91.27743057146402]
115 1 [0.3141339393332601, 41.00181505433284, 32.44774198569583, 93.54237615742622]
116 1 [0.7121866839006543, 42.96171407215297, 35.92738020491478, 93.6114196225431]
117 1 [0.7470131289446726, 38.33772291429341, 29.12508824966488, 90.20611018306062]
118 1 [0.9816863129854028, 38.78638315014541, 30.32350045465659, 95.45520084331105]
119 1 [3.461550650186837, 43.24995876289904, 36.55630648179124, 94.22101314136093]
120 1 [1.446724998764694, 37.24914222024381, 32.90345587148251, 94.06947582101824]
121 1 [0.8184605460846797, 42.22304501570761, 31.28076672913735, 95.00144869306322]
122 1 [2.497031141352636, 41.17408678983338, 32.62566113670373, 94.43807086230869]
123 1 [3.071939492598176, 45.99626489332877, 35.05539932006399, 95.92478707833521]
124 1 [2.479444890865125, 42.48026167042553, 33.59952038504182, 94.52384050054062]
125 1 [5.850750635378063, 39.09135633497499, 48.12403356833678, 93.51119638430464]
126 1 [11.46693196112756, 37.43722506798804, 48.38405519182781, 84.75349262680373]
127 1 [31.10156522970647, 33.5583947878331, 71.65039890419016, 89.21131351418529]
128 1 [33.53625448327512, 24.86267077736557, 74.33956101837839, 80.2645013319127]
129 1 [42.68535705190152, 36.13024937920272, 85.46962041472312, 92.05311400727257]
130 1 [42.3176779774949, 34.61272793821991, 84.90369500808083, 89.67996680916184]
131 1 [44.22534529026598, 28.51555904373527, 80.29486419852026, 85.54205605360278]
132 1 [41.1462736306712, 29.00484163314104, 82.55882955653161, 87.06751891421966]
133 1 [44.02072314079851, 30.69401426240802, 80.61428649461431, 82.27528466473464]
134 1 [44.33723924588412, 29.94525196030736, 83.04234463211061, 80.45032476046498]
135 1 [47.43847323488444, 35.21173657267354, 85.98811912121329, 84.93064732426427]
136 1 [50.75558993872255, 33.89975452795625, 87.51137997475584, 93.22313859282804]
137 1 [53.05930439289659, 34.87660459242761, 89.10283909663477, 92.18031839854135]
138 1 [54.7303465930745, 39.02863932773471, 90.75075017888781, 92.13079248628444]
139 1 [58.49871348554734, 40.51450061611831, 94.9562763907573, 90.39579335790666]
140 1 [58.28781675454229, 36.19177432730794, 91.84898889826476, 92.40471881823783]
141 1 [55.16219476144761, 38.31208629533649, 90.31268061063216, 90.43867069109129]
