girl2 0
2 1 [294.1481718719006, 138.3761345744133, 337.0395545184612, 304.189186745882]
3 1 [293.2578681707382, 138.0719826892018, 336.2247182000954, 306.1760363171494]
4 1 [295.3681554198265, 136.117762863636, 338.5519929308396, 301.200032081665]
5 1 [297.2702447623015, 143.0961435064673, 339.0959701914063, 305.8311045986629]
6 1 [297.2287921905518, 138.8276454955339, 338.9313684253928, 304.2748931011215]
7 1 [299.9351135473698, 139.0039056129754, 340.5741866968415, 304.4963912362692]
8 1 [301.50645262748, 142.924897313118, 341.2128411048166, 305.195566062847]
9 1 [298.8215344697237, 142.1647050380707, 343.0920641869489, 305.1427084429936]
10 1 [298.6667372584343, 131.1536928787828, 344.506188575054, 296.8218646623656]
11 1 [297.8272773623467, 129.9393549337983, 341.0671044287774, 299.718287418031]
12 1 [297.7861459292471, 138.954299107194, 339.754556864028, 307.11716114477]
13 1 [295.4260408431292, 141.6927545666695, 338.576989586643, 306.3705600587366]
14 1 [291.9303459506482, 144.40024433285, 335.6923601173049, 295.107164149079]
15 1 [289.7698940820992, 129.8133069984615, 335.49464737043, 296.6221290433243]
16 1 [288.647897887975, 138.3321807123721, 332.0409075748329, 297.840681587758]
17 1 [286.7116355076432, 135.3581669330597, 330.8566281930499, 310.7629549987531]
18 1 [284.2132873758674, 134.9813131857663, 329.4544716124664, 304.1036294821474]
19 1 [283.127335973084, 135.0987519193441, 326.0584630841183, 294.2912692738508]
20 1 [280.3681344464421, 136.2592044342309, 323.1021770748127, 292.4579968767964]
21 1 [279.0921640787274, 141.2236466035247, 323.2663380052086, 296.1356536896829]
22 1 [276.4363125357777, 137.4906082972884, 320.0006618601163, 290.0605310221429]
23 1 [277.0473404154182, 133.8977946490049, 319.1093367147424, 292.5655236029429]
24 1 [276.7538894824684, 135.617637835443, 317.0905514877068, 294.6909290743518]
25 1 [276.467230014503, 137.3172618597746, 318.338522733796, 300.4184520782318]
26 1 [273.7736097928137, 138.4960278412327, 315.1094920915904, 298.6526951687687]
27 1 [275.1860740147531, 138.4854624196887, 316.1433313039133, 294.8497892710925]
28 1 [274.0420484351926, 137.5260251793079, 316.5998818264775, 299.2307054846045]
29 1 [273.8917205780745, 137.2133897859603, 315.2095841560579, 301.8275616253476]
30 1 [272.1447997745127, 146.3985053738579, 314.4627001147958, 311.2302898252617]
31 1 [270.1481311321259, 138.3143371958286, 311.1311179125979, 297.6982602509843]
32 1 [268.4741344228387, 153.6710247546434, 312.2510809470409, 313.1308729332926]
33 1 [268.8722488209605, 149.2901927381754, 313.6120899274093, 302.5534518780102]
34 1 [267.2150421265978, 139.6741956435144, 312.1450567223385, 300.4519187698935]
35 1 [265.2116809338331, 150.982766808942, 307.9108527362118, 307.9563809918826]
36 1 [263.2282320521772, 143.6120060607791, 307.9249685918445, 302.3662691920697]
37 1 [259.3317001052201, 153.4702359288931, 305.7462036601864, 303.4396225748372]
38 1 [260.2554805502296, 140.0935184080154, 301.1994432022555, 301.6942715954074]
39 1 [261.1416183523834, 143.8175781290047, 303.7553438940471, 301.277275464447]
40 1 [258.3129917755723, 145.1820208351128, 299.7895553167143, 310.2422352425422]
41 1 [255.2390857152641, 144.1854761759751, 297.7673887662826, 300.5208890005231]
42 1 [255.8155306738336, 137.0048365332186, 297.3989822077353, 298.4429464170379]
43 1 [254.4415477588773, 137.5856614704244, 297.9394974016341, 299.3029349051802]
44 1 [253.0747008435428, 141.0154770533554, 295.8525829903172, 305.7029057395315]
45 1 [253.0498228147626, 137.7444320018403, 296.1761922138937, 303.3695791136078]
46 1 [253.9506397508085, 155.5587091329508, 296.3557291793724, 301.3249068209788]
47 1 [253.4271327517927, 139.030131272506, 297.4571048009428, 298.3261463283276]
48 1 [255.9306306503713, 150.9368382706307, 298.9610276937214, 294.4487565554725]
49 1 [255.9716422222555, 144.8497341792099, 300.2193606040665, 304.6965068536035]
50 1 [255.4906643480063, 140.9291334599257, 299.4994172482466, 296.0095982664374]
51 1 [260.324349489063, 145.7944456054829, 301.2565610209513, 295.0334043728461]
52 1 [257.1810005158186, 140.6331240697764, 299.322956626698, 293.4647272618757]
53 1 [261.5479997657239, 141.9368813964538, 301.7838594757887, 287.9291109799931]
54 1 [261.0655463598669, 142.0757325119339, 300.1215374099147, 286.888231629746]
55 1 [263.2362321433611, 140.1962465196848, 305.8940806595534, 294.2098349411059]
56 1 [259.4451026846655, 156.8979227691889, 299.6043241921086, 325.7469080539515]
57 1 [260.4077202007175, 134.3669460187666, 304.9739102134278, 294.2563281316753]
58 1 [255.0302927680314, 155.1299606855027, 297.9194496218131, 326.1021592489077]
59 1 [248.347175821662, 174.697657354176, 293.6633308510288, 327.9065408427325]
60 1 [243.9575619548559, 176.6777507737279, 289.1353850480084, 324.6492664663588]
61 1 [250.7177941356786, 160.1534954607487, 289.6869444202034, 321.4347092151579]
62 1 [251.1838967849035, 161.2458868287504, 289.5409075445397, 322.8630485996869]
63 1 [245.8917739738245, 157.9975699223578, 287.7226119334919, 324.5384052707165]
64 1 [246.2336263102479, 156.5803340598941, 285.8107111025126, 317.7363092825826]
65 1 [246.3439983439166, 150.3546939985827, 285.6520055660247, 320.4952702684843]
66 1 [251.2576732710004, 156.7301196940243, 294.0957680504159, 317.0955343649131]
67 1 [249.6341918637045, 145.4318536547944, 292.0335741134009, 314.3071664113633]
68 1 [251.8460640842095, 163.6615278697573, 295.169168860283, 313.9413931697607]
69 1 [244.6995018650778, 134.9584410814568, 287.4392919606558, 305.65676913936]
70 1 [250.9936001647729, 128.5442021079361, 290.31331278738, 303.8519601586525]
71 1 [253.2392109669745, 137.2380158803426, 292.0911358951654, 298.1023603965691]
72 1 [248.4294008947909, 123.8825461417437, 290.9215327952086, 279.5117317527147]
73 1 [255.6729852892458, 138.7470397665165, 296.9461703455785, 291.20817657158]
74 1 [255.7575094439089, 133.3163574836217, 295.5587194923147, 288.5323476874185]
75 1 [246.4838130138814, 133.6577903046273, 293.3159369170429, 289.6286527553865]
76 1 [260.1146974153817, 130.3704041368328, 297.3546683954556, 290.4745099879448]
77 1 [251.1067652627826, 141.4627754261019, 296.8666980143847, 290.8415261449907]
78 1 [259.5806872595567, 110.694219019264, 299.6769337188478, 255.5452872502296]
79 1 [256.1742577441037, 139.6103730178438, 296.4281683851875, 290.7594689603685]
80 1 [261.0469972081482, 118.7797428420745, 297.3967948147345, 275.1761211794708]
81 1 [255.3294711299241, 108.024565925356, 296.0098253127104, 251.9975675215051]
82 1 [259.8451060727239, 116.9351604334079, 297.4170404543368, 269.4105637986705]
83 1 [259.6539600677788, 107.8351057074033, 299.1576718281265, 249.5909168525438]
84 1 [256.6479932256043, 110.2669631442986, 295.5079798013811, 255.5358741053358]
85 1 [261.0130434222519, 110.9100282690488, 300.2556902445147, 250.5011142184818]
86 1 [260.2851485572755, 134.5645874491893, 300.0974800900777, 286.5572492398807]
87 1 [259.6384517413098, 123.4360057683662, 298.2314678824592, 286.7809911977541]
88 1 [256.6974849109538, 120.950839641504, 299.0962434935593, 273.574427142952]
89 1 [258.5405582045205, 119.8979652882408, 302.7052320116147, 274.38806563438]
90 1 [258.6647751596756, 119.4527744711231, 302.2671301619403, 275.1174193267711]
91 1 [260.975360583514, 114.9308429411613, 301.9241877492461, 273.5933704589803]
92 1 [260.1019910764881, 117.6070007146191, 303.8779957726872, 272.7010886919655]
93 1 [263.4212425951846, 113.121769645717, 304.633302365694, 272.380661309956]
94 1 [265.5485567201395, 127.85518534109, 303.1506629070267, 283.7586100754058]
95 1 [263.7621278637089, 134.7149774641584, 303.875239678126, 287.3007410273116]
96 1 [266.0133868393023, 135.5086324326694, 303.1185676402057, 287.2125160070438]
97 1 [266.9325951458886, 131.14047342306, 305.5518369503003, 290.1739273788544]
98 1 [268.6767253682483, 119.537191783078, 308.3310385029188, 286.8842905150268]
99 1 [267.6875712578185, 115.3775655371137, 309.9162978786802, 272.7785649851037]
100 1 [269.3538846559823, 121.1643028012477, 312.0099648348524, 299.344201918275]
101 1 [270.769228250254, 120.0126396804117, 313.1142255613955, 281.7143428852708]
102 1 [271.9699245546944, 119.9226396470331, 315.0558193385365, 272.8661019252407]
103 1 [273.4590946179815, 116.8669388918206, 318.7134143160695, 276.114279737031]
104 1 [277.7621968691237, 122.2950770645402, 319.5743034672476, 277.1578669393148]
105 1 [280.0185895496979, 122.4177136025392, 320.9050400298037, 282.6864349664206]
106 1 [284.7333297454752, 126.985665795859, 323.7345978910645, 279.3001691707076]
107 1 [288.7863261480816, 126.0513023179956, 326.3928844697576, 286.3823154660737]
108 1 [292.2586833005771, 141.3409373196773, 336.3490012445038, 294.8538478326272]
109 1 [300.8663791739382, 126.3590955487452, 340.1647708153146, 282.6261457869837]
110 1 [300.1159344469197, 148.2012862651609, 340.1271807375936, 304.4516374700712]
111 1 [300.1944658667781, 146.9217616156529, 341.11400695409, 307.7248426940032]
112 1 [310.4404809437692, 155.3252368406393, 352.1953973204678, 310.2035032987473]
113 1 [314.344853695482, 151.4186780885793, 357.366167331606, 306.7490745771725]
114 1 [317.3242501979694, 154.298054877203, 361.7761434889144, 315.3102093027725]
115 1 [276.0382061051205, 154.5646728750435, 323.6615614479854, 329.541827268779]
116 1 [270.8693139599636, 158.3752961631981, 317.8044353314452, 329.0688138933215]
117 1 [268.859417100437, 154.7658881534007, 313.0682876235255, 333.1675533479725]
118 1 [259.0236737923697, 153.7467844028142, 302.7916047397198, 336.6007000120637]
119 1 [267.2063244478777, 148.0373130494845, 309.0172462372972, 332.6766665178127]
120 1 [277.4641492562369, 135.9561113257078, 321.0444487868152, 319.3000196848482]
121 1 [282.8218149738386, 135.4067673523095, 326.3823781588528, 314.0233327020133]
122 1 [279.759771858342, 132.5615804817644, 327.0529949678614, 300.1526430581599]
123 1 [284.9680157350376, 131.7027588363853, 328.6433897878493, 307.6067173193197]
124 1 [279.7832362046465, 109.1090404231218, 329.8734657706448, 276.6510161729102]
125 1 [280.6671716524288, 131.8684255832923, 329.0745189222652, 306.3394645153167]
126 1 [278.1766360132024, 124.8738712061313, 329.7663701819356, 281.3639253601074]
127 1 [282.4652675604448, 115.1993514586357, 331.3343620297633, 273.4107482541882]
128 1 [280.8831338183954, 133.4808045623358, 325.6106878548968, 297.2827187641789]
129 1 [281.5075114062056, 130.5647693935898, 331.8013131696905, 286.1582200643446]
130 1 [281.1972362892702, 126.5693636236247, 325.6569596333185, 282.9570902315524]
131 1 [281.1188979512081, 139.5131151134265, 324.1169807103369, 303.3888420189695]
132 1 [282.4526334991679, 141.5909632330877, 326.5616476231238, 299.4985500735751]
133 1 [282.3899461068213, 145.312047674146, 327.7597353241316, 302.9776472505432]
134 1 [280.088272725232, 149.955877697852, 322.9184713784457, 304.127233803696]
135 1 [278.5025434819982, 142.3179927503807, 321.873605511619, 293.9336048303907]
136 1 [277.5220706192777, 146.3683339988929, 320.9304125313192, 295.5732271306882]
137 1 [280.1700308611617, 147.0013599645463, 321.1093453421356, 311.4993780927973]
138 1 [278.7344896486029, 151.3581191551057, 319.5887816085876, 314.5021535885397]
139 1 [278.667030098848, 147.9444852460292, 319.645627513144, 314.0303962204438]
140 1 [277.4675730215386, 150.1122054819134, 318.7241482532317, 312.20433064281]
141 1 [278.2511136318208, 143.4091019805637, 320.9281301960812, 311.6036075011958]
142 1 [274.6410204907879, 141.6036805825424, 320.3034473524708, 305.9783673386861]
143 1 [272.0197068592534, 125.3951869102311, 320.3589704564988, 294.2271900098962]
144 1 [273.748049444519, 126.9586209639092, 320.316168714857, 289.6783468090687]
145 1 [275.2584077483043, 128.3620839508367, 324.1185335747734, 292.8203141160036]
146 1 [275.4714242319169, 124.0820815030602, 322.7799747510155, 289.9556606411687]
147 1 [276.4598069125786, 142.3727183405426, 321.6015712967885, 293.3221105386698]
148 1 [276.7985725799808, 139.5738679124625, 320.9377932876392, 312.0911399928116]
149 1 [275.8520998498425, 139.8585413711262, 320.7127203974738, 313.2329517914449]
150 1 [276.9442510629306, 141.4982029377134, 319.9828407232866, 312.4061731867538]
151 1 [278.8656148100272, 141.5679011948523, 321.9833668028741, 306.9848222844314]
152 1 [277.4152280362323, 147.5811176363495, 320.2118864784928, 313.3218511821938]
153 1 [280.7616614243016, 148.6277919903514, 323.3422266157052, 318.9430908477984]
154 1 [284.2782576913014, 138.9532135322806, 329.5464587010684, 305.5313329194568]
155 1 [279.4692077273503, 133.3045463159797, 323.8008034497863, 295.9877880551266]
156 1 [281.20249653887, 129.5454884495703, 322.5494017593866, 289.7492660928391]
157 1 [284.1570351617411, 140.7446433592704, 323.6561280196364, 300.0942433868048]
158 1 [280.6912983926013, 135.772280514997, 323.2439297418681, 291.5041187527996]
159 1 [281.7509296974167, 135.2332705946756, 324.7921850648775, 292.5560020137783]
160 1 [279.9024537084624, 152.5686115294811, 327.4249613388275, 300.4539651725069]
161 1 [276.4129899134859, 135.8656441362691, 319.6857928938372, 289.3811976263802]
162 1 [276.3010434011521, 136.5133285138873, 318.7468306963337, 302.8560067789714]
163 1 [274.3528322568163, 143.7460707070422, 316.2419260162845, 298.9284762075548]
164 1 [273.9423877904192, 147.4979946378735, 315.8686770685616, 306.5542006760412]
165 1 [272.9623480509035, 146.4385005820659, 315.4875156625188, 298.1824199228561]
166 1 [272.6249897452071, 145.0896551169572, 316.9259106885251, 301.5294511952969]
167 1 [272.1232177685015, 146.3336741913226, 315.0472987510572, 301.1743477878712]
168 1 [272.4749066258373, 140.6360752496985, 315.6285149618262, 304.6404704616859]
169 1 [272.8442560760304, 148.6149209493888, 318.109636794376, 304.3190898966953]
170 1 [274.6610875492916, 145.0275169255328, 320.8023849926149, 302.3358967495562]
171 1 [277.2530424287543, 121.6995348956552, 320.9220687072711, 292.6603885576564]
172 1 [276.9935979386792, 125.9932997252909, 320.761589487472, 298.2533155083237]
173 1 [279.6486971150152, 143.9775804046658, 326.2542539634235, 300.222041539983]
174 1 [281.3707838947885, 143.2369264204172, 324.8493859004944, 303.2104491107873]
175 1 [281.2459856709465, 146.1655073974398, 322.4681521994238, 305.4011036421329]
176 1 [281.3159728674218, 146.7980604747427, 327.1653628321452, 304.4618131041571]
177 1 [284.4667370682582, 143.5246455891174, 328.4587474252083, 301.4860507365749]
178 1 [282.4211787010136, 139.1539195867372, 325.6133114720977, 305.6175958897943]
179 1 [287.4661138231459, 144.3356854410959, 330.0934232723043, 308.7140738475041]
180 1 [286.1451502768323, 150.1036263991264, 333.3747653905539, 306.8446286231249]
181 1 [285.5585581432097, 150.4724334541825, 331.2420886730116, 308.7322625526779]
182 1 [286.658008784987, 147.8081728483667, 330.7443695486332, 308.2990981000045]
183 1 [293.2127320337604, 153.556023713958, 337.4528072354274, 300.795510575494]
184 1 [292.0817265975784, 157.6049281925079, 336.3234748681103, 301.6544872334702]
185 1 [292.4955524383113, 151.199865130533, 337.7423505737041, 305.5162955144878]
186 1 [293.1435065316036, 155.2535232424852, 338.4688882871919, 298.6527534591092]
187 1 [294.3486015284434, 152.7316522726906, 338.3780123448698, 304.4302246729513]
188 1 [294.4402983355831, 156.9248235494015, 337.5069142575919, 304.2721395760012]
189 1 [293.8056962164119, 159.6316139668343, 334.783930808881, 311.4078045239031]
190 1 [294.7811703169718, 154.7588789871079, 338.8007138952586, 299.1317955811444]
191 1 [293.6182863889262, 154.5004850661499, 336.5458859319492, 303.6553941646138]
192 1 [296.368123290129, 156.2745574385044, 337.2947320710302, 301.7218818046377]
193 1 [294.0296698613092, 160.4127671837923, 338.0932900772523, 295.5271782748954]
194 1 [297.6553898993443, 158.4693340852973, 340.261642917376, 303.4351900299398]
195 1 [297.3393370090053, 165.6664569059503, 341.7316798042411, 314.0217686812488]
196 1 [291.5193006141344, 161.7133119970677, 341.8803784508305, 312.8238983683345]
197 1 [292.0587690705434, 159.3512191379559, 337.5940232527097, 309.3096339328586]
198 1 [291.9790698001161, 156.988330454391, 337.1537945833973, 304.6697655751757]
199 1 [288.4241688782349, 156.8700697424938, 336.5935454556368, 306.765872792689]
200 1 [293.2693038946018, 154.7897869430599, 340.0884080792812, 311.4395079985843]
201 1 [291.1190544692799, 153.7874363770825, 333.9527911168719, 304.4498848917142]
202 1 [292.0008883317933, 162.5674648292479, 336.9561835582217, 307.3088358614041]
203 1 [299.2314698239788, 144.8015515774605, 341.8717141741806, 306.6764305736361]
204 1 [300.600558414124, 141.4367980033276, 342.7369084900797, 304.8423352219141]
205 1 [305.4489624937996, 140.603597489011, 346.1187836624912, 304.5839249021161]
206 1 [305.163463795514, 138.8263960884651, 349.7092928419851, 288.0093783186944]
207 1 [308.2914518257603, 131.9672058791039, 346.3563735760357, 293.5851128443627]
208 1 [307.0906337788329, 127.3829038709519, 347.0249033379854, 300.0853273752101]
209 1 [312.5631154021248, 132.9759510129807, 352.9079976137667, 293.2229593036842]
210 1 [312.5070015033707, 128.2630647987244, 352.7538046678932, 299.137763604344]
211 1 [312.2338271392509, 154.4678918494028, 357.8117214736614, 304.5120018629112]
212 1 [310.7646245825599, 165.1065093096113, 354.8290044293749, 306.2240975749345]
213 1 [314.7866356531158, 160.2177435893682, 358.1685804359955, 307.1158393330711]
214 1 [323.8326880465756, 154.2691052941373, 369.5798369866449, 308.9323460277223]
215 1 [322.8009901633486, 150.1811108214897, 370.690885730516, 308.5010454993408]
216 1 [315.3192479107092, 155.0988471464953, 362.1930011238393, 311.8912146649885]
217 1 [313.5763863399625, 151.8580134481308, 351.9971034557458, 310.5248681363702]
218 1 [318.9639655909996, 151.4422757074353, 365.5073616367591, 310.9321511632493]
219 1 [313.1914716511965, 157.747324787837, 351.3068442315682, 306.6614173678934]
220 1 [311.6860836297274, 155.3389679722604, 349.4533123074514, 302.708504805645]
221 1 [312.6996736200526, 154.2625401390833, 358.5137445805572, 321.3006333453595]
222 1 [311.1819292548607, 149.5299876377103, 356.787118430451, 305.5558215948739]
223 1 [313.5804178230028, 160.6448211602983, 356.2015896759284, 308.3823700902475]
224 1 [313.4049264499918, 152.1908301103977, 356.8441658181093, 313.0174943004694]
225 1 [310.0713549684297, 158.1104940132937, 355.3348126512337, 305.4913130581646]
226 1 [310.5735180964693, 146.7431044331752, 354.9801775556998, 307.5009418002289]
227 1 [309.0629740776494, 145.9822407866013, 352.7939825973467, 301.4030461312571]
228 1 [310.2579103102908, 149.3815168491565, 353.9153631010124, 306.5005992692654]
229 1 [311.8200161838904, 159.5870046725613, 357.4780586732751, 315.7628768748227]
230 1 [311.3733441326331, 161.6556486095069, 357.7290018925576, 313.1725376442034]
231 1 [312.3498201156035, 163.5494549980504, 357.9421221355876, 310.4464814958183]
232 1 [315.2514525288716, 158.2711197843892, 360.1428422988784, 307.3514151247333]
233 1 [318.9754599491134, 152.6760243287426, 361.2189061296562, 304.1242129799604]
234 1 [319.3646858232096, 153.224371847522, 362.9119075686985, 314.7731880029924]
235 1 [322.4106868113886, 161.6628738388536, 367.1111690900069, 311.7284771939966]
236 1 [324.7524520913139, 151.0350470338599, 366.7989782193312, 307.0016457429323]
237 1 [327.0409060800448, 158.1743320485693, 368.5615788327741, 309.5111731808208]
238 1 [328.2331730211154, 149.0443808248383, 368.6983982105994, 297.7179401284979]
239 1 [329.4344749832526, 153.5765105148894, 374.3322132701675, 316.2084461065467]
240 1 [331.4564672742999, 163.5223312199232, 375.4499688321316, 306.4982620746025]
241 1 [333.9459177730605, 162.9352422280354, 378.7870048384617, 311.6501713882817]
242 1 [336.2351853651926, 165.0681450835546, 380.766512657394, 310.4021455984008]
243 1 [336.5457285977464, 163.3084290059051, 384.5114144586802, 306.1717842519084]
244 1 [339.6237931279466, 158.9045236667735, 384.3949615352083, 311.1191856090885]
245 1 [341.570863022469, 160.1089313289267, 387.0616476434099, 313.3085768249907]
246 1 [343.3144341846928, 165.6608240563073, 389.2663461303772, 312.1767142132687]
247 1 [344.0047004919761, 158.04650299286, 390.1163887493178, 311.6236557137205]
248 1 [345.2510047396645, 161.9524913689238, 391.7303272983077, 317.7644877190108]
249 1 [345.1082520624623, 158.7727311347262, 390.4756414351132, 315.7967728140585]
250 1 [346.1294632348727, 157.8807091236231, 390.4394646348557, 314.153392225033]
251 1 [343.1505382498726, 153.8709161838633, 389.2644276613354, 315.8299393128583]
252 1 [347.0701124619955, 154.0338962901151, 393.7541996741134, 316.5255520327835]
253 1 [347.3099808868283, 164.931398611865, 392.7764342875838, 312.5113001052148]
254 1 [352.1140840901062, 166.5823928826139, 395.9319522109472, 312.5257235922836]
255 1 [353.9721052786335, 164.1070952115697, 398.6596859046477, 317.6108258964878]
256 1 [359.8870241865079, 162.8046381616732, 403.4935297690301, 314.5209303314219]
257 1 [364.7060723267059, 159.3756962710759, 405.7076774648799, 313.0125869958093]
258 1 [364.0699920309708, 169.0696756356047, 408.2129866022425, 311.3614937671339]
259 1 [367.4006204535253, 169.5581087226165, 415.8866516674943, 311.9168189196302]
260 1 [371.0714578479092, 165.1273729236564, 416.0877471565279, 317.303579939931]
261 1 [373.6964172720473, 172.9384029706707, 423.785978798426, 315.5872731471565]
262 1 [379.001797559511, 167.552632224164, 424.2602436405017, 312.1122833913119]
263 1 [382.1933508392685, 168.5581045787549, 426.0438333010564, 312.091964184584]
264 1 [384.33907528485, 165.7713186558103, 429.1239387014446, 305.2897520596732]
265 1 [391.7358568161289, 168.755405280157, 433.888945342242, 321.5081574764203]
266 1 [394.8513912288472, 171.0138067638618, 441.3621681860677, 334.1253623678773]
267 1 [391.2996300410741, 163.8492549679941, 438.0485160821731, 302.1002004309921]
268 1 [392.8606874933466, 155.7325086219353, 434.2291831782734, 303.2138156505112]
269 1 [394.5357211185619, 164.4492855127319, 436.0367519852048, 311.0425003969804]
270 1 [395.5108207481026, 166.0779404675704, 439.5572339424745, 320.4028497742663]
271 1 [395.988642747514, 165.5695585132926, 439.4607067223309, 320.9218839580152]
272 1 [394.9664919329807, 166.4250720496639, 437.6118170990355, 318.3349751316232]
273 1 [394.2070190836676, 171.7681373132509, 442.5760356837182, 320.583245850041]
274 1 [396.4135088043331, 175.6835482677561, 440.217590124358, 324.9617305374092]
275 1 [395.2240307572793, 180.0095004111645, 441.7046417269181, 322.9187209747525]
276 1 [398.7058573095128, 183.8518214319483, 443.3908834091707, 319.3128811558473]
277 1 [403.7994093419984, 173.2310829789494, 449.273871195544, 311.2522099899524]
278 1 [406.1783153512515, 175.2280885016662, 452.9915790913274, 329.9161727349146]
279 1 [408.4395282193582, 169.9766047628364, 452.6701202258191, 301.8050587510475]
280 1 [414.9176476378925, 168.7963267265004, 458.934136208603, 306.5275763503167]
281 1 [415.7792105753906, 165.6089358998579, 465.5906999727671, 304.9125524226339]
282 1 [422.7656634561281, 171.6007329853019, 464.4951625253027, 301.7047730871201]
283 1 [422.3040389148518, 167.2679112869664, 464.7446679712654, 304.832718138072]
284 1 [428.9473747685115, 172.2009377510985, 471.8192856530742, 306.8785833773562]
285 1 [429.0321032186039, 167.0287841407699, 473.6481387335795, 313.592537443872]
286 1 [429.0659384075552, 165.3977339750272, 475.3510251229182, 309.4461803503206]
287 1 [431.2389425812289, 164.2235712346737, 478.1320071601606, 315.1501882285224]
288 1 [430.0202873693779, 140.6136732351151, 479.6802158420242, 302.3591876556133]
289 1 [431.1617109128274, 150.8895128255826, 476.7327071017689, 296.3612948125419]
290 1 [431.5659800120629, 154.5020267076907, 476.1077469202343, 301.5490769571155]
291 1 [431.1967436475679, 160.7644380679121, 479.5677211653626, 312.9644267267583]
292 1 [430.2019308549352, 159.2669944969239, 479.2553157655861, 301.4846636105689]
293 1 [431.3632152923383, 165.1593209466082, 481.1590784839888, 314.9667759876328]
294 1 [430.6166883466067, 162.2431767138769, 480.4013505484334, 310.935782126596]
295 1 [428.5904544657096, 159.6573646943434, 472.5727382677521, 314.2386513578308]
296 1 [428.0860013463534, 163.7648604100687, 471.1930526417244, 313.3630944130782]
297 1 [423.4196126526222, 165.0709082888207, 467.9293153905405, 303.72779439429]
298 1 [423.829885492567, 164.1121982911718, 466.8808416734001, 320.047507139265]
299 1 [423.2382816886529, 160.5656011979445, 466.9265805347539, 317.1971431592621]
300 1 [420.7601122949272, 170.1756186423008, 470.2544202060825, 333.9294816472769]
301 1 [415.0303934905678, 170.1403628441622, 464.495419054003, 336.7429685785511]
302 1 [407.7293602512218, 169.7580941336346, 460.2573376424869, 335.7418932740281]
303 1 [408.7052006409504, 167.1426327841473, 460.8552979824682, 336.3012024972084]
304 1 [403.9955774643458, 159.9096596276504, 450.6776020013422, 314.0890350536502]
305 1 [399.9082830427215, 156.9950622742763, 447.7072821342778, 312.0558869220146]
306 1 [398.7996746548452, 161.3606536423904, 445.7522045505308, 316.2434171032876]
307 1 [397.0549340401776, 157.9930893181008, 439.6278135269702, 321.6889379793194]
308 1 [395.6883051195182, 158.0345752498251, 441.1938591239829, 312.3770890055187]
309 1 [395.9664911632426, 158.4181614069385, 438.3735365842337, 316.5004567217577]
310 1 [393.4096835409291, 160.2687485365314, 437.5214176460065, 316.9730225186447]
311 1 [394.8454042845406, 153.5991883872193, 440.2808483828723, 314.9882897935369]
312 1 [395.6749710575678, 150.1698817255092, 439.9619811666454, 318.7726773997428]
313 1 [395.9085998632945, 151.4529390575481, 440.3562771240462, 318.550630209363]
314 1 [397.0714970242698, 150.7938828913611, 439.7488469183716, 317.2854502235819]
315 1 [394.7476777406409, 149.7240531456773, 441.6745894910963, 317.5873322551884]
316 1 [394.1344958562404, 149.7559802432661, 441.7557985592665, 315.0608012581013]
317 1 [396.462768313475, 143.1651403022115, 442.5783299843161, 316.5961289142277]
318 1 [397.6013311506249, 143.8364484010381, 443.0635590555364, 315.2929648711339]
319 1 [398.8277753414586, 146.087447331578, 443.186044204723, 313.8382995348754]
320 1 [396.7650063098408, 148.7878855167073, 441.5908070419859, 318.0228007331546]
321 1 [397.4175097020343, 145.9463469696348, 444.5792023420173, 313.0379057594134]
