hand 1
2 1 [147.9276307076216, 65.69137118756771, 199.1690935343504, 126.559433127443]
3 1 [149.0854385644198, 67.29805581271648, 200.254955771107, 126.4370545893305]
4 1 [149.9743772447109, 64.69089411199093, 201.5942704295782, 125.9768565953407]
5 1 [147.6852151155472, 63.18251214921475, 196.5892269591448, 124.8642314847866]
6 1 [147.2493441924453, 61.11698515713215, 196.6536758894793, 123.0788288293694]
7 1 [147.0673324875534, 63.45340378582478, 197.6784539147064, 124.112867414844]
8 1 [146.3844560794532, 66.23348899185658, 197.9930674225599, 123.8342571980163]
9 1 [145.8405512906611, 65.43648049235344, 198.1103709583296, 123.2204515107217]
10 1 [148.9332172609866, 62.92815372347832, 200.1043133150851, 123.4099081300759]
11 1 [149.7176341302693, 60.48219129443169, 199.1556708119506, 122.8322520811953]
12 1 [150.9795893318951, 59.75459337234497, 199.6331370991102, 124.9309301331137]
13 1 [150.8904416635633, 57.69330814480782, 201.5556330157183, 124.2708683792655]
14 1 [148.1353051736951, 56.48990742862225, 200.5699829578655, 123.2599429011262]
15 1 [157.4109823778272, 58.61932910978794, 209.8252087792842, 129.6973413638318]
16 1 [157.3557332120836, 55.19177176058292, 211.3574143729421, 131.8761736023709]
17 1 [163.0746242366731, 57.39661894738674, 216.2950735388521, 135.9139293044055]
18 1 [164.1234076730907, 57.84210611134768, 219.1042043772547, 135.7811115761374]
19 1 [170.9186346046627, 58.28225716948509, 228.9273701004697, 134.2220699595271]
20 1 [172.6351099424064, 60.03643825650215, 232.1651416199942, 142.7220415103225]
21 1 [175.6275638155639, 59.18563917279244, 235.1348869319837, 145.3304595396677]
22 1 [172.6366027407348, 61.79133728146553, 234.6095058147808, 144.4679735960581]
23 1 [171.435660045594, 63.63057270646095, 233.8918423272159, 145.6325675827836]
24 1 [169.2972873859108, 65.08574530482292, 233.5642583225748, 146.7733544522657]
25 1 [170.7678721062839, 65.09521462081466, 235.7572753348071, 144.7965710840633]
26 1 [166.878408562392, 67.64834560512099, 231.5755744211865, 144.4496184318766]
27 1 [164.2901883237064, 70.08622147201095, 228.6137312853185, 143.6124079773354]
28 1 [165.8281230144203, 67.56163783429656, 229.8650775840873, 140.5269651441117]
29 1 [163.8707508854568, 66.41605027078185, 228.3422325711593, 142.879426984866]
30 1 [163.9569967575371, 64.05541859625373, 227.6334638242537, 137.9858047327068]
31 1 [163.4176197610796, 62.01405547617469, 223.9503149517953, 132.9968344818714]
32 1 [163.9760191328824, 63.51111285446677, 223.1183505412813, 131.7492081247606]
33 1 [163.1428177990019, 66.51234082935844, 224.4114711923924, 128.6142537011397]
34 1 [166.0418720878661, 70.52229248045478, 224.7753926887012, 131.9429208754072]
35 1 [164.5227776803076, 70.19138548581395, 222.8287647211769, 129.5904404102906]
36 1 [165.7355235852301, 70.88074203638826, 226.5289270888526, 131.3520867452626]
37 1 [163.0005215443671, 70.82585037744138, 224.4769164517675, 130.9124225894938]
38 1 [167.8261880911887, 72.9109974304447, 230.9289778545034, 138.0015774119693]
39 1 [164.845070425421, 69.93938312924001, 225.5261035635621, 137.1891307237208]
40 1 [164.5117944069207, 72.61647895968054, 225.0972381091826, 142.5685378437294]
41 1 [169.1279604621232, 69.82872293388937, 226.1413487158045, 142.4364486128459]
42 1 [165.8131530471146, 68.57000173127744, 224.2856357086444, 141.1475376307193]
43 1 [164.8288137055934, 67.71845438575838, 225.9718550485752, 138.0852905074191]
44 1 [163.614426586777, 73.81629564857576, 225.937894397113, 141.6650260522351]
45 1 [162.884808216244, 75.55724912381265, 224.6975575959895, 144.692742691249]
46 1 [162.5750354453921, 75.30874426534865, 224.8783837559422, 144.3539495152045]
47 1 [159.1510019227862, 72.32239837816451, 220.7785605890865, 144.2492064635812]
48 1 [158.3766287341714, 69.68895520141814, 216.8444251586766, 143.0066780295599]
49 1 [157.5386161878705, 68.78406751027796, 215.8000126424377, 143.0916969360758]
50 1 [157.38832186535, 65.42877423635218, 214.6587208268159, 140.7176860136579]
51 1 [154.2647043950856, 66.29765237739775, 208.6814411499605, 143.6831488384101]
52 1 [150.5187032707036, 61.90174813440535, 206.0681852132004, 138.6318009848916]
53 1 [148.7756448574364, 62.06473852565978, 205.5562760222645, 143.663249710753]
54 1 [148.7921109001618, 64.17904670408461, 206.0964254947643, 142.2807424945534]
55 1 [147.3253133099061, 68.78548021486495, 205.7056799145867, 142.345147973437]
56 1 [146.0833086769562, 67.58291575184558, 205.6169494909018, 139.2411194447518]
57 1 [145.048493514536, 66.7774105357239, 202.000319740446, 137.8711080884364]
58 1 [145.9169589679223, 70.9483957575867, 202.1762027720219, 144.5505395085718]
59 1 [145.7015871766489, 77.78369667998049, 204.3640575369236, 144.9976227756613]
60 1 [144.867865345208, 76.26643377414439, 203.3759079770561, 144.6579892891739]
61 1 [142.5121023270767, 77.24002617469523, 204.6740524098999, 144.7569423275675]
62 1 [142.8499212998431, 79.10843449702952, 205.531071240634, 145.2484371275802]
63 1 [142.9166994474363, 78.60585591814015, 205.4258422155295, 144.6302864154233]
64 1 [142.5385242931079, 75.18162987253163, 203.9436234615301, 144.0411447386881]
65 1 [143.6487636945676, 74.78270194551442, 206.2342874037826, 144.6456268204547]
66 1 [144.6669226370286, 70.79067400714848, 206.8611559797051, 143.4840876231287]
67 1 [148.6956604800653, 62.91585019847844, 207.8713977072862, 137.1289360889084]
68 1 [155.3341808400583, 60.86016229412053, 210.9044113085765, 137.5300692861615]
69 1 [149.0393629155587, 59.83459941169713, 207.3677074474433, 138.5217465579274]
70 1 [154.6803053698968, 57.58841059228871, 214.2290553944531, 133.4632901987117]
71 1 [161.6425564370584, 59.59747827670071, 222.1362988006195, 131.4289857326916]
72 1 [162.6515805951785, 60.09768377116416, 224.2662491235864, 134.0010942974902]
73 1 [162.7211528921034, 64.80828772357199, 227.8820558703926, 137.5784203168033]
74 1 [169.2950731420424, 67.67829458287451, 237.2173071534704, 143.2673280695759]
75 1 [170.6502650582697, 62.21609215310309, 243.1780689881829, 135.2672308714051]
76 1 [170.1316411325242, 63.10823316744063, 248.0290802796351, 139.0630684252779]
77 1 [172.5701072344091, 64.49001113942359, 254.962334652694, 135.9587738394555]
78 1 [171.0974335202482, 62.55161861947272, 252.6218739418252, 134.6115645457501]
79 1 [171.3837714584079, 59.93908683827613, 249.9135163412429, 128.5986926698055]
80 1 [169.4032898636069, 60.38794714084361, 248.0981888564242, 125.919953187004]
81 1 [171.6979821117129, 61.3739268766949, 248.3947126168708, 125.2973072652248]
