Human4 0
2 1 [102.6387100815773, 233.2425661087036, 129.7126517605782, 315.5986749903361]
3 1 [104.7403711974621, 237.4194024205208, 131.6500352235054, 320.3666086541346]
4 1 [108.7360740602016, 237.4300045000855, 135.6932812916749, 320.7519539409122]
5 1 [108.7096232208423, 241.0875919687096, 135.677903105414, 326.0673783716359]
6 1 [113.7574446233921, 247.1083876716439, 140.4161177023858, 332.6091112035522]
7 1 [110.7706844839267, 251.6611063706223, 137.2169550329596, 336.7200986692794]
8 1 [106.4167052539997, 253.8705036269967, 132.9280542289491, 338.7673908610664]
9 1 [105.4762349310331, 246.3956943380181, 132.3943000033976, 330.6581559816394]
10 1 [117.7338335695677, 237.0672628509346, 144.6620207571416, 321.0403607377875]
11 1 [121.9483775678091, 237.2702375652734, 149.0541236431435, 320.7676911947694]
12 1 [117.0201621237211, 239.6120258274023, 144.3351255884222, 323.637088446681]
13 1 [118.2369226994924, 237.7610849442426, 145.2910360336951, 322.2610479112258]
14 1 [116.5001329067163, 232.4600290360395, 143.3525842696098, 316.2387514696192]
15 1 [117.1681668641977, 233.3443882169668, 144.1798716203532, 315.8222171366873]
16 1 [120.7665186407976, 227.9529210033361, 147.4463983727693, 311.0809433922709]
17 1 [117.5253390553407, 224.3067803087179, 144.4158937974376, 307.6381833869136]
18 1 [121.9593282821588, 221.1144255700056, 149.0355006132014, 304.3537666964091]
19 1 [129.7621204736643, 225.5446486773435, 156.6979715990921, 308.7045767223322]
20 1 [132.16192998318, 225.2337272132281, 159.2470108561398, 307.4556272460983]
21 1 [137.815342921298, 223.5823514724616, 165.107439444718, 305.5541194872105]
22 1 [132.0163366976194, 221.6902756358031, 159.4053284001858, 303.7317300753109]
23 1 [140.49549319176, 220.4082993830089, 168.0633836364252, 302.4998164811772]
24 1 [138.8579902830534, 224.5321826303843, 166.6377771919656, 306.1376515588839]
25 1 [134.309298473876, 225.2343490386847, 162.0212388500143, 307.0316546797997]
26 1 [136.4248970928602, 222.5198241735343, 164.2287099770434, 305.5994117553554]
27 1 [137.737085449975, 222.36816822947, 165.5713595322232, 305.2193203412523]
28 1 [138.4298544409685, 223.5153981989715, 166.3346212619328, 306.3771639306121]
29 1 [138.6698696049862, 224.9810309654567, 166.462810157172, 307.5351296258135]
30 1 [139.4989755782299, 225.4672530984972, 167.4245908003477, 308.0563051605146]
31 1 [136.2299218806438, 223.2000585591886, 164.1471186162012, 305.2701918654714]
32 1 [144.4299110802822, 222.9811520075891, 172.5083924887096, 303.8691477949744]
33 1 [146.8222633036785, 222.2531626319978, 175.097394645717, 303.0010315541302]
34 1 [142.3732787403278, 237.420682678232, 170.7523201977265, 318.5007033482943]
35 1 [146.6774621638469, 244.2214725113008, 175.0539419660762, 325.3989219816705]
36 1 [148.8489706846885, 248.8081232404802, 177.1421083204438, 329.8266136471374]
37 1 [136.0332877966575, 247.6667765474413, 164.2102767031421, 328.7649474630371]
38 1 [144.3388660284691, 253.8888678646181, 172.3392067638879, 335.3780304397956]
39 1 [140.2315278383903, 252.6036520993803, 168.3934217450627, 334.0818935060398]
40 1 [139.8553071203642, 251.0001265204046, 167.9847156562871, 332.8271873430676]
41 1 [136.0839829626493, 255.5621384775732, 164.252168921181, 337.9668062750558]
42 1 [128.0987355890684, 243.2340490019415, 156.2235954383265, 325.3578491701898]
43 1 [131.3586617293768, 242.0825377053116, 159.6911506120495, 325.0230846516013]
44 1 [129.7690352085047, 245.8825614994858, 158.1356339483041, 329.5716116779626]
45 1 [128.8330640676431, 255.8672419136856, 157.2477833094502, 339.3305999244289]
46 1 [129.5637236568146, 262.4104610031936, 158.4594201803494, 345.3647812023011]
47 1 [132.546021792572, 262.4274607344996, 161.1503501290182, 345.5136133484367]
48 1 [130.3576290640049, 253.7379761382472, 159.1602344525775, 337.5911474041346]
49 1 [121.2439149650745, 247.8565188094508, 149.9570403357521, 331.57621697441]
50 1 [125.1848772200756, 240.6251235648524, 153.964192073113, 323.1677597848574]
51 1 [117.1623608502559, 248.2592578574549, 146.0157129411858, 330.89357864189]
52 1 [126.4248195323162, 254.3580068990123, 155.198716266768, 337.6742063324871]
53 1 [130.0665164026432, 259.9853320762049, 158.4389756186645, 344.209787595777]
54 1 [133.2868662509136, 259.5160774483811, 161.8490371238354, 342.8326742047401]
55 1 [129.8374602231197, 267.4050645127427, 158.4241202673019, 349.8661532797595]
56 1 [126.8970301779918, 269.6283642544877, 155.6349846166494, 351.6497412796434]
57 1 [130.5104056033306, 262.605033923639, 159.0708921458074, 344.6401786408834]
58 1 [127.2923350366764, 271.7789665951859, 156.2628248368089, 353.5431356415813]
59 1 [126.9105566325598, 268.4820918336045, 155.9526476785645, 351.5681845791644]
60 1 [128.5976963522844, 260.1867703690659, 157.8072947096066, 343.3043229418186]
61 1 [130.8127690139227, 261.0795368596446, 160.2440454685194, 342.9843919620143]
62 1 [134.6748871388845, 265.5116899653804, 164.1235039653544, 345.958708384033]
63 1 [135.2768002110533, 265.1436733051669, 164.448694222227, 344.7535440812941]
64 1 [130.034614618402, 267.297624085797, 159.1088884333978, 345.9505063461627]
65 1 [135.9875826197676, 271.5419850095641, 165.0169096019735, 350.0939787488742]
66 1 [130.9024004298262, 267.0318690284621, 159.9251124265514, 345.9618485157301]
67 1 [136.8921152907424, 271.5055236562621, 165.6219032022284, 350.6859094078645]
68 1 [135.5775585430674, 287.2742352231871, 164.281362194038, 366.4026584203102]
69 1 [142.7983346241526, 285.7807278975379, 171.8624474859111, 365.191588528511]
70 1 [142.3530367421918, 291.8676334961783, 171.0787233026288, 370.5290657548238]
71 1 [144.2451055753045, 286.7786521061789, 172.9565748033038, 365.4641608554639]
72 1 [143.4978813338094, 276.5741986378562, 172.1201127780967, 355.5553661736844]
73 1 [144.3065969306044, 271.2300998314749, 173.2087212035566, 350.2288815309128]
74 1 [152.9286960917525, 270.7316032394301, 181.8562590747165, 350.2505685893615]
75 1 [155.8467156845145, 270.8727382931393, 184.9511349965134, 351.4905524576823]
76 1 [159.799620624166, 268.9001991662663, 189.0611325948553, 349.6769950562444]
77 1 [163.3137397128157, 266.0346033487003, 192.767780814187, 346.9651892100129]
78 1 [162.1920932489447, 262.0224478158634, 191.6423898122996, 342.9447761911897]
79 1 [165.5301604825072, 263.2217216554564, 195.0406563200198, 343.7859156747675]
80 1 [154.0445254403167, 269.6880889001768, 183.4705631279425, 350.8089332117599]
81 1 [153.9661492160521, 273.4081009093206, 183.449001565401, 355.5490106439551]
82 1 [162.7609856179915, 264.2991033259314, 192.3900532599645, 346.5668083280378]
83 1 [158.031933133956, 263.0440853598993, 187.5662261727475, 344.9314396431013]
84 1 [146.7800543955527, 269.7738663915079, 176.2041667925355, 351.5797144477809]
85 1 [151.6522674015723, 268.590202114312, 181.2427049603621, 350.6246699239354]
86 1 [147.0294539383613, 272.5171534034889, 177.0892919145496, 354.8373396855845]
87 1 [149.4956424585544, 268.6852286073845, 179.8677812106204, 351.3240908062095]
88 1 [152.2916674367152, 260.9099356147926, 182.4907406070795, 343.2632522120615]
89 1 [150.05933788931, 264.9059341165703, 180.4637164892579, 346.6212911115374]
90 1 [143.8777205101214, 272.9359016630333, 173.9432482166461, 354.5034221687705]
91 1 [141.8237305930816, 272.5315295222681, 172.0344047773488, 353.9752798737726]
92 1 [142.8241843483411, 271.4875989470165, 173.232186010194, 353.5947699517423]
93 1 [144.6986340484582, 270.3237173769157, 175.1031612816803, 352.5191610185373]
94 1 [135.8799677095376, 269.7829157921951, 166.4147566845392, 352.362783608107]
95 1 [127.73522128677, 271.9921854946297, 158.0581916210487, 354.6444275104759]
96 1 [123.5695778331719, 272.347838512389, 153.9442214138626, 354.31253741603]
97 1 [109.8913835487329, 269.2106484684628, 140.2355540946524, 351.1041802086997]
98 1 [98.28846683120355, 273.4342136296909, 128.4062155655032, 355.4221732164216]
99 1 [95.12385090207681, 285.6565489682835, 125.2759151322449, 367.2802200738898]
100 1 [98.79869063710794, 277.8145852002781, 128.881863760021, 359.3584831075252]
101 1 [94.23164298152551, 284.3263580712955, 124.3641112565414, 365.8824727668496]
102 1 [84.31734552001581, 286.3644094082993, 114.4928508093931, 366.9356119230441]
103 1 [88.1089254221879, 285.7128076318186, 118.368327848221, 365.5307193302677]
104 1 [86.98730488633737, 285.0381188902538, 117.0601283189145, 364.9014233035406]
105 1 [88.52688198303804, 285.7578806641977, 118.6823751529261, 366.2522692844037]
106 1 [90.24255459522829, 285.7710027536377, 120.4057185774029, 365.4372436008006]
107 1 [91.36668418860063, 284.8209593286738, 121.536832069742, 365.4073249113429]
108 1 [99.38213860010728, 280.2115369429812, 129.9055100519159, 361.0145868517643]
109 1 [100.0769098601304, 281.2584645887837, 130.7610440341831, 363.004986766488]
110 1 [96.79229487990961, 285.8453370472416, 127.3725057394194, 367.9272183456654]
111 1 [96.02940728282556, 274.5249451538548, 126.7558366824109, 356.0762823631195]
112 1 [93.57145225023851, 276.6316366037354, 124.1167307929705, 358.3383572717488]
113 1 [94.91339211678132, 279.0626552542672, 125.5091517158108, 360.6084926700032]
114 1 [95.539249306079, 285.473790450953, 126.3142463089861, 366.3854020578251]
115 1 [95.99090007459745, 287.9888430079445, 127.171654957976, 369.7879660978773]
116 1 [96.61194146936759, 290.1909673055634, 128.0138722641636, 372.5017217780252]
117 1 [98.69081483548507, 290.9528361847624, 130.0963422089018, 373.6583375915751]
118 1 [107.5058810538612, 293.7240337422118, 138.9510434977044, 376.5033520506323]
119 1 [107.6885872646235, 293.4054884528741, 139.1043897599748, 375.8877631423945]
120 1 [111.081791178789, 295.1760292267427, 142.1516011045463, 377.4968060753141]
121 1 [113.4486741884612, 296.316032952629, 144.2165082652063, 378.5235699784203]
122 1 [126.8631930216216, 298.6719421511516, 157.6721291427344, 379.8655752966672]
123 1 [131.9392807348631, 300.2457245653495, 162.8048946461557, 381.6917111329874]
124 1 [138.1101496084593, 299.5079647218809, 168.8246293387218, 380.1355974201714]
125 1 [137.450821058359, 301.4543037330732, 167.8011383337479, 382.3853114106853]
126 1 [130.0132950707339, 300.1917956983671, 160.4553801437847, 380.9088177674707]
127 1 [130.0666902572848, 301.5224862312898, 160.7343147749998, 382.4850661548829]
128 1 [132.496156653855, 288.9354193424806, 163.0380878769761, 369.3824068028665]
129 1 [132.1693269894458, 285.9629443502054, 163.1068696459655, 366.4419319206533]
130 1 [125.1019744561054, 283.8363953148946, 155.9405552356311, 365.3235149015811]
131 1 [123.8339747474529, 283.9196012848988, 154.313295238766, 366.0467849453905]
132 1 [134.9584116027691, 280.5344258183613, 165.7612799618632, 362.7457184311612]
133 1 [140.1747037456371, 286.7485384577885, 171.253715422781, 369.7909660027218]
134 1 [141.4883533106186, 296.7328773373738, 172.4432162620594, 380.3579849969137]
135 1 [128.3137693987228, 298.3007860118523, 159.5942019737877, 381.6687727626055]
136 1 [139.1307380781509, 287.6642501289025, 170.3866427774305, 369.9288282509033]
137 1 [150.5726864919998, 284.7162976795808, 181.9219991208939, 367.10477439271]
138 1 [153.079668878112, 284.8075141040608, 184.162869350147, 367.109740845514]
139 1 [154.6871623382904, 285.2110696611926, 185.7377971929173, 367.2176424718114]
140 1 [155.9311018125154, 284.2296400694177, 186.7177704697367, 366.3364383557998]
141 1 [161.4232567683794, 287.2015282539651, 191.9713415593459, 370.0767595408405]
142 1 [162.4905011788942, 285.8223058311269, 192.9994470246321, 369.8139404832434]
143 1 [168.7768606082536, 284.7596684871242, 199.4693714551065, 368.8062555619976]
144 1 [179.2038825885393, 286.9204283533618, 209.9803834762306, 371.6360550528689]
145 1 [187.2667244807817, 284.3789691505954, 217.8341010922544, 369.1107059607852]
146 1 [199.7328881160356, 285.3804783551022, 230.1814835970039, 368.6032368212144]
147 1 [213.6010424033739, 286.4108149735257, 243.955342984524, 370.8628235159221]
148 1 [221.0369000569917, 283.7381584970281, 250.9332428286276, 367.0840514205729]
149 1 [218.7273602918722, 285.3435899345204, 248.9027047514882, 368.4004670470197]
150 1 [222.7216228083707, 285.0823314888403, 253.0303664850443, 368.154889465159]
151 1 [227.4876200393774, 285.5042296303436, 257.9183889010895, 368.7261034699594]
152 1 [219.5270036892034, 286.9644611729309, 249.7831773026221, 371.0506177103774]
153 1 [219.9395848424174, 288.9624356878921, 250.5009293633599, 373.55382899735]
154 1 [215.346725395415, 289.3768376884982, 245.6726264452467, 374.5254317067214]
155 1 [230.5533115179278, 288.1447058944032, 261.0536269906523, 373.8794977095699]
156 1 [230.2365922168829, 287.1115736691281, 260.5736378718341, 373.9793004596726]
157 1 [230.7158564017154, 284.8208273975179, 260.6766797482449, 371.4512554835687]
158 1 [232.3043978200294, 282.0972050754353, 262.2913544054517, 368.1758189833175]
159 1 [235.905214546714, 283.957115563564, 265.5068233191317, 371.108676011018]
160 1 [243.4722000346519, 285.6635259119794, 272.7578038126916, 373.9871648153263]
161 1 [242.7904549972154, 283.183182480745, 272.1051659288922, 371.72468374816]
162 1 [242.0187687114812, 284.7176507143304, 271.0973762664015, 373.4693077391208]
163 1 [243.4705755845644, 284.5177580816671, 272.9501635573562, 373.0997343009395]
164 1 [249.9087039367296, 286.0024136705324, 279.7240785492146, 376.0932761031207]
165 1 [247.323241902981, 283.2859900994226, 276.9324075068129, 374.7588836635999]
166 1 [250.4852447644807, 277.9441813034937, 280.0430819395521, 370.4535456765129]
167 1 [246.8398538962938, 278.6627180529758, 276.3191426075218, 371.1422927714613]
168 1 [257.1111515895464, 270.752434249036, 286.7846081312188, 363.4369323463245]
169 1 [263.5031858817674, 267.5110278679058, 292.9970726804369, 359.2986031937418]
170 1 [271.8250922099687, 256.9398627830669, 301.3282593191327, 349.5226348211682]
171 1 [265.0080690518953, 262.6430342746899, 294.6821049378024, 355.5303825491171]
172 1 [267.1211083964445, 261.786207373254, 296.6646829203427, 353.6555502142676]
173 1 [268.1312966332771, 258.5499758673832, 297.750634103659, 351.0693579572354]
174 1 [276.3692975030281, 257.8150540245697, 305.8740631828152, 350.026075563008]
175 1 [275.596784053836, 248.3424561871216, 304.9852741865989, 340.2344275582062]
176 1 [281.6346403942443, 247.8220954565331, 310.8234608138499, 340.0280988269095]
177 1 [277.8020519004203, 256.9069436220452, 306.7276957886027, 349.3265374130423]
178 1 [278.0934060909785, 251.3232132820413, 306.7764120826894, 344.0555746317164]
179 1 [281.5407301285304, 250.0899463919923, 309.9525857193637, 342.2778877022827]
180 1 [285.0943340160884, 256.1659258631989, 313.8553239433249, 347.9795858001463]
181 1 [287.2788883545436, 251.8954250244424, 316.2403784121705, 343.8618038480041]
182 1 [285.0196668305434, 252.9502475289628, 313.5761217594113, 345.6994366633104]
183 1 [288.4396123685874, 256.0674050478265, 317.2271219974866, 348.9406103732036]
184 1 [285.5025246539153, 259.3146857647225, 314.4735034345688, 352.0497772959373]
185 1 [284.8782247477211, 261.9607675103471, 313.7852574851451, 354.4106229599979]
186 1 [284.9040615824051, 256.7437547473237, 313.8452707184368, 348.7502384775881]
187 1 [285.3835549470969, 265.4003608254716, 314.550637137436, 357.9374083014526]
188 1 [285.3265958637931, 261.4601862458512, 314.528683390061, 354.4067569251099]
189 1 [286.7004356891848, 257.3743841079995, 315.8831586966668, 350.3276453569904]
190 1 [291.7570571214892, 253.1205466417596, 321.1926538914727, 346.7956905664398]
191 1 [288.1799126775004, 258.551637831144, 317.9316947425384, 352.1498567593432]
192 1 [290.6687301010825, 253.8062533764169, 320.2027066255612, 346.9693017371696]
193 1 [291.1774773136713, 256.7912390856072, 320.475075268203, 350.6185158253937]
194 1 [283.9374095932581, 255.4697431651875, 313.6344600272128, 349.4772521193983]
195 1 [286.2390965954401, 254.8947821957991, 315.7169276191532, 348.7592369515805]
196 1 [285.3480095402338, 253.633441071026, 314.816530905264, 347.7080362233032]
197 1 [284.3845519409515, 255.2559420866892, 313.5972704423598, 348.6914853831098]
198 1 [282.6883059726097, 253.2553774518892, 311.8863392314018, 347.255305079029]
199 1 [285.0779758379795, 254.5422742171213, 314.3767423082658, 347.6302076155248]
200 1 [288.669144062791, 256.1516474587843, 317.6880188309979, 349.1491555121637]
201 1 [286.1301968977787, 255.9734126394615, 315.0400003616906, 348.5739395433286]
202 1 [276.2770484373905, 256.5839131018147, 305.2952645143836, 349.0984856037208]
203 1 [275.1969492421486, 256.23541394528, 304.0981348285568, 349.5075148576557]
204 1 [281.9056648002006, 256.8871127283201, 310.9276056350832, 350.7579026679074]
205 1 [291.6870015845634, 257.1097893109545, 320.2809249589634, 350.7630948575912]
