human3 0
2 1 [266.2814821600914, 304.8353374004364, 303.1970491751035, 373.8158662513644]
3 1 [266.6346681043506, 303.0914506316185, 303.5293647254676, 372.1112981347487]
4 1 [267.1930793225765, 306.5431213378906, 304.0216925585786, 375.3410052075885]
5 1 [267.4462105631828, 301.8036380410194, 304.3144066034595, 370.608133965128]
6 1 [269.2479202449322, 300.20034506917, 306.1807936999807, 368.9134218616959]
7 1 [272.1044248640537, 296.5889991819859, 309.0579624877666, 365.1491123766513]
8 1 [271.1044426560402, 298.4223645925522, 308.051520455069, 367.066145411991]
9 1 [272.9183769524097, 300.561795681715, 309.9624686843072, 369.1541651758877]
10 1 [271.8500364124775, 298.7100525200367, 308.867927030981, 367.5186178657053]
11 1 [270.3874640464783, 298.3861225098372, 307.4497338858746, 367.1738481949163]
12 1 [268.751281529665, 298.5262731462717, 306.0485911449511, 367.1092484214922]
13 1 [267.7961754351854, 299.237631559372, 305.1265809383147, 367.7734224852227]
14 1 [269.8927413970232, 299.2907808488235, 307.2066920804943, 367.7723657833004]
15 1 [271.3881884068251, 298.9965107990429, 308.8538138432174, 367.4032199195581]
16 1 [266.5736294835806, 295.0204157782719, 304.0431852232842, 363.3372330811454]
17 1 [268.5319922417402, 295.3059542505071, 306.0207437775831, 363.5881974906166]
18 1 [265.9959525913, 297.144100847654, 303.4136449872256, 365.5304366539321]
19 1 [259.6497661918402, 295.9799435315654, 297.0524648036794, 364.3440397185258]
20 1 [263.6758796423674, 295.6955805933103, 301.1047486945791, 364.065927794639]
21 1 [258.7681589573622, 295.6319708749652, 296.1794151688322, 363.9658300792398]
22 1 [258.7116326922551, 296.7999201640487, 296.2319208820973, 365.053687953202]
23 1 [255.8707120055333, 296.0400998964906, 293.3731892760356, 364.4008448305884]
24 1 [256.8694969052449, 292.8440723195672, 294.4723931629155, 361.2545502267718]
25 1 [257.3963438877836, 291.4596143737435, 295.1296609192032, 360.0037985810094]
26 1 [257.3890857155202, 291.0393963381648, 295.1196621708061, 359.635839365596]
27 1 [254.85374492954, 291.3183047063649, 292.5598460172024, 359.9382555054888]
28 1 [254.5495359170018, 291.9707662053406, 292.2626595585214, 360.7698804744891]
29 1 [250.7517824637471, 289.6687418408692, 288.5106232247655, 358.3768297221488]
30 1 [253.6353002059041, 288.4830606169999, 291.3479061838881, 357.2236113891108]
31 1 [258.6864922511159, 290.1345680840313, 296.5016165129264, 358.831768216862]
32 1 [255.2558077442227, 290.4884291626513, 293.080677294557, 359.2433148260323]
33 1 [261.9188804494916, 290.8483676053584, 299.7073061610014, 359.492553795531]
34 1 [266.4977936017094, 291.664511281997, 304.3125937158729, 360.2893029143866]
35 1 [268.8422277140198, 292.0457760430872, 306.7244017458722, 360.8184204222142]
36 1 [272.0133295225678, 287.3778639174998, 309.9506376916151, 356.0530261900088]
37 1 [274.4465410279809, 282.9034862853587, 312.4660567048009, 351.5849692020784]
38 1 [278.7262773084221, 283.942353669554, 316.8113524906201, 352.5218805711877]
39 1 [278.9438628162025, 285.8882446028292, 317.2289839561664, 354.4480585592202]
40 1 [268.5831581557868, 288.4954861737788, 306.7701825405691, 357.2446033114568]
41 1 [258.8767360652564, 281.0226748324931, 297.0287823720685, 349.6457633384634]
42 1 [261.7621253932593, 281.7771163769066, 299.9762035431049, 350.4435817727191]
43 1 [260.0418544317363, 281.9736636057496, 298.2624556826305, 350.8683255977552]
44 1 [261.9903092588065, 282.1036724094302, 300.1755942623753, 350.8270003013111]
45 1 [262.6254550869344, 283.2011916581541, 300.828754550681, 351.8909570044918]
46 1 [262.9883652309654, 283.8663871679455, 301.2827748879355, 352.5383269830212]
