human9 0
2 1 [94.46547541022301, 107.3114399909973, 128.1919573048751, 215.0324576129516]
3 1 [93.57744830846787, 106.4377580881119, 126.5697983547163, 214.2476640486868]
4 1 [101.694751560688, 103.2341771125794, 135.8782007651724, 208.3204150673444]
5 1 [102.2382878810167, 104.6646076738834, 135.9833498585737, 207.1274919106926]
6 1 [101.6938016489148, 109.2383227050304, 135.4039416186165, 209.8706061171064]
7 1 [104.8857540562749, 102.3323980271816, 137.6296201162384, 204.6568837408786]
8 1 [105.9320119693875, 106.2847519218922, 138.3324934914877, 210.349699817362]
9 1 [99.83161426335573, 112.751223474741, 131.3678727509698, 219.4475974409563]
10 1 [102.8611180856824, 110.6146346330643, 134.90934607857, 222.6044072262483]
11 1 [108.6109600141645, 111.252584040165, 141.6750365148878, 221.375311061859]
12 1 [113.0500773265958, 108.9599825739861, 146.480381929048, 217.8896440722756]
13 1 [120.5638477876782, 104.6032177209854, 154.2583423474721, 212.3406736968798]
14 1 [124.1626623943448, 97.56280291080475, 158.5597592247147, 206.2082865850938]
15 1 [126.4398268535733, 94.62142008543015, 161.0415949830387, 205.4006301132493]
16 1 [127.1300617530942, 93.82031786441803, 162.2707491435684, 206.8896635097745]
17 1 [131.9367346838117, 88.74547708034515, 167.280650325064, 201.9869520680116]
18 1 [121.3038609102368, 70.5383859872818, 156.2475195319266, 182.1871337566763]
19 1 [114.7933170869947, 71.58155339956284, 150.1694072720547, 182.9419888654374]
20 1 [115.5758000090718, 76.37584584951401, 150.6587116429227, 189.0393764493351]
21 1 [108.2650691941381, 84.08463913202286, 144.0999806167481, 199.9811559794053]
22 1 [101.5264893248677, 89.3294067978859, 136.6195929579696, 206.0936874989861]
23 1 [91.26251823455095, 87.46508899331093, 127.7639199456104, 205.842465176713]
24 1 [96.37007660418749, 94.46981552243233, 132.6608184573308, 213.8791702575121]
25 1 [99.43956232815981, 89.95489838719368, 136.3535034665937, 211.7881708432462]
26 1 [95.68979895859957, 81.80710735917091, 131.6917544584144, 204.977981350608]
27 1 [95.76715038344264, 73.51146283745766, 132.3902721396884, 198.1225190168952]
28 1 [95.83662694972009, 71.71693268418312, 133.5733150649701, 197.3049692652452]
29 1 [92.07006043475121, 63.96307054162026, 129.1016340661538, 191.9876832813779]
30 1 [96.14475941937417, 64.34067442268133, 134.2468186931561, 192.4144236671232]
31 1 [95.71830368321389, 75.69619729369879, 133.8363202587763, 203.5174769896537]
32 1 [97.01098567526788, 76.57146922498941, 134.2284581141533, 208.3792726724675]
33 1 [103.7000346807763, 86.39196685701609, 141.4541282319323, 218.264008088229]
34 1 [115.0770903257653, 85.33324464410543, 153.1926851137955, 215.3910557371506]
35 1 [107.5084174303338, 82.54856958240271, 145.5627748618062, 211.515386409843]
36 1 [112.6861549047753, 74.86344292014837, 151.0784872489371, 204.1202350422515]
37 1 [120.7443649200723, 73.743866302073, 160.1571357063154, 199.409778083945]
38 1 [126.6607899097726, 61.38022504001856, 166.7091076589091, 186.3566985402478]
39 1 [111.3870269684121, 56.64674273878336, 150.7256320351814, 179.1838521930458]
40 1 [107.3186386255547, 60.6687839999795, 147.7543149592546, 182.3574106121284]
41 1 [101.3551533846185, 58.5009326711297, 141.8238610513087, 179.1282951264611]
42 1 [102.6188606647775, 61.52176520973444, 144.6606113144723, 184.8989340457863]
43 1 [106.0902664689347, 72.37218401581049, 148.2879115211502, 197.6932629433364]
44 1 [103.9354414371774, 84.58244822174311, 146.1849693020133, 212.9208071011086]
45 1 [98.48195976298302, 93.90070817619562, 140.8150175786454, 221.788614261094]
46 1 [94.45203072112054, 95.46059749275446, 136.1604973789601, 225.2706418596994]
47 1 [97.96879953425378, 86.11765167862177, 140.0813060740809, 211.2585468168908]
48 1 [101.3208789257333, 71.57216332107782, 142.7178186760173, 195.5041018619996]
49 1 [102.5329025713727, 61.64594850689173, 144.4704594407733, 185.5093038815803]
50 1 [92.36576041858643, 70.34247002750635, 135.2652831823144, 198.7952369703379]
51 1 [89.91108319442719, 65.62346807867289, 133.6566671397326, 196.0553921685685]
52 1 [91.56361884158105, 64.23731855303049, 134.1702728247472, 199.1502231878102]
53 1 [100.3042394546792, 60.67849359661341, 143.9792210248359, 196.2158433268049]
54 1 [95.94231164734811, 70.15387497097254, 140.3407622158651, 206.7601939565095]
55 1 [99.5980603126809, 77.14439175277948, 143.25422529137, 216.1612797920809]
56 1 [107.669712963514, 84.85872111469507, 151.4768993986441, 222.2260316813367]
57 1 [108.2712399465963, 87.71361074596643, 151.3272321505081, 227.0411791253035]
58 1 [111.5056067211554, 83.65784875303507, 154.962933588173, 222.5322242439725]
59 1 [118.2200973732397, 78.28408829122782, 161.3306734971215, 217.150553467683]
60 1 [118.3235789155588, 70.89969924837351, 161.7875170840582, 207.7889220410074]
61 1 [116.6077562486753, 64.82664040476084, 160.3117727190464, 205.3340956902261]
62 1 [122.4669065391645, 56.94462410360575, 166.4347054506876, 197.4838675841671]
63 1 [119.275181225501, 52.64747879654169, 162.8078734787016, 196.0707268399357]
64 1 [111.0139351403341, 52.07676510512829, 153.8394876945061, 195.0272997738972]
65 1 [102.6379679953679, 51.65320652723312, 144.7026143587505, 196.0561504561124]
66 1 [98.15729939099401, 58.34455448389053, 140.2897116458692, 206.5540646158501]
67 1 [90.33395969029516, 67.65323239564896, 132.1574736044869, 218.2940802730078]
68 1 [79.79538880940527, 70.76467889547348, 122.3993970072231, 224.3563861876748]
69 1 [71.12952851410955, 82.32107657194138, 113.3650034961154, 238.1838467004719]
