Human6 0
2 1 [339.2400885373354, 358.4923240840435, 357.2197918057442, 413.1782814820608]
3 1 [340.0228456407785, 358.5433747824282, 358.0704154120232, 412.9192609594475]
4 1 [339.3547070771456, 359.2324274238199, 357.3820824762801, 414.0221841432738]
5 1 [337.233291938901, 359.2392007169547, 355.2214318485737, 414.4888620302187]
6 1 [336.0738162696362, 359.6583486628952, 354.2033140269257, 414.1973745802858]
7 1 [333.3316211402416, 355.6889079046669, 351.4433716134807, 410.5118691060977]
8 1 [332.1454867720604, 356.4978666139068, 350.2203106248158, 411.3004508243715]
9 1 [330.7773005962372, 355.4816433322849, 348.8213528624671, 410.9526271904815]
10 1 [327.6165050268173, 352.9937397969188, 345.4127655370689, 408.8530548662189]
11 1 [326.6186358034611, 358.2911085617961, 344.6940142328885, 413.698197117689]
12 1 [325.088877081871, 359.5681601298275, 343.1335910379036, 415.0190861991096]
13 1 [319.2378962039948, 361.1162958574714, 337.4368188285543, 416.3808013563952]
14 1 [315.4525247216225, 357.8098563385429, 333.7161519181489, 413.1609477984636]
15 1 [312.2916024923325, 360.3201885056915, 330.7244545762758, 415.8417192233222]
16 1 [312.2364078694955, 361.6924468708457, 330.8067091685459, 417.5119216285913]
17 1 [313.1948309624568, 362.3557427061023, 331.6781774166578, 417.9856537031241]
18 1 [309.359891959466, 364.1102328432025, 327.8822468321689, 420.0016616906582]
19 1 [307.9845545673743, 363.1687754673185, 326.3480848697895, 418.7094398379119]
20 1 [304.7723651910201, 361.844683317584, 323.2975637129973, 417.5747199683233]
21 1 [301.7433087015525, 359.8806506675901, 320.3428749763846, 415.5263895896181]
22 1 [303.6997802043334, 352.1927690786542, 322.3442668263691, 407.37859308372]
23 1 [301.4812285685912, 364.3061185163679, 320.1378667471612, 419.0359955722778]
24 1 [302.3368911677972, 365.1179349703016, 320.8945867923214, 420.0532337683806]
25 1 [303.2673074537888, 361.2099209708395, 321.7546583454561, 415.7121728211483]
26 1 [303.0521691637114, 361.1797078653472, 321.5127641569356, 415.6333499226533]
27 1 [298.5164160327986, 363.3917520149844, 316.9425473496939, 417.8189930348561]
28 1 [300.0080955820158, 365.6112796767848, 318.3824707073653, 419.0571111323418]
29 1 [295.2975208358839, 364.4031307800906, 313.7528458934703, 416.9759233365144]
30 1 [297.3229170637205, 371.0400853260653, 315.7527127835017, 423.7858740380693]
31 1 [295.2916640834883, 373.1151609822409, 313.8497334260544, 425.8961006560851]
32 1 [295.2878524377593, 373.8876841916936, 313.7736469969627, 426.4762152943413]
33 1 [294.0876901164302, 367.606648053159, 312.6975963005864, 419.448478311813]
34 1 [295.7250469937571, 373.178998078336, 314.2552478550059, 424.8047304001066]
35 1 [297.3545898511657, 378.4467689647572, 315.7685672516167, 430.3963796531828]
36 1 [295.5732575073489, 376.6258168175118, 313.9868455171953, 429.0012116479936]
37 1 [300.0566250100383, 368.6759066536324, 318.4208045054104, 420.6559424081781]
38 1 [300.9225431844243, 377.2430264904397, 319.2936145561443, 429.2407567043625]
39 1 [302.9280862971791, 378.299255590071, 321.577884993291, 430.4839810615385]
40 1 [301.5359357759007, 372.201141934027, 320.1238827631622, 424.712812803223]
41 1 [302.2126726820716, 379.1473814054625, 320.6856405140397, 431.8598656658563]
42 1 [301.5937778740772, 379.555050763418, 320.208168413986, 431.5979803291302]
43 1 [294.6126714735874, 375.0633237092989, 313.2202325403025, 427.0638587147283]
44 1 [290.3373262673267, 369.9849716156023, 308.9145048823993, 421.349903145107]
45 1 [289.237386250461, 362.0203540056245, 307.7874012450949, 413.3509598799968]
46 1 [289.1051665521809, 368.3722928493517, 307.6279263526898, 419.6216352599482]
47 1 [287.1304005957791, 366.4956051438348, 305.8186429887662, 417.7869334406136]
48 1 [288.2681334592053, 372.8075599997537, 307.1082382432463, 424.7279436417402]
49 1 [288.2987776552909, 369.9318683474558, 306.9912405056654, 421.6723489745434]
50 1 [287.9551604171866, 371.8890926569002, 306.590869805945, 424.2210570946996]
51 1 [289.2550651510828, 372.9220187246101, 307.8800452815053, 425.0770447168169]
52 1 [287.1357975681895, 372.2598238616483, 305.7107945254024, 424.2233181239884]
53 1 [287.9298166712397, 373.6001539557474, 306.3969517211356, 425.3314786328431]
54 1 [288.2831627284759, 374.0459479346173, 306.8649775004186, 426.4152458750951]
55 1 [287.8663617526763, 368.2231695904629, 306.669271496856, 420.7072652330697]
56 1 [287.3089160551899, 365.8128543152707, 306.0654685546477, 418.152202821292]
57 1 [289.2718969812268, 371.038441206445, 308.1104179398448, 423.4316625775884]
58 1 [286.3114198078984, 374.1663865699666, 305.1706665576417, 426.5736627107493]
59 1 [286.5439442513161, 367.0108263149159, 305.5250320070468, 419.9985746369926]
60 1 [287.7776333657675, 378.6680929317372, 306.7470593842469, 431.9088134522494]
61 1 [282.6835390893393, 386.7459694995778, 301.6763803487119, 439.9541080806961]
62 1 [284.9563583699637, 382.164386059274, 303.8326474317925, 435.3733401182088]
63 1 [277.823860940116, 381.0915613874095, 296.9114340845709, 433.7393780875902]
64 1 [278.0794220944517, 386.979046533932, 297.1883956859836, 439.2193620152439]
65 1 [276.2494487842196, 388.0562946900027, 295.2892007396166, 440.7518115420434]
66 1 [272.5862540086382, 383.6950124009745, 291.5631014436929, 436.6170334893988]
67 1 [277.9727513869875, 385.9666904016631, 296.9615301232471, 439.3526732993147]
68 1 [273.8757256945246, 386.6966073914664, 292.8790989214107, 439.6996418902334]
69 1 [270.6171522816294, 383.6165135308402, 289.5372237760764, 436.5868070931807]
70 1 [271.9343495150679, 379.8403384491103, 290.907605821975, 432.6336626555528]
71 1 [269.7918846984976, 372.7285196586745, 288.9662733740774, 425.6063136120121]
72 1 [268.8286968102329, 372.6369029890047, 288.0215938851625, 425.1370344402461]
73 1 [270.6311497619026, 380.5416364084231, 289.8158968407146, 433.2307037317826]
74 1 [269.3852474322193, 372.7319080244051, 288.5663737751644, 426.021055219149]
75 1 [269.0912267347449, 363.6383629451739, 288.3788069316475, 417.2877932444893]
76 1 [268.9595948965871, 362.1691510687815, 288.1623050467633, 416.0683590101784]
77 1 [267.3060872466886, 368.9141527424799, 286.3518440015496, 423.1749707843321]
78 1 [263.2443716438138, 367.9377142946469, 282.2688565534435, 422.2829970779037]
79 1 [266.6080244691693, 367.8324717051582, 285.6939177627465, 423.1389829806013]
80 1 [266.4418813833618, 367.0296288795071, 285.6198213601692, 423.169971001665]
81 1 [266.4252851673518, 364.3869863218861, 285.691337664803, 421.3112015842609]
82 1 [264.0181445845519, 372.7036849922733, 283.3079568283647, 430.1106247308728]
83 1 [265.3514396914397, 371.6876222706633, 284.6574673947313, 429.4389401770648]
84 1 [261.5847611197387, 370.8714139229851, 281.0331487355131, 429.3299670884244]
85 1 [261.5544586515171, 373.3168433374958, 280.9612548738401, 431.6737780275158]
86 1 [260.3014641141635, 370.5771843857365, 279.5390088014837, 429.0088547827265]
87 1 [257.8146118557197, 377.9914735025959, 277.0951914516274, 436.0913417990312]
88 1 [255.0279749071342, 371.4120338625507, 274.3244484041931, 430.0341714516606]
89 1 [254.683117706154, 368.2177878684597, 273.7403870373387, 427.113606798588]
90 1 [254.9255435986561, 364.1707516975002, 273.9807881295626, 423.1052190060815]
91 1 [253.5692519767326, 366.3764492935734, 272.3381391108666, 425.2579783396421]
92 1 [248.190139613871, 366.1191819376545, 267.0124087084332, 425.5021399147501]
93 1 [251.6940788252396, 374.9733356899815, 270.5045144534977, 434.8981818849333]
94 1 [248.0329779608292, 369.0507934755879, 266.825999980837, 428.9957127339157]
95 1 [252.2706214411301, 364.6226037807064, 270.9869246724829, 425.0864691626174]
96 1 [247.7219850642723, 363.4565619147616, 266.270999117678, 424.5533958457227]
97 1 [246.1614898664993, 365.3207663214998, 264.8587927155326, 426.731599388587]
98 1 [245.142024315719, 361.7167133606272, 263.8005255433701, 422.8396303651642]
99 1 [246.1530551387114, 365.5979294098215, 264.7459269017536, 427.7200973395983]
100 1 [244.0625135673326, 363.1466116524534, 262.5892111554473, 425.2569322603013]
101 1 [243.5959015859407, 365.1254068828421, 261.9937453341219, 426.498610792608]
102 1 [247.5951410902781, 366.194085828145, 265.8924637007406, 426.9799570430164]
103 1 [243.5686884893221, 366.5819145879941, 261.886814347172, 426.7569618324786]
104 1 [241.3618350101751, 366.1963541201549, 259.9107665006366, 426.2964573993706]
105 1 [241.6132563984138, 363.0942646554904, 260.3021399292305, 422.7908409447277]
106 1 [240.1815520858509, 364.2611976108747, 258.9274752366791, 424.5992517113854]
107 1 [238.0479604637367, 365.4480349413352, 256.8925144080289, 425.6207699251322]
108 1 [238.6455199381453, 365.5586613762425, 257.5557682046473, 425.7752912736557]
109 1 [238.866056453262, 366.1299501034664, 257.7360524163756, 425.2712067424835]
110 1 [238.6064055448514, 367.6081451448845, 257.3953543684809, 427.4390093574333]
111 1 [238.9402517935378, 372.3785006675171, 257.5506093121064, 432.0711727096609]
112 1 [237.22634228674, 374.3209392997669, 255.7558512352815, 434.5187017882766]
113 1 [238.456327196036, 367.6930720779346, 256.8938156299619, 428.0156448648789]
114 1 [239.7118367513758, 368.3247953328537, 258.2055894583497, 427.8961661980886]
115 1 [241.9838392993552, 358.9889484319137, 260.1892201649782, 418.8075204610668]
116 1 [245.0112095734221, 354.2574479851173, 263.3882333244684, 413.9556745502335]
117 1 [253.8198623320204, 367.9723849567818, 272.2514230828964, 427.9097828500966]
118 1 [252.2590485474211, 372.7538829717087, 270.8112234527066, 433.0200708013752]
119 1 [246.1485806366545, 378.5050296458649, 264.8590009062515, 439.1562859059911]
120 1 [246.0385405251873, 376.7648905190872, 264.7983411146237, 437.7549349290193]
121 1 [245.0603121498716, 365.3238790902542, 263.8892991754174, 426.5010279832204]
122 1 [249.0149882415426, 364.575915304129, 267.8864110660409, 425.8164304353142]
123 1 [251.6498413661611, 364.6928755055415, 270.5837057419459, 425.0596971529672]
124 1 [251.1825730258715, 358.6264518509852, 270.20633003111, 419.4955277197164]
125 1 [254.2623995596659, 364.6037600050913, 273.3198991599176, 425.6947073838689]
126 1 [256.4464073235286, 363.3382671187865, 275.5129147762443, 424.6893118625306]
127 1 [259.0839256698382, 365.8023459325777, 277.8697522896893, 427.1432770041926]
128 1 [259.029729126778, 366.0792100477265, 277.7835017933593, 427.7659800804402]
129 1 [259.1532711245236, 365.6183712977218, 277.8088791620556, 427.9992168164141]
130 1 [258.23032724933, 364.6574458527612, 276.804001508741, 427.3269223192473]
131 1 [258.6315470121917, 366.3790492761182, 277.2067163244296, 429.028008810081]
132 1 [258.2713432543096, 367.3483245867537, 276.8845758575828, 429.7114045829391]
133 1 [259.304713823658, 367.9162176746177, 277.9775300378015, 430.3583187643572]
134 1 [259.6202311597881, 383.684229483013, 278.4817236187392, 446.259349318612]
135 1 [261.6186626933632, 371.7906376022147, 280.4146941183979, 435.0057453587434]
136 1 [260.0095065616188, 369.6082351404475, 278.9209039213698, 432.9139725334348]
137 1 [256.1171253703651, 371.077393968706, 274.9435947072583, 434.1369351214058]
138 1 [257.4489269338665, 363.2479537326144, 276.2413621435367, 426.2662831566755]
139 1 [257.9258663512883, 364.3553597527789, 276.73231370125, 427.25864367413]
140 1 [262.0463884927449, 361.7132488685893, 280.757124928604, 424.6608389788376]
141 1 [262.3486304402468, 364.4653288322734, 281.0395598829221, 426.4494857059958]
142 1 [260.3692127883551, 365.0400717231678, 278.8499396540763, 426.5699857356322]
143 1 [256.0452623784659, 361.2386037084507, 274.569432577308, 422.291218727516]
144 1 [257.2787071138737, 364.6371297213482, 275.8499506418373, 424.8789173537392]
145 1 [256.0308440894005, 363.2858439955162, 274.3925550453023, 422.8856124585689]
146 1 [256.0262884953409, 367.3784055981087, 274.1854023315752, 427.1828278255628]
147 1 [258.4172797956853, 364.2162197503494, 276.5821973619284, 423.3211600388993]
148 1 [261.3341251769452, 348.7654155167984, 279.4771132265946, 408.4182407324001]
149 1 [256.1201421180158, 343.1262331876205, 274.2589302340946, 403.1207822844117]
150 1 [255.2466886499315, 345.6085355255054, 273.4497850578276, 405.2922223823393]
151 1 [254.0329342344194, 345.4293230782496, 272.322377770708, 404.4072880675761]
152 1 [252.3691093185335, 357.8101793538081, 270.5609059767901, 416.8615714329103]
153 1 [246.292174384871, 352.9764551530825, 264.4550949891893, 412.1424675226077]
154 1 [241.1595963695436, 352.3312419514405, 259.1709000424449, 411.4904778273213]
155 1 [239.042182789126, 357.0680856566178, 257.1448325374895, 416.1049444633623]
156 1 [241.1810322859674, 372.2744130949723, 259.2661627139287, 431.5208500873991]
157 1 [241.3648281441419, 375.4887568812119, 259.43109736346, 434.40854808526]
158 1 [239.2965048001497, 377.6690155129181, 257.6092157931581, 436.0342269880267]
159 1 [240.0975682036369, 373.329488919233, 258.3416719053504, 432.2229649600408]
160 1 [239.3425230876892, 377.0977005223976, 257.4678788533299, 435.7000042780108]
161 1 [237.3076118723839, 379.9607720832573, 255.2626183090044, 438.8472914084307]
162 1 [236.5680935428827, 381.8508905033814, 254.5486779822101, 440.5143834039061]
163 1 [234.556975607702, 387.7762544016587, 252.5415010719457, 446.9680534903803]
164 1 [235.3469234154909, 391.7860913138138, 253.4871416324856, 450.5598527715893]
165 1 [233.0069477306097, 384.5126086334931, 251.226316268026, 442.9773168506333]
166 1 [229.9768100128858, 385.3846273432719, 247.9725808685138, 444.1015212165262]
167 1 [227.0592878208845, 390.7456008206355, 245.1341513933997, 449.1647619353877]
168 1 [226.4896785662859, 382.8464642773615, 244.5655499120994, 441.4042353155681]
169 1 [224.9985636220663, 385.5023223768221, 242.9757006516911, 445.1549566897528]
170 1 [223.5741505966871, 380.5717829476344, 241.4632061179949, 440.4836264331243]
171 1 [222.5654251323431, 380.7345360751497, 240.3555548069404, 441.1576897017906]
172 1 [222.9149906532257, 373.4919226403581, 240.6372513779696, 433.3415758552217]
173 1 [222.1690403865068, 365.8409345383989, 239.5221077121761, 424.9357677137143]
174 1 [223.0257702068775, 357.8412431712495, 240.3420402255727, 417.0410500723196]
175 1 [219.5240384535282, 345.5001777644502, 236.8334759178857, 404.8571691796178]
176 1 [218.9336572409957, 345.9054133902537, 236.1015224770594, 405.2858500552383]
177 1 [216.4247207166045, 348.7145513902651, 233.5848811814168, 408.0591155147579]
178 1 [213.8817249060958, 341.9398421655642, 231.0173641221151, 401.9636319081089]
179 1 [212.8299666018575, 345.9087622772204, 230.1099782307876, 406.5602612371866]
180 1 [216.3864181013196, 337.9806268821703, 233.6375737972869, 398.4868709693322]
181 1 [214.4879632265656, 338.5195612768875, 231.7775777969483, 399.1310568511705]
182 1 [210.8258070619195, 334.6801212291466, 228.0457765359137, 395.8343460845124]
183 1 [211.9086640150636, 343.3836546401726, 229.3120710065315, 404.8803575785366]
184 1 [212.0289616854279, 331.6331592063652, 229.5680751780859, 392.9575702876875]
185 1 [207.8345801503747, 348.7233236293541, 225.3335059290649, 410.2257021327828]
186 1 [204.3009798796265, 351.5645938973175, 221.4946522232852, 413.1333648427337]
187 1 [203.1499163628905, 350.8638441424118, 220.5651319743489, 413.4651026582503]
188 1 [203.5073177711456, 353.1062501530396, 221.0099265850562, 415.7819362798652]
189 1 [201.8629753784626, 346.9485580782639, 219.2009489929496, 409.6047786046583]
190 1 [199.5376166896313, 339.8080813746201, 216.9701794222678, 402.6630318499531]
191 1 [197.7928883032291, 338.6385466764914, 215.1007756423146, 401.5395837448469]
192 1 [193.7354722814052, 342.8817113350378, 211.083851096067, 405.9606400714227]
193 1 [191.5259795085876, 345.0597309182631, 208.8445660485151, 408.4705302557696]
194 1 [191.8640549675911, 346.6841553758131, 209.0273292283444, 409.8149554742306]
195 1 [191.7535600913107, 346.2076822157251, 208.8125469671578, 409.5082050856288]
196 1 [188.6513231051504, 347.6187938685762, 205.6080882457848, 409.9566705871011]
197 1 [185.5182866108953, 352.5813144679414, 202.2971893095432, 414.9540078128224]
198 1 [185.3487764959573, 350.5383171375142, 202.1048067536871, 412.3304268389297]
199 1 [178.2608371143579, 338.3097590740072, 195.0898424982079, 399.9472921636352]
200 1 [174.1317712431192, 327.6012470062124, 191.0084804501554, 389.5518242920686]
201 1 [169.424975431466, 324.3210475380765, 186.2676502959571, 386.3454599490667]
202 1 [170.7704787616967, 323.032677197014, 187.4500880871564, 384.8977198637684]
203 1 [170.9393003312289, 319.4412893290864, 187.4799018702596, 381.0838629254947]
204 1 [164.5512404767214, 317.7682855959283, 181.1977345029885, 379.443502312101]
205 1 [167.3604532805621, 306.7649546499597, 184.004524648619, 368.4497304796576]
