jogging 1
2 1 [111.5451299622655, 103.0634920597076, 137.6678418114781, 204.8493128335476]
3 1 [110.8492811247706, 108.9535944461823, 137.0407067796548, 211.2989948330038]
4 1 [110.504484012723, 111.0521215498447, 136.5161569247381, 214.6033603308699]
5 1 [105.5991946011782, 106.7859065830708, 131.4662790584154, 211.18328604006]
6 1 [107.6194958239794, 109.2796761095524, 133.361108420656, 214.6191989322957]
7 1 [105.7745292633772, 104.6861842572689, 131.8219131343659, 208.8271921868868]
8 1 [105.8894493002445, 108.3633211553097, 131.8552942807991, 211.8224581080145]
9 1 [102.5090663451701, 108.9057178348303, 128.4052382010759, 211.7245529094926]
10 1 [102.875387551263, 105.9338943213224, 128.9717131691966, 209.3309930075123]
11 1 [95.43440151400864, 111.015076443553, 121.49105195973, 214.5737620725641]
12 1 [93.87978050298989, 104.420923396945, 119.850216379458, 207.8199593937006]
13 1 [92.36406985111535, 104.2338592298329, 118.186339030761, 207.162580029336]
14 1 [90.58834883756936, 100.0061467774212, 116.3092583862271, 202.7862957535543]
15 1 [86.89272675104439, 105.2617773897946, 112.78736084671, 207.6677198744131]
16 1 [89.10087037272751, 106.3885828591883, 115.0538244056834, 208.8267437712212]
17 1 [88.5251838658005, 109.7050443030894, 114.4513991023217, 211.9804853773208]
18 1 [89.67776238359511, 110.0140610449016, 115.5699495543075, 211.8923577404512]
19 1 [91.34347825683653, 110.1490718889982, 117.6253802424064, 210.9953300921794]
20 1 [92.04017251171172, 112.4351631868631, 118.3132612214414, 213.4415957894332]
21 1 [95.19553332962096, 116.4490564931184, 121.7506527675145, 216.4232272006198]
22 1 [98.53971182741225, 119.6720289457589, 125.160320102559, 219.8668854189185]
23 1 [100.1674094740301, 116.1867024768144, 127.0084155863139, 216.6611584027979]
24 1 [98.23258280195296, 116.2074515055865, 125.0753412384454, 215.0967267523738]
25 1 [100.5900379959494, 115.3274128418416, 127.1288657398717, 213.5669074461239]
26 1 [102.8759501818568, 118.524677215144, 129.4080534736937, 216.8111871057729]
27 1 [104.349506193772, 124.8414409738034, 131.0775324209102, 222.4424383203134]
28 1 [106.2936064545065, 119.7636551242322, 132.8039442472615, 217.9287688887871]
29 1 [105.8802106548101, 115.0826451759785, 132.2577909928659, 214.0547244149281]
30 1 [107.6650064755231, 110.4044807534665, 133.918290930683, 210.159426512717]
31 1 [106.1260227430612, 102.683230696246, 132.5673916919579, 202.5974425080319]
32 1 [106.7860847283155, 103.6232326012105, 133.5335146947729, 203.9892554222188]
33 1 [103.5802593398839, 111.7313823681325, 130.0853951576534, 211.5638842597634]
34 1 [105.9415779579431, 112.4659972470254, 132.4582293364187, 213.3170327838086]
35 1 [105.7260183561593, 113.2711479645222, 132.1309589667706, 215.0344022848193]
36 1 [107.9362435210496, 114.1378359328955, 134.3574316382641, 215.3141989490986]
37 1 [105.9816219974309, 114.410248791799, 132.2064002469977, 215.2455145380847]
38 1 [107.0454680491239, 109.0764347668737, 133.3332640603905, 209.3552252310523]
39 1 [105.1068833041936, 119.5262579079717, 131.1129612743273, 220.0064617596037]
40 1 [103.9229308385402, 118.17100549303, 130.3382391635301, 219.3077657463991]
41 1 [103.7824988309294, 115.2185353096575, 130.3237548434068, 216.5232186927227]
42 1 [102.5299559477717, 115.319976426661, 129.1295794073801, 216.7556957235804]
43 1 [101.6584937218577, 113.045713968575, 128.214413055538, 214.7725692783761]
44 1 [101.5119668971747, 116.285874016583, 128.1710918700589, 217.9090754600789]
45 1 [100.4808277767152, 120.9262186959386, 126.9817548744442, 221.8762589195036]
46 1 [95.92310705594719, 120.0128435268998, 122.3835580456397, 220.2050238020558]
47 1 [90.62202372960746, 120.248015794903, 117.1331998353513, 220.5113575850265]
48 1 [88.97152983956039, 115.8078217245638, 115.4899218722004, 216.0597667841703]
49 1 [85.59883230738342, 113.2294779755175, 112.0630848716513, 213.2013428521947]
50 1 [84.92115349881351, 114.3773356564343, 111.251479204111, 214.781540836406]
51 1 [85.6688077878207, 118.9185569174588, 111.9122698358505, 218.7001190539661]
52 1 [84.76510764472187, 119.9039617665112, 111.2731327536033, 220.5493672294851]
53 1 [84.02518199197948, 118.8106753416359, 110.6830078255214, 219.329074980925]
54 1 [86.67933986894786, 128.0172057934105, 113.1722825280799, 228.554399809526]
55 1 [86.73818084783852, 128.2541782148182, 113.2063091412529, 228.4352932543531]
56 1 [87.92401935346425, 130.3285091109574, 114.312913368714, 229.371721142777]
57 1 [87.98899176903069, 128.2930958755314, 114.4278294957952, 227.2557930958828]
58 1 [94.88920274563134, 123.9956382401288, 121.1314428375569, 223.0717409532301]
59 1 [94.67024299688637, 119.1161165125668, 121.031651335957, 217.350011975839]
60 1 [102.6765033919364, 122.5939417369664, 129.013078908514, 220.2234554308415]
61 1 [100.8131726402789, 118.0416206009686, 127.3191580188747, 216.5768325502273]
62 1 [102.8005192000419, 116.610270190984, 129.8631176494015, 214.8954808465868]
63 1 [98.50239131040871, 117.1265202499926, 125.3383581725534, 215.2387065805947]
64 1 [99.92116826958954, 118.5764945782721, 126.6964002251955, 217.2383312400093]
65 1 [100.8068915028125, 117.9567978270352, 127.4454739584698, 216.6734038936715]
66 1 [105.1961286682636, 109.755791772157, 132.0953375293882, 207.2678229959241]
67 1 [106.1100031007081, 107.6242237277329, 133.2062041577836, 205.0727735106918]
68 1 [108.1500693727285, 109.2718980200589, 134.9911543918766, 206.8008247545596]
69 1 [107.5843605715782, 111.3286194689572, 134.41372880083, 208.5894680954139]
70 1 [104.7991288024932, 109.8478648550808, 131.656096785948, 207.7032209629305]
71 1 [102.5306406933814, 109.259196344763, 129.6680902725896, 206.8522892818965]
72 1 [100.1409256774932, 106.9805554784834, 127.3392695540596, 202.9022201726753]
73 1 [97.65038597770035, 106.4900370799005, 124.5590160536156, 201.2418222822482]
74 1 [94.69998288340867, 104.1138476990163, 121.3503995062861, 198.7337871536992]
75 1 [94.78548121079803, 100.7079605124891, 121.3473534396636, 194.8653741578002]
76 1 [89.48039662465453, 103.1052527688444, 115.6772204300006, 196.9136937233781]
77 1 [86.37485456094146, 102.0208836458623, 112.3822529155468, 195.396341231808]
78 1 [78.89073681458831, 100.0582119189203, 105.1964727870829, 192.4273506414636]
79 1 [92.45607566460967, 98.98157769069076, 119.0124159461741, 190.7127351280612]
80 1 [100.9303559027612, 108.5790663324297, 127.4899625553742, 199.1972488441454]
81 1 [104.1479895673692, 122.0983534418047, 130.8740149969556, 212.7350172005938]
82 1 [104.9255454950035, 129.5828562341631, 131.5592227596387, 220.6417178246155]
83 1 [105.1263421438634, 124.1275482736528, 131.6049910188637, 215.8472716953215]
84 1 [105.0295287407935, 123.4728824459016, 131.536689254856, 214.355566167615]
85 1 [107.5462621487677, 129.8037015758455, 134.2196043408723, 221.0818037555893]
86 1 [107.6755843441933, 129.0319408588111, 134.1434601727471, 220.4236117584618]
87 1 [109.0384335201234, 125.7171620540321, 135.8371330386005, 217.4813876445273]
88 1 [111.1302098017186, 118.3440013341606, 137.854361793858, 209.4331292844761]
89 1 [116.5832271557301, 118.172964297235, 143.4792367597454, 209.6952672975964]
90 1 [117.648635296151, 118.5293065309525, 144.4776579778625, 210.1925620644482]
91 1 [121.0028580706567, 116.4929336607456, 147.8232677033965, 207.9167321799055]
92 1 [125.2774552386254, 114.8674430251122, 152.2657040570163, 205.9880129747263]
93 1 [128.1864941995591, 119.0573351383209, 155.3382687773147, 210.7695352877913]
94 1 [130.243829427287, 115.515574991703, 157.3069277562947, 206.338803143841]
95 1 [130.0783489961177, 116.2847253233194, 157.0596384243095, 207.2678351979556]
96 1 [133.3807604331523, 120.2842390090227, 160.8092385167886, 211.390593582272]
97 1 [131.270764650777, 123.0775856524706, 158.7979062300788, 215.6207803889171]
98 1 [129.3703639823943, 121.7858664244413, 157.1417195466472, 214.3913499999285]
99 1 [129.4455303056166, 121.8132726261392, 157.154994985912, 214.2497137660044]
100 1 [126.4643637640402, 124.0324650118128, 154.0965959248136, 217.923122476314]
101 1 [128.3159497184679, 118.7326584169641, 156.0624047688393, 211.9029714672386]
102 1 [125.0214347047731, 105.4585717031732, 152.6922706434387, 197.8447223585135]
103 1 [124.0158412409946, 101.6929511139169, 151.5758757079003, 193.6598655663847]
104 1 [124.056631735526, 98.37269553635269, 151.5992413443283, 190.7298985448994]
105 1 [125.2246237909421, 107.9711914965883, 152.9671134176809, 199.6938390521084]
106 1 [124.2142954831943, 97.80622610542923, 151.7969936569981, 188.0328698055802]
107 1 [123.6810807501897, 90.72197029087693, 151.4855875657096, 181.1874173279719]
108 1 [120.2426628386602, 97.13824638817459, 148.1778657707162, 187.6614764633443]
109 1 [118.8049578284845, 98.21844095084816, 146.9383367805347, 188.6289572697896]
110 1 [118.2264840593562, 106.1500709662214, 146.4080770190009, 196.8396369159944]
111 1 [117.5156909218058, 98.06069129798561, 145.9051461175191, 187.6903321999698]
112 1 [120.0618761768565, 112.5610732445493, 148.5198277182732, 201.8493468756583]
113 1 [111.2933039655909, 112.0888312319294, 139.7892688553603, 201.0532893748555]
114 1 [104.209882020019, 112.1607935447246, 132.8430608546157, 201.2156982172091]
115 1 [100.9070530524477, 117.9766339082271, 129.632285333593, 207.418564787421]
116 1 [100.4466798892245, 118.0045859836973, 129.0868861951206, 206.960915681136]
117 1 [98.9502093186602, 128.8714628242888, 127.7728264607121, 217.1757102812788]
118 1 [95.32764881756157, 124.8738549971022, 124.5764000759564, 213.2676194495327]
119 1 [94.63430084194988, 131.1714588426985, 124.1007501747088, 219.1482182815039]
120 1 [94.93224229570478, 133.1250778161921, 123.9879123545194, 220.7675758091542]
121 1 [96.01937424298376, 134.0522570484318, 124.8792608261618, 220.9915343850613]
122 1 [100.445307306014, 133.4873905354179, 129.5263115013308, 219.8195285062883]
123 1 [102.7162994062528, 134.2553203874268, 131.4879015551083, 220.8617497189533]
124 1 [106.3686956083402, 132.5479089790024, 135.2710378446388, 218.4628119366694]
125 1 [110.3872178113088, 133.8095123642124, 139.5334794680327, 220.3241848787283]
126 1 [113.0238975202665, 130.7042268984951, 142.1867789772352, 216.3862329418885]
127 1 [116.117270401679, 134.3779064291157, 145.2369247547793, 219.9862198823207]
128 1 [117.4174367999658, 137.2035406106152, 146.8079912735933, 222.6343097150287]
129 1 [110.1257621860132, 133.0235461466946, 139.4340255213471, 218.0952470748195]
130 1 [112.1269122874364, 135.0126210921444, 141.3092763607106, 219.0660798589605]
131 1 [107.2374252593145, 140.2280376427807, 136.4901430763291, 224.5150849631385]
132 1 [110.0084109222516, 142.4293636851944, 139.2639294456275, 225.7461790528836]
133 1 [121.5664977943525, 143.7183704548515, 150.5824873457232, 226.303032813203]
134 1 [127.3517740881071, 145.6980855339207, 156.3592020236748, 228.8482679613532]
135 1 [127.1508071562275, 147.3059178465046, 156.1864703941393, 230.012023914959]
136 1 [125.9434120347723, 151.2080286019482, 155.0291107299037, 233.7961718954182]
137 1 [128.3244661977515, 153.2519994252361, 157.3063062166478, 236.5703844700578]
138 1 [132.1345837404952, 153.1597215072252, 161.4657563224729, 236.6116692559927]
139 1 [124.6989633133635, 153.2901394222863, 153.7718523567386, 236.4478919946801]
140 1 [121.5484367301688, 157.8969129775651, 151.0763698763884, 241.0531779576378]
141 1 [124.7799532106146, 158.0780478981324, 154.4517303436585, 241.2067253068876]
142 1 [122.7786855390295, 156.2089083758183, 152.2644965561506, 238.491691370386]
143 1 [122.8012618878856, 156.9913495001383, 152.0287485630431, 239.0661496990624]
144 1 [127.547993705608, 156.1456247088499, 156.7533221505305, 237.3860193104367]
145 1 [130.9354839185253, 154.7750842985697, 160.1336120959881, 236.738123881771]
146 1 [127.8581786612049, 154.3742121425457, 156.9955228801549, 235.6674240813273]
147 1 [126.5749119678512, 153.7539734360762, 155.739608747371, 234.717266231433]
148 1 [131.985322133638, 151.639556330163, 161.3278029376873, 231.6610003433788]
149 1 [134.5727064171806, 150.5186893460341, 164.2966485055828, 231.2623097792378]
150 1 [134.2019142666832, 152.5310041424818, 164.0559144405861, 234.1660005944967]
151 1 [133.8100895741954, 150.8859345731325, 163.5731762437646, 231.8340113559133]
152 1 [131.0543874362484, 142.2514525470324, 160.7890885342339, 223.0361533304518]
153 1 [130.1577653447166, 140.5071935472079, 159.8430108294119, 219.902947600223]
154 1 [130.1794865322299, 142.3012364325114, 160.0294566150048, 221.5032023172104]
155 1 [131.4587919008918, 140.1501861629076, 161.4869778825558, 218.0095256358184]
156 1 [130.617515031714, 140.2007205872797, 160.7395782677504, 217.8726208821066]
157 1 [128.4467302602716, 138.5579392402433, 158.4621776672419, 216.1589199120781]
158 1 [128.8402900439687, 136.5073302476667, 158.9120007426608, 213.9586607171793]
159 1 [127.2971363705583, 135.0081606297754, 157.1821952704179, 214.1631919841556]
160 1 [128.332855660934, 136.6985645978712, 157.9518227902664, 215.2479874736646]
161 1 [130.7460298729129, 136.9319376624189, 160.3783491800066, 216.75358405466]
162 1 [135.416867394466, 137.030279291328, 164.599856241452, 216.8854451535293]
163 1 [137.0038850200363, 140.0620960718952, 166.2676424237813, 219.4725839401022]
164 1 [137.4462246117182, 136.4599129087292, 167.421223601018, 215.3614999374231]
165 1 [135.9011168000288, 134.711516303476, 165.9337369818328, 214.3332599520864]
166 1 [138.0224028942175, 135.9228073335253, 168.0567560052914, 215.4723218476372]
167 1 [124.8472896930762, 136.8592977798544, 154.6132290713174, 215.8445692616917]
168 1 [135.06229556771, 137.3097134656273, 165.0642610982285, 215.8198653181839]
169 1 [137.6666412469931, 139.8161153024994, 167.4769577668759, 218.7170528430175]
170 1 [140.7546684858389, 138.2246781415306, 170.6924600747937, 217.9152683463192]
171 1 [139.4526664135046, 146.7423302954994, 169.4207680573754, 225.7556672178102]
172 1 [139.1157388654538, 147.9931368953548, 169.2963770443631, 226.6423153597295]
173 1 [139.5961461556144, 149.7372917360626, 169.8618722508347, 228.5838127794256]
174 1 [135.1308972728439, 144.932254654821, 165.3215279252154, 223.6614237239882]
175 1 [132.8001015973277, 145.9343634075485, 162.9808308980964, 224.3400270969221]
176 1 [130.9863511812873, 147.531513673719, 160.7516144012099, 224.9745293457556]
177 1 [131.3573501599021, 147.69707561424, 161.3572868589682, 225.1628944726316]
178 1 [128.5256607425399, 146.3686561672948, 158.3618848206033, 224.2837000376258]
179 1 [128.5491246418096, 146.0075985728763, 158.7122678863239, 223.824236101051]
180 1 [129.0294479639269, 146.9636739133857, 159.0017566821428, 224.9702465123966]
181 1 [132.027753225062, 145.1108298539184, 161.9984332122193, 223.2361566509239]
