jogging2 0
2 1 [179.4339751601219, 82.27136272192001, 216.6820385917028, 195.58476603508]
3 1 [180.0409499704838, 85.88878876715899, 216.984450862506, 198.8201756357488]
4 1 [181.007474899292, 86.0952855758369, 217.9688493313404, 199.0978035719811]
5 1 [178.4337100535631, 90.75437477976084, 215.2807718771718, 202.4272770799876]
6 1 [178.1504146158695, 87.76423881947994, 214.6039121329095, 199.0899216990179]
7 1 [176.0043066516519, 95.16266542673111, 212.4265628816646, 207.5745417992061]
8 1 [176.1443836390972, 89.40362028265372, 211.9944568495926, 204.6037673010554]
9 1 [172.8022285699844, 94.31125118583441, 210.2256572288399, 205.6406722535909]
10 1 [172.1787343323231, 91.01470920443535, 208.697600966496, 202.9560692392559]
11 1 [167.4695633500814, 97.07459959387779, 203.4677086718297, 208.9173384484581]
12 1 [164.5846961587668, 98.53756759110911, 200.5481603748031, 211.6355796424618]
13 1 [163.2579580098391, 100.8279697708786, 200.0381460213764, 210.0421798619514]
14 1 [158.5442745834589, 102.0358118712902, 194.367393162559, 213.938597946888]
15 1 [156.4497586488724, 96.48475366830826, 193.6629029094296, 206.2663323209836]
16 1 [158.0099497139454, 94.35594833875075, 193.7253459015802, 206.1706728075521]
17 1 [156.325806170702, 91.22902671992779, 192.7561903648501, 205.1345827191058]
18 1 [156.826118208468, 89.21332449838519, 193.5936142876478, 211.0439296903603]
19 1 [156.8027698304504, 91.01235511898994, 194.8218788579138, 200.8403483390499]
20 1 [159.5789148621261, 94.06339767575264, 195.0269450134568, 206.646587208818]
21 1 [162.0504461750388, 94.84640077874064, 198.145685783551, 209.7477572907692]
22 1 [165.891640201211, 94.99097570031881, 201.1139774197999, 207.4741616751045]
23 1 [167.6244292184711, 98.63423659652472, 204.9647726071534, 209.2369870273845]
24 1 [167.4652618970722, 95.15130224823952, 205.1962861930542, 204.1517389200365]
25 1 [170.5361518505961, 91.13329964876175, 205.0511248269086, 198.3057378001182]
26 1 [170.7817344237119, 94.79293088614941, 205.5776036245441, 202.1291893520759]
27 1 [171.7665966376662, 94.53763554990292, 206.1162351105161, 202.9518372495559]
28 1 [171.7059550769627, 93.05755299702287, 208.8803368943601, 209.476567202306]
29 1 [172.1835616752505, 91.24625700712204, 209.0088792459429, 202.7917364797969]
30 1 [173.1869818046689, 91.95211398601532, 210.0649186203343, 203.5334347061128]
31 1 [174.1302251918241, 85.96372408047319, 209.4192853525336, 201.1100832534355]
32 1 [172.5168961249292, 93.88197503238916, 209.0300494415549, 201.4267038181739]
33 1 [171.4344654753804, 90.55074182525277, 205.8790178048206, 200.5721999166422]
34 1 [169.1060463488102, 85.97373607754707, 204.4031358883423, 199.3171096135402]
35 1 [169.4971171543002, 86.57051890343428, 204.8263612895363, 200.0415863684713]
36 1 [169.923890657723, 87.18530095368624, 205.2861479640471, 200.7761854223361]
37 1 [168.6673308964819, 73.9291554428637, 203.9365094044483, 191.3815548178855]
38 1 [169.6839625164866, 78.26669427752495, 205.3266859547557, 198.209206190353]
39 1 [167.1427378952503, 77.61772711423691, 202.2292093257327, 192.8739924324224]
40 1 [168.6190501749516, 83.56388452649117, 206.3982489016762, 196.369194180373]
41 1 [167.2837488944642, 82.4101099204272, 202.9832522389092, 190.710917815113]
42 1 [164.9650091454387, 77.19366836547852, 200.8517882317538, 182.123808890386]
43 1 [165.7995317466557, 72.29876097594388, 202.2670209084287, 178.5739191596274]
44 1 [164.3716273605824, 75.89309687912464, 200.3868487093467, 180.9510917594741]
45 1 [160.5096964873374, 75.38825128530152, 196.9350524007106, 180.9483784095104]
46 1 [159.1105384901166, 66.60752813518047, 194.6119344604728, 177.2325085714888]
47 1 [150.3747439533472, 76.66609489545226, 185.7467967775137, 189.9024875350554]
48 1 [136.0306977629662, 70.9493440821534, 170.5961680111831, 182.6727933162456]
49 1 [148.2120526172221, 52.28947042208165, 188.5854965079755, 161.9089825845894]
50 1 [125.2768718227744, 62.86876770853996, 160.7706632931985, 172.4279526120057]
51 1 [123.6651508659124, 67.2741739138728, 158.2268103555932, 177.4806067204316]
52 1 [124.2116041630507, 68.00433021632489, 158.8114728569729, 178.3474107917854]
53 1 [138.2006606049836, 52.31711965706199, 178.4181270618731, 161.0870289351912]
54 1 [139.8575657382608, 58.03826554864645, 178.9991791493557, 164.2184712456237]
55 1 [133.4674974353984, 52.4238792359829, 171.5055641649965, 156.9871272925464]
56 1 [134.5985520221293, 38.1008597901091, 175.774951472914, 150.9781764240412]
57 1 [137.0542988702655, 52.8110165540129, 177.6167859399544, 160.2829133317903]
58 1 [143.7916318010539, 72.32879682164639, 181.1491065133745, 173.7982212816564]
59 1 [150.8051064386964, 80.26509168744087, 188.9770453658957, 192.0342552261755]
60 1 [158.1619458422065, 72.62916350923479, 196.7610341188177, 179.0089521987724]
61 1 [161.3361299140379, 83.95686106476933, 199.1796271398721, 187.298705294856]
62 1 [165.8366432003677, 82.11997874267399, 203.2574801238827, 193.3754822497505]
63 1 [166.4424316547811, 82.93862052448094, 203.9089235639629, 194.3460007702369]
64 1 [168.359863284044, 73.07104455027729, 206.6359843394205, 174.6346688095024]
65 1 [171.5091585330665, 87.00424008257687, 209.6096186513138, 196.0715761789811]
66 1 [174.1251641800627, 77.68041147803888, 210.3063547590961, 194.5762668848855]
67 1 [175.8425402930006, 78.32639492070302, 212.0624005950172, 195.3701961870141]
68 1 [176.1839698171243, 78.97535002743825, 212.4402979057319, 196.153799871348]
69 1 [176.7453095233068, 79.75119403516874, 213.0439541542946, 197.0833420961173]
70 1 [177.565098172985, 79.9592541619204, 214.1671410442946, 196.6147560100537]
71 1 [177.4157558484003, 82.94980847928673, 214.7993239606135, 187.7554393255235]
72 1 [176.0453352294862, 77.52671512961388, 214.9043706476446, 192.8123626428884]
73 1 [176.2813417157158, 76.79850603407249, 212.0203245082889, 195.6523973866223]
74 1 [178.5995376771316, 72.33499078964815, 214.6918743785663, 188.6406384884645]
75 1 [178.7234316752292, 82.34279460227117, 213.6021253016244, 197.0035630767053]
76 1 [179.0912803551182, 86.77165477490053, 215.5053512734109, 204.3650197649246]
77 1 [177.6025327444077, 94.73095635138452, 215.8461768990881, 202.4149464644272]
78 1 [175.5234143286943, 96.95020325668156, 214.7773379117315, 204.3795593508302]
79 1 [164.0989192724228, 90.09370872937143, 201.8612128386931, 198.1565165180722]
80 1 [160.3993427110836, 89.78625418338925, 198.1974555282091, 193.1335182440416]
81 1 [161.4548886343837, 93.22721366025508, 199.4673733533789, 198.5782958543931]
82 1 [162.5979869542643, 81.97370246937499, 197.8323176249601, 201.6173247479063]
83 1 [160.2184257223271, 91.09059924446046, 198.9127912889711, 201.6522956652537]
84 1 [160.9328886433505, 87.44950706325471, 199.3277379527346, 198.5225471299734]
85 1 [165.7959177074954, 79.64831654867157, 200.3911797657044, 201.9734057305765]
86 1 [166.847020807676, 81.14371259650216, 201.5265924638134, 203.5203483400799]
87 1 [168.3925911700353, 83.41353199398145, 204.3467951769243, 196.6950993876593]
88 1 [170.3083030702546, 80.00009930646047, 206.4731521992567, 198.9441410730372]
89 1 [172.254923466593, 84.83232701383531, 210.2523488315011, 193.0233632152375]
90 1 [174.8103904873133, 78.89397100731731, 210.9439040488352, 187.7201450396069]
91 1 [177.5449423315004, 75.38106347387657, 213.4398568671878, 194.6307861561432]
92 1 [179.6618213606998, 72.5533818169497, 215.3286466305894, 195.5535686258048]
93 1 [184.4579821182415, 74.85321869095787, 220.3926825107789, 198.1778120614327]
94 1 [185.2746407045052, 75.90203416487202, 221.265568347911, 199.4405299176775]
95 1 [186.1798022044823, 77.02146169682965, 222.2307562731795, 200.7933604169594]
96 1 [187.6161354137585, 79.14805811783299, 223.6896589417774, 203.0259986595203]
97 1 [185.6023996565491, 82.64515341445804, 221.8952610524941, 193.4320195794829]
98 1 [184.305017249193, 87.92625415325165, 220.88428054229, 201.8063278345027]
99 1 [185.0542794479989, 79.25084981322289, 222.5744944385532, 193.0139760942561]
100 1 [183.8733637901023, 76.55873161694035, 219.1485104840198, 198.5235492952404]
101 1 [184.5073449388146, 89.2178020644933, 221.5696648271057, 198.075901895954]
102 1 [180.125362906605, 82.69836306758225, 218.6110864216297, 194.266719568659]
103 1 [180.2689873419004, 73.18609493039548, 218.0777179041927, 191.6925837742663]
104 1 [179.3686413011747, 76.69000463746488, 216.8887218661811, 196.546910406662]
105 1 [179.9955282602459, 70.75836227461696, 215.5919329256453, 180.0439797040164]
106 1 [178.3019439443015, 79.57714933156967, 214.9054707752155, 193.4830439838909]
107 1 [180.0269630956464, 74.31788549479097, 217.6656481725526, 184.6767580506379]
108 1 [175.2699235300534, 71.39142651762813, 212.5621123560952, 182.3240860737949]
109 1 [173.5509563601809, 64.3302396889776, 211.9462885200113, 181.4543905002282]
110 1 [172.6358270264464, 61.89568383805454, 209.9485102510691, 179.9652599288288]
111 1 [170.0039108834462, 67.34362011961639, 208.6935057202558, 183.2661524761236]
112 1 [165.7689130152576, 61.53860309813172, 204.6961091156128, 179.8446770448774]
113 1 [163.4438147731125, 58.56267983280122, 201.9673950342263, 171.10789335481]
114 1 [161.0670626033098, 55.38703897222877, 196.3316900454223, 170.7278924851889]
115 1 [156.0659951120615, 63.92760682106018, 192.7321022268648, 173.561692988548]
116 1 [157.040522839874, 62.95052745565772, 192.5109148483203, 169.8544242495915]
117 1 [155.6022733040154, 66.97309837862849, 190.9169392995668, 181.6959384659036]
118 1 [154.6299623195082, 67.23226987943053, 190.6951644698209, 173.3275469367853]
119 1 [150.3513628847431, 73.92370604688767, 187.8694652850561, 178.5645711295047]
120 1 [151.9738951660693, 68.28029268607497, 186.8206130014597, 178.1934087443099]
121 1 [152.7881693802774, 71.71228424832225, 187.3309476172709, 177.733750638965]
122 1 [158.746528044343, 87.02426408603787, 193.9301775137915, 196.3250954926114]
123 1 [159.8270603633719, 79.990164546296, 197.67723842686, 194.8867245400622]
124 1 [163.2905776388943, 74.95275630801916, 197.9508524289517, 191.182696543386]
125 1 [166.6786831981735, 82.20740152709186, 204.709018158463, 194.6530098579943]
126 1 [168.0059768623905, 79.72374323941767, 205.7619884784546, 189.5961243277966]
127 1 [170.7800015985267, 90.39741570316255, 208.3677233696869, 199.0117154785312]
128 1 [172.6476034182124, 70.61273613665253, 211.7162440879129, 188.5113590776973]
129 1 [174.203727055341, 79.06887457892299, 209.3554066701298, 195.3843333877139]
130 1 [174.0827312516049, 68.63255998771638, 212.628851955888, 182.8681680518374]
131 1 [177.8060264289379, 79.1634841747582, 213.9454544339522, 191.3375227347531]
132 1 [177.5962672653841, 90.32629177160561, 215.4836704085101, 208.4648824823391]
133 1 [178.1167489468353, 87.15960798971355, 215.693047776633, 193.0888346748518]
134 1 [180.2442367756739, 93.23096101358533, 216.6200303640291, 210.4677017887381]
135 1 [182.6719889566302, 89.58453604206443, 217.2889859692909, 201.5961445752483]
136 1 [183.2310961335897, 92.431675914675, 218.7787904375503, 204.3945669796336]
137 1 [185.3454629603075, 101.4785546455532, 222.4870065889533, 218.0642445926976]
138 1 [185.8948714557337, 102.9866879079491, 223.1333932539547, 220.0042768862936]
139 1 [184.5057206982747, 93.02858783118427, 222.1072759033268, 213.6209207646376]
140 1 [182.7322452897206, 94.75992460921407, 219.5332332521679, 211.9457692140629]
141 1 [181.1125652128831, 99.61058532074094, 218.269250882454, 214.8689773351375]
142 1 [181.5524714449421, 102.9567859061062, 218.6080862288119, 219.2111216317945]
143 1 [183.1194101562724, 93.43136892840266, 221.7508870864401, 206.907738061784]
144 1 [182.0235743941739, 97.14518845733255, 218.8079319007271, 216.2429284198286]
145 1 [182.113598623313, 94.07850830070674, 219.3131162156151, 212.8854135840831]
146 1 [181.2295982949436, 94.76085850223899, 217.9073872373593, 209.0692038722372]
147 1 [179.9774390608072, 87.1329357214272, 216.466527955713, 199.5203480250124]
148 1 [180.0571277374402, 87.17827545665205, 217.1939992323025, 209.5707250127898]
149 1 [181.1262324834243, 88.51932885311544, 218.3379521942989, 211.1858810280361]
150 1 [183.1636038245633, 89.31350559648126, 220.2132092474599, 209.438794813669]
151 1 [183.8558164807037, 88.22702948655933, 218.4350441603891, 207.7268098087268]
152 1 [185.369383004494, 90.11655901279301, 220.0503979414118, 209.6652266038081]
153 1 [186.9092927416787, 85.89650773629546, 224.8802930982347, 202.697080210625]
154 1 [186.0803794264793, 83.41846594773233, 222.7487301223375, 206.0735392470566]
155 1 [183.3685220490443, 78.51314181648195, 220.6389109581616, 201.9924119201137]
156 1 [180.4977732609259, 80.89665919728577, 217.2995164595456, 202.1586105838252]
157 1 [180.7778006504523, 73.94152932055295, 218.5917012421868, 198.5901824917529]
158 1 [176.1343613957288, 74.36850073002279, 215.1553972904788, 184.145052189817]
159 1 [175.355445086956, 74.41610209830105, 214.569311291373, 179.0161080738067]
160 1 [175.434221486561, 75.37992527894676, 213.5060691523592, 196.6479799199477]
161 1 [177.6235972912982, 78.33601721283048, 214.670735516592, 196.1569435079834]
162 1 [182.284922381863, 79.68823442421854, 220.8502113496846, 190.575216016602]
163 1 [185.9343218579888, 91.92780630849302, 224.6546366597732, 214.4553484384401]
164 1 [185.8939507217147, 89.07342815725133, 225.515621471813, 204.5164123690646]
165 1 [187.0575083894655, 69.62140886299312, 224.9320687933005, 191.0440379544774]
166 1 [188.5376720960485, 68.76265188865364, 226.4188835719571, 193.5422872259691]
167 1 [188.643887191196, 78.44888622127473, 225.7844664385976, 193.4834034102731]
168 1 [188.1197029594332, 90.04133532010019, 226.4918720711548, 201.1984657262426]
169 1 [189.2101516444236, 92.55823148600757, 226.661831143242, 202.0221031964043]
170 1 [190.6452724952251, 94.44211242906749, 228.2055141610614, 204.3561794479396]
171 1 [188.0503632184118, 91.44882042147219, 226.6657787514066, 203.2828558347066]
172 1 [188.2977846926078, 93.28333187103272, 226.2797007903254, 212.5088028445522]
173 1 [188.4467553216964, 91.32972121424973, 226.4889642815432, 210.1461593409078]
174 1 [186.5473905680701, 87.10175144672394, 224.4819483856709, 206.7091667131226]
175 1 [185.1745682824403, 85.88726742379367, 222.4962869904547, 194.1637746402618]
176 1 [182.9277557889, 93.91537739150226, 220.7455726680743, 211.38041479718]
177 1 [182.2256679446437, 91.68979069171473, 224.6218836922757, 207.7850823934068]
178 1 [183.9557837564498, 90.99898992292583, 221.5417473113716, 205.8068437725074]
179 1 [180.0708327451721, 88.94790200702846, 218.231849067322, 204.1057808281012]
180 1 [181.1681898180395, 91.50356503389776, 220.6022139038266, 204.1161896736862]
181 1 [182.4447614598321, 76.22832292411476, 219.8423038421873, 203.3156162747051]
182 1 [183.5516635198146, 88.78666769899428, 220.7296285146404, 203.0169581690899]
183 1 [182.4883060632274, 93.8109443099238, 222.3404622225804, 207.7381468783934]
184 1 [182.2008332159603, 89.35691673494875, 218.9681550161619, 203.7929856573692]
185 1 [172.8797898963094, 86.68830814957619, 211.4817576097847, 200.636320365668]
186 1 [175.162836374715, 102.5069318357855, 212.1652418090972, 218.3218650593817]
187 1 [169.0722159491852, 97.538792995736, 207.0830852328595, 211.7703173676342]
188 1 [169.6533368304372, 94.05941660702229, 208.6738329712186, 206.0301347967408]
189 1 [166.2753907460719, 91.32345598144457, 207.2238427253885, 207.7791814391637]
190 1 [167.3431766647846, 92.74395879311487, 208.3777782094285, 209.4734706793112]
191 1 [171.9879879351938, 89.97396646253765, 209.0499388471779, 204.8239979600789]
192 1 [175.4216553192819, 85.31814859202132, 211.906918713165, 201.9532198456575]
193 1 [179.3924293961609, 86.06566452607513, 214.996847678903, 202.3999956299959]
194 1 [174.2145680785179, 91.19064274430275, 215.3831002358636, 207.9418612559369]
195 1 [181.8785920934752, 85.26348984055221, 219.4369681384318, 200.1221492519362]
196 1 [183.3899241584586, 79.36152566410601, 222.3451205969914, 204.153493606572]
197 1 [186.0812102156924, 75.21315023489296, 225.6583784814763, 202.9042011837498]
198 1 [190.442949672346, 77.86982968635857, 229.976279312581, 204.9775216179359]
199 1 [188.6577751403675, 68.83475561346859, 230.6531855640545, 195.6469328076198]
200 1 [188.0258229646133, 70.80833802185953, 227.534536106592, 200.2625300997367]
201 1 [189.0402343977476, 70.63551732292399, 226.6833206553721, 189.8965744565729]
202 1 [187.7516669678735, 82.5124622900039, 226.6420195843809, 210.1307996482007]
203 1 [193.9760046601296, 83.64118646318093, 232.9961096001972, 193.9503468482193]
204 1 [197.2153391093016, 75.90681167505682, 237.3631987469186, 187.8879601250642]
205 1 [196.3667173599824, 88.25193687062711, 237.4542281417643, 205.7440791123634]
206 1 [198.7656148439273, 88.92983053531498, 240.7095377961608, 209.5106793099064]
207 1 [199.1932474365458, 79.30657263565809, 240.833955896122, 200.1130306251428]
208 1 [199.5182276712731, 79.00018994882703, 241.2497662476952, 197.4795901283719]
209 1 [201.1360382298008, 77.34069763869047, 240.7473714922639, 193.6919539849674]
210 1 [201.0070920884609, 84.85690215788782, 241.5519659896902, 196.8726502483016]
211 1 [204.221777963452, 86.89759137528017, 243.9976423486388, 199.8287775918601]
212 1 [206.2194683883572, 86.21735435863957, 243.2314595764359, 205.4531335390008]
213 1 [202.5857049707556, 90.99834323814139, 240.9142448852552, 216.5497366178332]
214 1 [200.7894616309786, 94.745344044175, 238.8104915718821, 218.1568231941501]
215 1 [199.2345187548781, 101.1396542279981, 237.4253583415699, 223.3258112706157]
216 1 [195.5910949889803, 96.62971642753109, 233.5092813287478, 218.8734145523882]
217 1 [192.4767701802775, 88.85408001672477, 233.0613759383311, 224.048641660638]
218 1 [189.0225912360475, 103.0219980068505, 227.6807523978943, 222.7028111060396]
219 1 [185.3865654496476, 93.63096113037318, 225.83982747332, 213.5559562605269]
220 1 [185.2103734700941, 95.62163322418928, 225.5195062471959, 217.6231759908886]
221 1 [184.2669310336933, 94.39496974181384, 226.6727073316595, 218.3818108500459]
222 1 [187.5971634043381, 109.8250033818185, 226.5905254455968, 228.2810285046585]
223 1 [183.5561765646562, 103.516335661523, 225.6324114036794, 229.8044859255098]
224 1 [183.0256867697462, 112.7414093534462, 224.9439765238453, 234.7435282526064]
225 1 [181.636960609816, 115.2353885078337, 222.738942084366, 231.5231904790209]
226 1 [181.8846714785323, 102.5672712428495, 221.7480497582557, 229.7626451856852]
227 1 [175.3817977486178, 84.60101214889437, 216.4153311807874, 203.1670351162052]
228 1 [172.2245044328738, 81.62175164278597, 213.1525759991162, 210.0642921213001]
229 1 [173.110866333358, 85.14271975215524, 213.0975977294008, 212.3615227411868]
230 1 [171.8364485420752, 74.27317210193723, 213.2314823663143, 200.5653863696764]
231 1 [170.1409413546789, 86.3608723198995, 211.9449280325446, 211.8277332589987]
232 1 [168.7481720050564, 74.04067180305719, 208.9461181022849, 212.2572699753207]
233 1 [167.531846688129, 105.1993251191452, 210.22356746941, 229.7513956128301]
234 1 [168.7676162619609, 96.68569207843393, 210.1134004877403, 229.8679500882486]
235 1 [169.3370715578785, 67.86939266324043, 210.1181809662215, 207.1699421159444]
236 1 [167.1888539448846, 74.84342456515878, 208.6496574294883, 202.3874197103429]
237 1 [160.2438284524251, 70.91319706942886, 201.9461704595378, 202.3447859073624]
238 1 [155.0114688437898, 67.81293007265776, 195.8340073531893, 202.1542079081908]
239 1 [158.356276645558, 75.28508188854903, 199.1893372778652, 202.1230083980229]
240 1 [168.4797315367032, 72.09271703567356, 209.8770547824546, 202.4241723380743]
241 1 [171.7914902148768, 71.25231454800814, 212.2040585732234, 202.352724986555]
242 1 [177.0756149301305, 82.32817141758278, 218.3492369351345, 206.4303221527783]
243 1 [181.8785989293829, 81.54836589889601, 223.744151506982, 208.5642824813983]
244 1 [181.1476097358391, 79.12474280875176, 223.0139497167553, 205.5254348720212]
245 1 [181.8236281918362, 76.78521870123223, 222.8288697146583, 198.9791370266274]
246 1 [178.0997621044517, 72.18376916553825, 220.2316753628463, 196.8682573220947]
247 1 [179.2957025088836, 66.49622645881027, 219.7437643142083, 194.2495775766323]
248 1 [180.1799063859507, 76.68226263206452, 220.5599953345379, 206.7439096289052]
249 1 [179.1156687410548, 76.31477145897225, 219.6762100690648, 201.2996223909807]
250 1 [185.1343446711544, 77.67028863262385, 224.8879564258237, 201.5281312937376]
251 1 [182.1630514143035, 63.87810256052762, 226.0854765433881, 194.452370316222]
252 1 [187.8816735101864, 69.23633451294154, 228.8075597046619, 194.3084647836392]
253 1 [188.9553510465194, 58.69628670345992, 231.2486417444392, 195.2402200148426]
254 1 [190.4044080552412, 64.15226913243532, 231.6338396302652, 195.661986288765]
255 1 [189.8226899162401, 78.5159288784489, 230.2326080752913, 199.1591878774029]
256 1 [187.2076148636406, 61.90026155859232, 228.7342981117327, 200.8138704163624]
257 1 [189.6922567088623, 91.64944988396019, 231.8938619945087, 226.5812561566288]
258 1 [191.2743107710267, 73.2582206716761, 231.5367253472741, 204.1679453957652]
259 1 [191.1993368217954, 93.70911915507168, 231.5815135386593, 220.8735020224205]
260 1 [195.0154782299651, 88.0741839595139, 235.0333631615233, 224.057780888902]
261 1 [196.6176828210009, 89.89978167414665, 238.3603812759351, 225.7037620357626]
262 1 [199.1896128122462, 90.31741521507502, 240.988516028344, 226.3490119732358]
263 1 [199.1583889935864, 86.30920645967126, 239.6026025748981, 224.3250008073091]
264 1 [191.7951185876736, 92.19538260903209, 232.7513489701801, 213.8233437166261]
265 1 [181.6733349310234, 93.28202529530972, 222.7388995369871, 220.7104497968061]
266 1 [177.1734718428925, 97.6026500640437, 218.76134873255, 226.4170583691003]
267 1 [179.5331820074935, 90.17551990877837, 218.4537254272093, 228.3149318727825]
268 1 [174.0487880734727, 100.7106381533667, 214.2513876215324, 225.2895330733276]
269 1 [176.4252712912858, 101.3010921417736, 217.0219327533953, 228.9645825603295]
270 1 [177.0592441884801, 102.0149007318541, 217.3596953223066, 225.4250236052255]
271 1 [175.2790118035628, 94.59213503822684, 215.7350380582014, 227.7513731197756]
272 1 [172.4282815043116, 94.19659603107721, 211.4156783721214, 222.9528509764017]
273 1 [175.5316817210987, 89.6791871888563, 217.268096351686, 216.2707013952179]
274 1 [170.1509824742097, 84.20011798571795, 211.7031280896244, 216.6299404636569]
275 1 [165.0798720968887, 86.46609333064407, 205.8905086835103, 220.8312758196454]
276 1 [162.2955882092938, 89.8825215427205, 202.9739328483947, 219.9718815039227]
277 1 [156.6010505994782, 90.39541459362954, 196.5360234966359, 219.8139975558472]
278 1 [158.320794059895, 92.53519079368562, 198.3834566807644, 222.4197534927561]
279 1 [156.0053042611107, 83.52476692479104, 195.3226897607142, 213.2054341624171]
280 1 [151.0652751764283, 86.10587528627366, 190.5969941729196, 214.7728075423117]
281 1 [135.7452669519844, 90.25399069022387, 175.6830533964054, 212.2866428328011]
282 1 [127.8069755258039, 80.95653838198632, 170.1857927039306, 212.9734754341817]
283 1 [129.676764738746, 83.23524228017777, 172.2006111548237, 215.7754354214404]
284 1 [151.353014369728, 63.99658078979701, 192.0533379625565, 195.5174735562448]
285 1 [132.9015498314984, 74.80949333589524, 176.8711041310405, 206.2289082932241]
286 1 [143.055988364853, 57.11381432320923, 185.4824411796155, 186.5221624864928]
287 1 [152.7519973190501, 44.69831551145762, 194.2931529204632, 174.8614876087452]
288 1 [106.1760778548196, 73.18106769304723, 148.8482782061349, 206.4283823655561]
289 1 [102.0218166531995, 74.37108381371945, 144.2818045277781, 208.7567609623218]
290 1 [140.0541000077501, 31.2531021675095, 181.2277208613334, 164.5323693705389]
291 1 [133.7596260812134, 35.58600261993706, 177.8380236745155, 167.0938657479187]
292 1 [95.01604219991714, 71.47449626307935, 138.2137414056752, 204.4568096835154]
293 1 [95.10257942695171, 61.54639064054936, 137.4757797699087, 194.7545166959312]
294 1 [95.92683283705264, 63.38231450598687, 139.2085142542633, 195.7743163108606]
295 1 [94.28566990513355, 55.83387612085789, 137.0856474666875, 190.9233413028027]
296 1 [94.11156280059367, 55.76212155353278, 136.1138022546833, 190.1705715896191]
297 1 [93.06876918394119, 53.49594949465245, 136.0776751800738, 190.5220290528019]
298 1 [102.5040584066883, 88.88917682878673, 146.2469891749963, 220.210306476069]
299 1 [102.8330527627841, 97.36067710630596, 146.5508183247871, 226.9736330479297]
300 1 [105.177508183755, 100.3289416264743, 149.1131121257566, 230.0772707776186]
301 1 [106.8681790316477, 102.4312095176429, 150.9402301918064, 232.6240223494573]
302 1 [105.6510450141504, 100.6861741719768, 148.5790406265114, 235.0921870658013]
303 1 [107.5390905523673, 106.550620181486, 151.6405454324535, 238.7199642373796]
304 1 [124.0145534425974, 98.42328233830631, 168.3632988831969, 230.4576236434765]
305 1 [126.5327582517639, 99.96847180835903, 170.7077131409687, 232.2004497717384]
306 1 [133.8002799157985, 98.93527253251523, 175.5867698399347, 233.8438882852848]
307 1 [137.4872432355769, 100.0288187591359, 179.350181792083, 235.2237347795721]
