man 0
2 1 [68.10744745843113, 47.2841854095459, 94.05058172576129, 85.60722882270812]
3 1 [69.20876774191856, 48.94381348788738, 95.09865830014419, 88.22879450728006]
4 1 [69.97836670093238, 48.47151380777359, 96.43446679852889, 87.59866047851111]
5 1 [69.90149147994816, 49.40176007151604, 96.0887032879874, 88.17725720631481]
6 1 [69.76519302651286, 47.11392720742151, 96.49320152076166, 86.29989322602371]
7 1 [70.19971559941769, 47.65384402871132, 96.12175169343402, 86.44094831833151]
8 1 [69.72173196449876, 49.56949052214623, 96.07430153829878, 89.61607692561717]
9 1 [70.01004903763533, 48.80792715400457, 96.77208752151097, 87.22079861961575]
10 1 [70.97061376273632, 47.14946576207876, 97.37510564666087, 86.48069000448285]
11 1 [70.79688315466046, 49.30277806520462, 97.65371088351023, 88.60902649787981]
12 1 [70.74001747369766, 49.81987957656384, 97.34972905570794, 88.40826632610606]
13 1 [72.88463656976819, 49.60011956095696, 99.25198145803716, 89.30939971615685]
14 1 [72.51427705585957, 50.52777373045683, 98.24273915667699, 90.39294700082994]
15 1 [71.58824696391821, 47.38568194024265, 99.22771254330021, 86.63026170974172]
16 1 [73.41739456355572, 48.58664710819721, 100.1104310225395, 87.64450338179447]
17 1 [75.24408545764163, 48.26860428601503, 102.2370462806633, 86.56667667040151]
18 1 [75.91759528685361, 48.65637115715072, 101.9702482904215, 87.76424503930878]
19 1 [77.33055592700839, 48.98136143386364, 103.2611762001417, 88.06311992936725]
20 1 [79.11235393211246, 52.48955082893372, 106.3053825945099, 89.21956527748677]
21 1 [80.39133833907545, 49.0086476043798, 106.5393522351591, 86.25639934425294]
22 1 [80.53834050148726, 45.95588646642864, 108.572719866938, 84.54736246056518]
23 1 [82.61204130202532, 50.60554923303425, 110.9676627429873, 89.89374541961138]
24 1 [86.88810778036714, 53.56783035025001, 112.4135834607299, 91.60370593397383]
25 1 [91.14371971413493, 54.45060998946428, 117.4274214528612, 92.71625180025617]
26 1 [92.46213184855878, 56.75461735622957, 119.3051890673167, 91.87888796226025]
27 1 [103.0890445522964, 58.55143830925226, 128.7147186691246, 96.58588158736026]
28 1 [109.9001038186252, 59.53061849623919, 136.2587423679787, 96.47064164582984]
29 1 [94.46791887935251, 51.43240081891418, 121.2158857513203, 92.29866969694072]
30 1 [94.49585250997916, 51.47786003816873, 121.272454486955, 91.30460093143768]
31 1 [99.10512237995863, 68.70867655426264, 125.2382583500601, 108.714288820381]
32 1 [98.78812593594194, 73.11499689519405, 126.1767755936149, 112.8377493166221]
33 1 [86.42504437547177, 24.29277731850743, 112.6168579052596, 65.58380523855894]
34 1 [106.9249922521412, 83.38641052879393, 133.8604864872758, 122.3119050914551]
35 1 [89.7017527250573, 23.96536244824529, 115.9903195797307, 65.17933346514079]
36 1 [107.7343565756455, 93.98749104514718, 133.6842371683381, 131.8491947355735]
37 1 [99.70279557816684, 97.74087577871978, 125.3173776473636, 138.5290488087488]
38 1 [98.30179760418832, 111.5187626685947, 123.3873216854617, 151.936627363231]
39 1 [100.6798007870093, 114.2578600235283, 126.3748817774492, 152.8338286635639]
40 1 [96.39716772548854, 123.8916133325547, 121.9774759366426, 165.9268708847838]
41 1 [104.142206909135, 117.3219339856878, 129.2556467974135, 156.5452987052765]
42 1 [104.8926675105467, 117.5213651992381, 130.366048642338, 155.5626773280523]
43 1 [105.3577264975756, 120.1123665254563, 130.3529668480573, 162.0636563864999]
44 1 [105.3475338239223, 117.9351923922077, 131.0700653796117, 157.9135735609881]
