Mhyang 0
2 1 [86.26277613639832, 51.75420329719782, 148.4494792596499, 121.6243554070592]
3 1 [89.02053806185722, 48.36580586433411, 150.0100708325842, 118.5615800182915]
4 1 [91.68957452476025, 50.01872439682484, 152.9207457126192, 119.3371661172768]
5 1 [92.3608694896102, 49.78690141625702, 153.8040354347177, 120.168364081945]
6 1 [92.08520512282848, 51.9996093660593, 152.9586450023009, 120.5283554034548]
7 1 [93.43726993724704, 51.91180330514908, 154.4876290432214, 120.6666801931735]
8 1 [94.35949909687042, 52.3818042203784, 154.9834581848302, 121.8289234473449]
9 1 [92.17927086353302, 49.44274061173201, 152.5393376441907, 118.5520501143599]
10 1 [93.07080756127834, 51.23581012524664, 154.4475305645135, 119.6625110534768]
11 1 [92.85272571444511, 50.80117978900671, 152.3549235752139, 120.1816539679588]
12 1 [90.484758682549, 49.22994979470968, 150.0185958756705, 119.0007735674941]
13 1 [91.43409299850464, 47.49602914601564, 150.441444830568, 116.4974830373488]
14 1 [90.26209999062121, 51.23112239688635, 151.9818449469595, 116.6915290575783]
15 1 [89.59550581127405, 51.39842000603676, 150.1295784826737, 121.8984096077273]
16 1 [87.75558500736952, 49.08755131810904, 146.8046116945252, 117.4335118994381]
17 1 [87.02033925056458, 52.99035706371069, 146.8224909040158, 119.1864807223572]
18 1 [87.94658369570971, 52.44413272291422, 145.808309063373, 123.5855618330699]
19 1 [82.10044748336077, 50.58176980167627, 139.7878967414008, 121.4778872954955]
20 1 [82.93226107209921, 53.68167058378458, 140.3773236512527, 125.2174775199652]
21 1 [81.06320438161492, 55.24348358437419, 139.6317705093553, 123.4248922083316]
22 1 [81.30924598500133, 57.89292852208018, 138.99716739055, 126.5443298070864]
23 1 [82.65658837696537, 69.34148971736431, 139.6362733001848, 141.1617417494399]
24 1 [82.51712554320693, 56.63534502312541, 140.536096667662, 125.4335268550113]
25 1 [82.00383092463017, 57.07012066431344, 140.0521650041948, 127.6434204983893]
26 1 [82.52471443451941, 57.72036082856357, 140.3980591121009, 124.8046393276779]
27 1 [85.72299572825432, 54.74608014151454, 142.4476855592991, 123.6098216779253]
28 1 [85.06227608956397, 60.73850996606052, 142.2075126294706, 131.5319199759468]
29 1 [84.42553323879838, 52.20804254338145, 141.7181204207168, 122.2071245012887]
30 1 [89.12920731306076, 53.33016467094421, 146.737902787361, 123.3104100869383]
31 1 [88.19091220572591, 54.40514167584479, 145.7626007399092, 124.5851132513673]
32 1 [90.51113894279115, 51.30786978453398, 147.9693178801911, 119.5809159021035]
33 1 [90.36246419139206, 53.83980925008655, 148.6992639566772, 120.2126895901895]
34 1 [92.4289159658365, 51.98946003615856, 150.379932418524, 121.3542186484538]
35 1 [94.03648446500301, 51.13068506866694, 150.9399789192183, 120.8190104524305]
36 1 [93.68478791043162, 50.49949201568961, 151.5314899433387, 118.0023634721286]
37 1 [95.18111731112003, 53.53480609878898, 152.2752123898642, 120.5482978302492]
38 1 [96.08512960327789, 53.91492974758148, 153.8015021837876, 123.5237758446181]
39 1 [97.13113524205983, 54.04688466154039, 154.3599756074875, 121.5495085946239]
40 1 [100.3989871982485, 50.35230803117156, 157.9244353741505, 118.9017277407911]
41 1 [98.43952312320471, 53.30689589306712, 154.3564550651074, 120.8585097938184]
42 1 [100.3506773728877, 49.91158413514495, 155.8308641960395, 117.3089198289267]
43 1 [99.87862729653716, 49.66449384391308, 155.7282913885105, 119.56990347068]
44 1 [102.0571860234195, 49.79814302921295, 156.3293063315772, 121.7195740033862]
45 1 [100.6349533359462, 47.47533065080643, 154.7177328593909, 119.1132270192828]
46 1 [103.0623507983983, 51.55186880193651, 159.9092844634024, 119.1929486873087]
47 1 [100.4132621451281, 49.40234305616468, 156.3463640695175, 117.9933218276889]
48 1 [101.6388121452183, 52.89918782003224, 157.8032592146207, 118.8936771104176]
49 1 [104.1512139449769, 51.3499325029552, 157.6121271036989, 121.8961618413025]
50 1 [101.5100896563381, 50.60410733148456, 157.4025096173008, 115.8878164500461]
51 1 [104.8701902042085, 51.40861372277141, 158.0095033234798, 121.8510680557336]
52 1 [103.8595381687337, 48.53774349018931, 156.6947557361952, 118.8236877361748]
53 1 [104.4256516109163, 53.33993124589324, 157.1209129712362, 122.6955118038017]
54 1 [106.7328333733603, 52.55350004695356, 160.501683764418, 121.5552035832776]
55 1 [103.3467096760869, 50.60038948245347, 156.1200375042806, 115.8146712070396]
56 1 [104.2409679601842, 55.08592127636075, 155.9875679474233, 123.5037127851409]
57 1 [102.2160613845044, 50.31804096698761, 154.551681232267, 122.2201709970729]
58 1 [101.3295503268892, 53.58961415290833, 152.3996933440328, 126.5810241413408]
59 1 [100.2915826003009, 51.09488620236516, 151.0647507558338, 119.6660153025052]
60 1 [100.0203932384902, 50.95321508869529, 152.1265626534532, 119.8691159573352]
61 1 [98.19109533168376, 49.71875768899918, 152.0461132286668, 119.6694943004234]
62 1 [99.34079723618925, 50.36474090814591, 152.8132195963255, 121.6978387395273]
63 1 [98.44980248436332, 49.20043569570407, 150.6978825739072, 120.8111086331869]
64 1 [97.31754415854812, 49.35372848575935, 149.4640891750305, 121.7178002561109]
65 1 [98.79778420142247, 50.66787954699248, 149.2574799771272, 122.1577527580204]
66 1 [94.90574686508626, 51.44747630506754, 147.5741730685014, 117.3606096199549]
67 1 [95.22798589151353, 52.60290737077594, 147.5306885541118, 121.1991666037191]
68 1 [94.72325952444226, 51.64593371842057, 147.2767031504015, 120.5331282407523]
69 1 [94.06575975063606, 51.14306225255132, 146.0463570320303, 122.6893916766965]
70 1 [91.38771633338183, 53.57783857081085, 144.4232095113138, 122.2923335424628]
71 1 [92.94243645909592, 51.78290410712361, 144.6012644384899, 123.7702801825484]
72 1 [91.72269920873805, 51.99976466875523, 144.1724853396038, 123.8994092836337]
73 1 [90.27280176812201, 52.19231755286455, 142.691007969749, 122.7273485377465]
74 1 [90.97882583792671, 50.52015894837678, 141.5499019716685, 122.9986304243722]
75 1 [88.75364869189798, 52.52916990593076, 141.8432104990189, 120.9955888428896]
76 1 [89.84235289561912, 51.67074714135379, 141.7215775779771, 123.8249230592239]
77 1 [87.72376966310549, 51.13218072746531, 140.2373250427085, 121.5078903973426]
78 1 [89.99441566699534, 51.03749613557011, 141.1841454597989, 122.961182955508]
79 1 [88.24545218257117, 50.79390320871607, 140.1772899441578, 122.9259579611202]
80 1 [87.92034327107831, 50.64479092415422, 140.302267862787, 122.4628235169331]
81 1 [87.28274467456504, 50.01794666331261, 141.1726927459473, 120.2454107408121]
82 1 [86.75593136865064, 51.19300089473836, 138.6195040272822, 121.2656712915434]
83 1 [86.5559003041999, 52.05249086301774, 138.5518009638573, 122.502392706756]
84 1 [86.84328172542155, 48.95287099573761, 138.9954234974948, 123.3718313247189]
85 1 [87.95979779865593, 50.32522901240736, 139.5551516026634, 122.3265288289729]
86 1 [88.52981970700785, 50.41194577049464, 139.0815023146616, 122.5216984427216]
87 1 [87.16974743930041, 48.36935733258724, 139.0499024236346, 121.5023853728349]
88 1 [87.36949425769853, 51.0543963680102, 139.0285292456598, 122.4084360819179]
89 1 [87.86671363469213, 51.59664386231452, 138.4888816602678, 120.9476819668734]
90 1 [86.99742741705268, 50.32418553065509, 138.4284326736057, 120.8882209432336]
91 1 [83.99661039523198, 52.96127254888415, 139.1947485783468, 115.7870885852576]
92 1 [88.92413699356257, 49.21922382712364, 139.4531198115628, 121.935046017165]
93 1 [86.5037132864818, 51.15479846764356, 138.415261552042, 124.1245507683916]
94 1 [87.87554845036357, 50.89915301930159, 138.0091592549779, 122.220684185403]
95 1 [85.25276371333166, 49.22075487487018, 136.2293519729931, 123.8953870208739]
96 1 [86.23054008753388, 49.58024103939533, 138.4139222272973, 121.2489427123533]
97 1 [85.14585466412245, 48.18792295455933, 136.9672126521563, 122.6064141616524]
98 1 [87.78935729581281, 52.33807082567364, 138.077108917515, 122.9740706344182]
99 1 [87.00478783863946, 49.19611200038344, 138.7214334243687, 121.136812928227]
100 1 [86.68639551204979, 51.29552145302296, 137.1131222904867, 120.6784709984891]
101 1 [86.30738410222693, 50.50494533311576, 138.4651859717029, 124.0024768908195]
102 1 [87.99275918919011, 51.75596452597529, 138.2202728296476, 122.6605171202794]
103 1 [86.29963879063143, 49.84171674400568, 136.5143918860974, 125.7351845991595]
104 1 [87.08341959046084, 49.29972430635826, 139.6648401051416, 120.8843377289737]
105 1 [85.07513258661493, 50.76217716373503, 136.780277386674, 125.9212750536254]
106 1 [86.78642347510322, 50.05075764656067, 136.713011328429, 122.1272251636997]
107 1 [89.39124984605587, 52.88831199798733, 140.2359840668562, 121.9967351316074]
108 1 [88.44072093369323, 50.93427980263368, 139.2314812627623, 122.7069071441521]
109 1 [86.80533953531995, 48.70103176962584, 135.9191988213029, 124.0244162819917]
110 1 [89.57531518358155, 52.12950259260833, 141.3752539411547, 121.9229545276087]
111 1 [90.88216898785322, 51.50383873190731, 142.0369269617052, 121.2944728295314]
112 1 [89.847870581405, 50.50241405423731, 142.1016861891926, 121.6434334481197]
113 1 [87.7770182460954, 53.44530784804374, 140.0658490745957, 120.8660437710984]
114 1 [89.23128526713117, 48.39686341863126, 141.3404866331884, 119.6319915970433]
115 1 [91.86385797391995, 50.83711117785424, 143.7402280951631, 121.2645750431899]
116 1 [93.1498924747284, 53.05454771910445, 146.1510594857781, 121.6289539539907]
117 1 [90.96606712901848, 51.85822634902434, 143.6533983372584, 120.5994591451119]
118 1 [90.75363462904352, 50.93792363014654, 143.9905550723508, 119.65846791667]
119 1 [89.85416884822189, 49.83747966401279, 141.1605008125529, 120.5963024270607]
120 1 [90.96863281037076, 49.36741009633988, 142.197095158855, 120.285058912897]
121 1 [90.80677341725095, 49.66601490788162, 142.4722520791176, 122.1856928030935]
122 1 [91.4675815339142, 50.12729053199291, 142.7117000988066, 123.1769057584268]
123 1 [92.88294505383237, 51.23548686434515, 144.6009920685544, 121.2739240601347]
124 1 [93.73167950948118, 49.92657535523176, 145.2952444862735, 123.1848109921591]
125 1 [93.77672675935901, 51.99460911843926, 145.0116697039198, 120.6969331829059]
126 1 [92.90937212351128, 49.86620614584535, 144.0540603143849, 122.6669300506965]
127 1 [93.45075426911353, 51.48777604848146, 145.7721094885448, 123.6235001272794]
128 1 [94.49317828574567, 49.72753264755011, 145.2295695005758, 121.2402765741051]
129 1 [92.77310494854464, 48.84794011031045, 144.3566424284535, 121.8371698644195]
130 1 [91.73573608565494, 48.69044962589396, 142.8204319226744, 120.8105337874413]
131 1 [93.68223661379307, 50.40545227751136, 145.4637820070799, 124.9074800797061]
132 1 [91.7515268997231, 51.72294647246599, 143.0976541356033, 123.9051617415098]
133 1 [92.20380035749986, 50.86584721942199, 144.4538937692619, 122.1622071680936]
134 1 [91.30596825442626, 49.83379899803549, 143.9246583916196, 123.8431090487963]
135 1 [90.20508583690389, 51.78471188311232, 142.0612653304818, 122.7003037968668]
136 1 [88.23026388473227, 51.46821012999862, 138.789681060081, 126.7528661220506]
137 1 [89.85748803531169, 51.34782888740301, 140.4764605283908, 123.891009527168]
138 1 [88.14782256315812, 51.16598741896451, 138.5202698874244, 124.668535802643]
139 1 [88.41774634140893, 52.12718652375042, 139.5858821321387, 130.1438493324721]
140 1 [88.25232465108275, 52.74078380595893, 139.8753581153381, 123.7133010279924]
141 1 [89.56554630128085, 53.09001794364303, 140.1750361458314, 124.1314674257007]
142 1 [89.00260332794278, 54.64401467051357, 139.6896909826562, 127.834119720674]
143 1 [88.85231189252227, 53.17796292062849, 139.5394115004568, 127.2648141172496]
144 1 [88.7005813215801, 51.40017649438232, 138.988865332259, 125.3601945266003]
145 1 [88.13230121912784, 53.27776769455522, 139.3988401662308, 126.7353803243205]
146 1 [92.40476218922413, 53.71858229208738, 145.0529268589586, 119.9607839564318]
147 1 [91.01895285709179, 51.19761758763343, 144.6867458887226, 118.1330071199015]
148 1 [90.81697719226941, 50.00325070507824, 144.2364470725103, 122.0218954339271]
149 1 [89.7343089064525, 51.22691308194771, 145.6067712144232, 120.5829556294076]
150 1 [91.81651974210399, 52.76396456119255, 144.4310861655444, 121.7395059756684]
151 1 [91.6169731534028, 50.2338094105944, 145.814539140093, 120.6810315798996]
152 1 [93.14034586885828, 50.02972903606133, 145.3383729162061, 119.2211397601778]
153 1 [89.58506821710034, 50.49861454451457, 144.4011493532154, 120.4911566512082]
154 1 [91.92815295941546, 48.05575224850327, 143.1430688036681, 122.9067760976536]
155 1 [88.91961584854289, 50.79926380002871, 142.8245686009566, 119.9820036792391]
156 1 [88.49673854475259, 50.82080109324306, 142.7953789690562, 121.1053494568205]
157 1 [88.32099136951729, 50.80234472686425, 144.9476164021449, 119.3433428106444]
158 1 [90.96343710142537, 51.66115297051147, 145.8890196985403, 122.283204733725]
159 1 [88.80815400797292, 48.86640681000426, 143.5063889144973, 119.1646052319571]
160 1 [88.5232276195602, 51.89678831072524, 143.0936433376097, 122.723707298092]
161 1 [86.68283890056773, 50.95841952646151, 142.5139661246128, 122.6876402963067]
162 1 [86.589577908715, 52.69946869742125, 140.9130442917315, 120.5526074240152]
163 1 [86.44363205003901, 50.36571004474536, 142.1833528439018, 120.8634004278319]
164 1 [87.48011928107007, 51.93172463960946, 140.1259547886082, 123.3141610826731]
165 1 [85.67517455722555, 49.41882619448006, 138.1216867595545, 120.5013175325356]
166 1 [85.93613807167276, 48.06581712141633, 137.9618409123713, 121.5897161771875]
167 1 [84.90816569476738, 50.6357361311093, 137.029349447066, 122.9972785850839]
168 1 [84.51235358658596, 50.09306380804628, 137.011225536075, 123.0169432145066]
169 1 [84.55199768822058, 46.47355217766017, 135.455430315807, 119.6963274890372]
170 1 [83.23394471834763, 47.22855508606881, 134.6428434817247, 118.5856719531601]
171 1 [83.19694060887559, 49.50554337631911, 134.9672121578666, 120.5761400774667]
172 1 [81.74886200632318, 45.79835754167289, 132.5709843831181, 116.0165207519619]
173 1 [81.17681609521969, 47.3461997397244, 132.9813065077823, 122.3133551959232]
174 1 [81.20348323890357, 47.9583392040804, 134.2871349720227, 121.6341480500484]
175 1 [83.14213354195817, 47.59488573577255, 134.1674241983926, 117.6700794638493]
176 1 [88.20718264262541, 51.19271980877966, 138.8718984095388, 123.6347151467263]
177 1 [81.59071869970649, 48.19351794477552, 133.3095372603201, 122.9210718160947]
178 1 [82.5342178955616, 46.97437643352896, 135.1528189931816, 118.553769986114]
179 1 [81.21840378790512, 49.03156220261008, 133.4151415111385, 121.1037503039913]
180 1 [82.53755218171864, 46.83936899108812, 133.5667311531462, 121.0504565219405]
181 1 [84.55200193970813, 48.40637295786291, 137.1441934849328, 117.9655804990827]
182 1 [88.2308259192796, 48.50685057509691, 137.4488291040308, 123.3503948057518]
183 1 [83.71939993053093, 48.25353346113116, 137.2702112295768, 120.4007888643076]
184 1 [89.56597821842297, 47.60813377145678, 140.167740759666, 121.8087782154871]
185 1 [84.05350661426201, 50.70208921376616, 138.228284763942, 122.6315418244481]
186 1 [87.89610503762378, 48.11736247781664, 141.4553963990733, 117.6519755141471]
187 1 [85.74264316409244, 49.83220628742129, 139.0526897911059, 119.7909380602912]
188 1 [94.48047099224641, 49.01215611887164, 145.2690072749799, 123.7174763096458]
189 1 [92.17470788685023, 48.87563026323915, 144.159756350223, 124.2476190126998]
190 1 [90.82640053759678, 49.60838294867426, 141.8970382826132, 122.5841109128762]
191 1 [97.39181499052211, 48.89673316199333, 148.4615414550318, 122.0107812575977]
192 1 [97.57594740073546, 48.65835099760443, 148.421108919536, 121.9472196382338]
193 1 [98.55981560479268, 50.44874894246459, 151.1298497931535, 125.1462445396924]
194 1 [97.40473585258587, 48.42811542376876, 149.8109627911732, 122.8629993136403]
195 1 [100.9048354817496, 50.90300249680877, 153.7940280762684, 125.4472451013419]
196 1 [100.768079883972, 47.94678648281843, 152.2685855334661, 122.4988867707017]
197 1 [98.14558220616891, 47.59557747561485, 149.4802061985737, 122.932037583564]
198 1 [100.303070648195, 47.4237485351041, 153.3413136435368, 121.2619791652707]
199 1 [103.482475085737, 47.51296945195645, 157.0303738907074, 121.3505302236427]
200 1 [101.1773857293592, 46.88405140582472, 152.1648724178041, 121.220990110857]
201 1 [101.703968020709, 47.19046996254474, 152.6448766040982, 118.8797611063512]
202 1 [97.17361083309515, 47.35512226168066, 149.4674719670424, 120.8818242034836]
203 1 [95.09814729969367, 48.63815765175968, 146.3484091607379, 124.123245128391]
204 1 [99.70673983273446, 45.50522049702704, 151.4203893583675, 120.8844661559525]
205 1 [95.71489607272088, 44.62529359199107, 147.321932405099, 119.8106974513351]
206 1 [92.52340737552731, 44.26391301257536, 147.3510695482276, 120.5474840562216]
207 1 [91.56449179918855, 42.2523246477358, 146.2220767469349, 118.2663955839243]
208 1 [91.3796926830837, 44.38992602331564, 145.9569422287352, 120.8021062988597]
209 1 [86.83203719378798, 47.26262168539688, 141.030258253867, 119.683828110783]
210 1 [88.68142537595122, 43.12337947590277, 143.3404319317078, 118.5297087786317]
211 1 [82.85733324530884, 51.24717516172677, 134.907924320106, 121.5251001071816]
212 1 [85.84879241706221, 47.76876611215994, 140.0720745717658, 120.2370452273408]
213 1 [78.86447276044055, 47.57023762259632, 132.1702553720793, 119.0921562190924]
214 1 [80.2781584096083, 47.77733416808769, 134.5314718249673, 120.441199417053]
215 1 [78.3848854136595, 45.13501198543236, 132.4253961025739, 117.4857367205829]
216 1 [76.96747344973846, 49.01588299591094, 130.1258206010726, 118.4147548749011]
217 1 [80.27861559818848, 44.37521007657051, 135.0342778764275, 121.1499308297615]
218 1 [77.86451967488392, 44.90181051008403, 130.8041495383733, 116.3346175987177]
219 1 [79.75411695570801, 43.35928697884083, 134.6179743023606, 120.6053631393254]
220 1 [74.59832438788726, 43.84962850529701, 129.7153446482056, 116.4470646467159]
221 1 [75.84178447545855, 43.420277885627, 129.7587206760092, 113.4711752524116]
222 1 [77.83201781244134, 41.89818312227726, 132.7581075329573, 119.6231954159605]
223 1 [75.00139402280911, 44.08467707503587, 128.8445203863451, 117.1354577003368]
224 1 [83.91310870469897, 43.71888241311535, 139.2293192869817, 118.4470655227964]
225 1 [77.42617375272675, 40.96771349478513, 131.8703416173727, 111.6243953441945]
226 1 [82.39836948047741, 45.02314486820251, 139.3324596795147, 117.9639975844466]
227 1 [82.76669766110717, 44.29450950166211, 139.0864702116072, 117.7616992729443]
228 1 [81.62454116679146, 42.91294661164284, 135.3535206096724, 116.2817274161501]
229 1 [82.54858670345857, 43.91757705528289, 139.4006611964101, 116.9259093755399]
230 1 [83.78984138192027, 42.42955684359185, 138.440712417259, 116.1992991764133]
231 1 [86.35778152439161, 46.27195170894265, 142.4283445076144, 117.9224306634211]
232 1 [87.51240658629104, 51.27619042340666, 143.8188858936376, 120.7048410994938]
233 1 [93.96702322931378, 55.6245725560002, 149.1826642419739, 124.936202621551]
234 1 [91.97392928469344, 61.83629560563713, 147.8240123258948, 132.9101288544034]
235 1 [94.65865078437491, 62.21378430072218, 151.5375570493318, 132.0462492507934]
236 1 [100.9731252473721, 58.35701264953241, 156.8289104820101, 132.4693446867308]
237 1 [105.0893251696543, 55.39531118515879, 162.488033692442, 126.5773735181096]
238 1 [107.7212659927027, 54.71897765342146, 165.0037240704991, 125.6722452694864]
239 1 [114.1653333144204, 53.98741114232689, 172.2039544845081, 123.925974059906]
240 1 [119.7573112236278, 52.09565422777087, 177.2095565322142, 122.8918373773255]
241 1 [127.1080185827741, 51.86988936783746, 183.2789885311817, 122.3289734645749]
242 1 [132.3227948980348, 58.77687129471451, 190.6986446155749, 127.6670311251307]
243 1 [137.5347951409349, 56.38093766802922, 193.3465365628068, 127.3997467773285]
244 1 [144.0239224867837, 55.95395366940647, 201.8959788767842, 127.0585263377102]
245 1 [150.7604406313913, 53.38468234334141, 209.3032957846386, 124.0358277905332]
246 1 [155.7826279388683, 52.65354923252016, 213.0073471397253, 123.2173616354884]
247 1 [162.0771968719491, 54.20562223577872, 218.4306684055602, 125.6826997464076]
248 1 [169.0712385979423, 42.56911185616627, 226.288234134503, 112.8642338130505]
249 1 [175.3885691967735, 46.05824557179585, 232.6081879818134, 116.1538004996065]
250 1 [178.2911309209594, 42.79623639816418, 235.453493936494, 112.4828676754164]
251 1 [179.1578597930202, 36.78939786786214, 235.7035157092927, 106.9338616938264]
252 1 [183.185945561243, 38.3532878481783, 239.6496852333218, 108.721334841924]
253 1 [188.2671338674554, 36.34948735171929, 245.8151874556999, 105.9070655275553]
254 1 [189.5311615225801, 37.4035455477424, 245.3973931310934, 106.5989768364965]
255 1 [192.1223524567613, 35.66321598412469, 247.992507120872, 104.9120142581688]
256 1 [196.6392651182541, 34.4503215146251, 250.3342873414775, 103.4826590240535]
257 1 [194.4674141873547, 33.5906722121872, 250.4956765261451, 102.4816276112352]
258 1 [195.8293003571162, 36.23223306657746, 250.2189972437448, 105.7978752203852]
259 1 [197.7000207808742, 35.23303719284013, 253.970268584562, 103.5148728235432]
260 1 [194.1740758326778, 35.6120562069118, 249.3693148806266, 104.1710070029944]
261 1 [194.3086401914188, 34.15975916245952, 249.7754159013452, 102.0492648857712]
262 1 [196.5051429514715, 37.72698068106547, 251.1756260902905, 105.3920390707905]
263 1 [195.0637802650163, 37.23446709150448, 250.7869699806033, 104.9011843590794]
264 1 [193.0390322749445, 37.03051805542782, 249.8442338025986, 104.4050296406795]
265 1 [193.4821045567223, 38.35265618795529, 248.8326013161457, 106.002945290826]
266 1 [187.9007561859617, 38.04186413111165, 244.1013753875141, 107.7312866045614]
267 1 [185.7643050868937, 38.23284168774262, 243.2218487573872, 106.7254186608244]
268 1 [184.1648577135929, 42.08953323587775, 240.7490213825873, 108.1499181686022]
269 1 [178.0334346351156, 40.3449720707722, 235.9308401669486, 110.2882952258055]
270 1 [171.3568702322373, 41.2585869692266, 228.2112548473372, 107.8295926195488]
271 1 [170.0502125528583, 39.56680576363578, 227.2975492962181, 107.8959730574141]
272 1 [170.4464739357063, 42.14492400223389, 228.7071424559012, 110.9431203807636]
273 1 [156.7756501194963, 42.40178118506447, 213.8278015523014, 110.8999956908713]
274 1 [166.900957681326, 68.40250250929967, 223.1976068600931, 140.5307280846129]
275 1 [161.6023627161922, 65.92996169859543, 220.8098396672118, 138.8476788998252]
276 1 [161.1710775998363, 70.37734282016754, 216.900876925304, 141.1456088094919]
277 1 [154.3718573689403, 65.97222705418244, 212.5429638625287, 138.4248049122043]
278 1 [147.2299115714559, 66.79654552647844, 205.1113858089046, 137.2111694020694]
279 1 [142.9881824162731, 66.24234785139561, 199.0237478413393, 135.5270955963399]
280 1 [135.0268321839103, 65.90186309814453, 191.4243277382316, 135.5874667802628]
281 1 [133.5890796855965, 67.82865198375657, 189.2647069256177, 137.2325375317099]
282 1 [126.9695349392423, 67.85019616642967, 184.24773309595, 137.4680444987023]
283 1 [122.0566337305063, 68.59571320516989, 178.2224562293535, 140.6643420344573]
284 1 [111.7486651596555, 66.61920276284218, 170.1324554470177, 138.8654391526989]
285 1 [109.9938369152078, 55.32907665520906, 166.8203166662589, 126.2683163598769]
286 1 [103.4756827709207, 50.89017391949892, 160.2094284617196, 120.9520790828154]
287 1 [100.4499868052953, 48.42060859827325, 157.4901223531856, 118.5384539615601]
288 1 [97.4220696586126, 47.73543495265767, 153.9460707368023, 118.1193759172878]
289 1 [97.12414105710923, 45.7171837198548, 153.9135265768511, 115.230760435562]
290 1 [92.32807464720099, 47.93637075275183, 148.2030359960515, 118.5851927690951]
291 1 [90.15952323851525, 46.86700272886083, 147.5152602961063, 117.270953293835]
292 1 [89.19220055275946, 44.97069039428607, 145.7594905080016, 111.7335119711213]
293 1 [89.16025562034338, 46.72095021046698, 143.8945975435132, 112.490067185307]
294 1 [88.01719089792459, 46.41676476038992, 142.5473332201549, 113.4137285958097]
295 1 [85.86352497161715, 45.18575462326407, 141.6308435535378, 113.5432011918156]
296 1 [84.86079228864401, 46.5645070169121, 139.4097280427421, 111.6404096229931]
297 1 [82.59597625405877, 46.0256093069911, 139.6345296382353, 113.9131196553035]
298 1 [83.06389781003236, 45.21117457235232, 138.4325472110722, 112.803971405207]
299 1 [83.46848679528921, 46.69945401884615, 138.3995747300422, 113.3044182988147]
300 1 [82.37193113015383, 45.31871428526938, 136.4729374751061, 110.5039747294794]
301 1 [85.44453630511998, 46.52739269705489, 139.9760622510393, 114.2517362345343]
302 1 [84.385810138745, 45.76680084504187, 139.2265154788719, 111.1605495860347]
303 1 [85.63124203876942, 48.72508605755866, 140.4711007474716, 113.9302050993791]
304 1 [84.70628881649463, 46.89380070008338, 139.3856386064859, 111.8829312622248]
305 1 [86.43893431694596, 47.86377512663603, 142.2087860277441, 116.3004230221227]
306 1 [88.20217591998517, 47.79568058950827, 143.3039532675014, 118.2199640760028]
307 1 [91.84124747113674, 48.88474108348601, 145.5058377486751, 119.4266494616607]
308 1 [92.824671047827, 49.57955186301842, 146.2014638687669, 118.1485799304867]
309 1 [94.97919127691421, 49.42164746625349, 150.0365828791262, 118.0825362840665]
310 1 [97.93190379915177, 51.92193259997293, 153.0443169018487, 119.8353315372139]
311 1 [102.9813818476105, 50.97898031165823, 157.3188063215534, 117.5995908824642]
312 1 [103.9018108631426, 51.31693529011682, 159.3164304851669, 121.6652289298202]
313 1 [106.5146628144139, 53.65015630191192, 162.0146246636726, 123.1651530274617]
314 1 [113.1966566230112, 51.78280054638162, 168.8222877695077, 123.0894546965551]
315 1 [115.5032620980346, 54.69161762436852, 173.0794721136375, 122.0500079691841]
316 1 [118.82388576222, 52.85458377609029, 173.6435277119089, 124.3491989934263]
317 1 [122.6355125830451, 55.5293472930789, 179.2548220223243, 125.616382677071]
318 1 [125.8190798927972, 55.62177026341669, 181.3627595812891, 129.1604941215322]
319 1 [133.1327719735855, 56.03093547327444, 188.8198724344087, 127.1850597464714]
320 1 [136.1262258543575, 57.19934711745009, 194.315928025967, 124.5789123794641]
321 1 [140.976424862718, 51.50441139517352, 197.9075350115135, 123.0935008038194]
322 1 [143.0569640296453, 56.14083915529773, 200.0284473551604, 127.4455091760865]
323 1 [150.0494992249587, 50.99253431707621, 206.9120853172747, 121.080716366479]
324 1 [152.3560039681324, 55.0409602727741, 210.8862415627508, 123.059868238793]
325 1 [165.0015537294967, 55.74832859029993, 221.6432560592343, 123.9027857219011]
326 1 [163.8138528022391, 56.13884745677933, 220.2937700635231, 124.3697191033749]
327 1 [165.6750016967708, 57.8312387089245, 219.9910487289316, 123.5974797255637]
328 1 [174.3158737971389, 56.09635909600183, 229.7383700089947, 124.7681256660673]
329 1 [172.0466969132831, 51.47502860799432, 230.6402871945059, 117.0204987452236]
330 1 [177.8359431895369, 49.95650204876438, 230.3236401670215, 116.4774024171282]
331 1 [184.2912411439174, 53.19818703038618, 238.2502958792052, 118.5431604145195]
332 1 [189.4980571075284, 48.69607340125367, 244.9319438465786, 117.1851614314099]
333 1 [191.5848536911362, 55.71728932717815, 246.155806214965, 120.8143899650804]
334 1 [126.1912088293757, 78.83522489853203, 183.4095740840756, 146.0166167795326]
335 1 [197.4719453957805, 50.66035006940365, 250.8354526819621, 113.7233027570008]
336 1 [199.5634734240302, 52.1663542445749, 253.3366933785706, 114.6711454901224]
337 1 [202.2527486859763, 50.53019124129787, 256.425375669933, 116.8086637051441]
338 1 [135.6408972275385, 73.07648595236242, 194.9533671503159, 137.9496758216899]
339 1 [134.3665849399695, 79.49818242155016, 195.5302297283702, 145.1223047785909]
340 1 [137.2976278495917, 83.63875284604728, 197.3578489603887, 148.1270605992332]
341 1 [139.5202149433026, 74.09880604408681, 197.2592854712796, 138.4077048148391]
342 1 [136.0540658217797, 82.96656727604568, 197.0884644459504, 147.8368464847006]
343 1 [135.5210389924177, 78.91337798722088, 196.6138485281464, 146.4588658023882]
344 1 [137.0031522569188, 76.71558906137943, 197.1482303973176, 142.2966987591124]
345 1 [135.0108895526209, 76.62561090476811, 196.6886259210993, 142.7734607653564]
346 1 [134.2661989835033, 76.78999552316964, 195.7725192961392, 144.0237501306327]
347 1 [133.316448580561, 74.73584459908307, 195.1598461191572, 142.4455342733975]
348 1 [132.5787369237223, 77.81817683763802, 194.7266883339404, 143.4023467942386]
349 1 [133.7510059756169, 76.36921983025968, 193.5963931943045, 142.1957651056335]
350 1 [132.0640586694644, 77.82845040597022, 192.263430574777, 143.5672024079994]
351 1 [131.9754593615362, 77.80925015732646, 191.5600565617387, 142.2686557937714]
352 1 [130.2652402064705, 73.32158098742366, 189.9928276372907, 140.272228414446]
353 1 [128.0592164006957, 75.71544583700597, 188.2128415949165, 141.4680902245172]
354 1 [129.1012053546438, 78.68999864719808, 186.8026814703545, 143.9630438511051]
355 1 [127.0197452959546, 75.99307831190527, 184.489137577717, 140.9775694298052]
356 1 [121.8688843381533, 77.16800328157842, 182.2355786260862, 144.2713116136669]
357 1 [120.2590277121344, 77.21432993002236, 180.7668784445665, 142.5649481481447]
358 1 [117.9874204826483, 73.72128566540778, 177.7152490486265, 141.0456471684644]
359 1 [115.3721271437535, 73.99396165087819, 178.1736284688583, 138.4975569800407]
360 1 [116.2003524304309, 75.79272970370948, 177.3103688855925, 139.6164074353918]
361 1 [115.3507067850733, 74.47838257811964, 175.5066866037831, 141.0622467296246]
362 1 [112.4626241792867, 74.94038684107363, 172.8694105981782, 140.0303634204814]
363 1 [110.8742331323156, 67.42754077352583, 169.8704120579308, 135.1147407595606]
364 1 [106.6609775070974, 72.92569641768932, 167.8626114605702, 140.2158608010188]
365 1 [105.3871960035467, 70.18543110974133, 164.2375297357807, 137.6139894236218]
366 1 [102.7200423768663, 62.66250235773623, 164.4085516167565, 131.0021882157257]
367 3 [116.7020308534557, 70.49848997779191, 178.6627415919652, 136.2805347434911]
368 3 [115.8413765375444, 67.20924689248204, 178.3347624286272, 135.8880128300309]
369 3 [113.7259479501227, 70.02891579456627, 176.343117056765, 134.7929461015268]
370 3 [108.7925435026118, 69.85252858884633, 172.7209143548462, 136.8376053386165]
371 3 [101.4993801485689, 70.07074312353507, 167.3232305386356, 134.6726973807961]
372 3 [98.56787155670463, 74.41201614029706, 165.1541989534861, 137.5378809806453]
373 3 [98.56528268018155, 68.53649180196226, 165.5921508625964, 133.0292718991615]
374 3 [99.70345296719461, 71.21354473568499, 163.1073517550343, 136.8546570348884]
375 3 [96.69329579712939, 73.05476588243619, 161.2831958158077, 138.1039138309104]
376 3 [92.83898762715398, 72.06919537598151, 158.273767984415, 135.8155141424032]
377 3 [91.54147630147054, 72.48251275205985, 157.4217839338454, 136.1188330089477]
378 3 [91.68887089294731, 75.94813536666334, 158.0025906613568, 137.7719114123605]
379 3 [88.68063588914811, 71.7649717789318, 154.2112206972476, 136.2865233204648]
380 3 [86.93829466411262, 70.97231965325773, 152.7608278599741, 136.1349211798418]
381 3 [86.92693985588267, 71.63563360506669, 153.8887534879835, 135.6633645270171]
382 3 [85.82343940911233, 70.08761281892657, 151.6033783484893, 136.2615152372295]
383 3 [82.64024652828812, 53.69166263192892, 145.53218821411, 123.3348880526265]
384 3 [79.59563135923236, 54.86694229580462, 140.2704683207125, 122.0898802500845]
385 3 [73.57354976990609, 54.13247757637873, 138.4318632057086, 120.584337443214]
386 3 [72.07266062291456, 53.89870409900323, 136.0178642080847, 120.054996717946]
387 3 [76.29931407803088, 53.53838614933193, 141.0448130342457, 122.5859745256893]
388 3 [80.41546646328061, 55.79838563501835, 145.9376833879771, 127.1348200918549]
389 3 [77.33614478082745, 53.1910854652524, 143.6524260641625, 123.3889006601095]
390 3 [72.1202668902406, 53.60173457115889, 138.3870076037787, 124.1471126368946]
391 3 [73.71895097018569, 53.91016398370266, 138.5103006375606, 123.112206743038]
392 3 [79.97504543335526, 54.68169636838138, 147.0680687510147, 123.1063953973222]
393 3 [82.75559235186665, 53.5310001000762, 149.5551797872182, 123.4028008867159]
394 3 [86.85406237634015, 53.60701453918591, 151.1883677161422, 119.9784736251768]
395 3 [83.14769697663724, 53.2635856680572, 151.0491093051521, 121.3223829078519]
396 3 [88.52208454100764, 63.28544566687197, 158.0356646638758, 134.1951320742768]
397 3 [91.32847457699245, 53.7481136135757, 157.4984920273293, 120.0439878524581]
398 3 [95.76690766899264, 67.07498757448047, 164.8951069266186, 138.268084724177]
399 3 [99.58554843263119, 66.57700153812766, 168.0046895323681, 137.771683830715]
400 3 [101.0195983369777, 58.6380262747407, 170.2001951848833, 129.3151215267386]
401 3 [101.6258300264308, 65.56407184153795, 171.6173240440321, 136.5530784993398]
402 3 [110.867024732841, 69.79223430901766, 178.887067325235, 139.4813908152142]
403 3 [109.629943462176, 63.94849263876677, 177.7089840875364, 134.6725626087013]
404 3 [114.8960800590867, 66.00369729846716, 181.6317417427251, 135.3646310057176]
405 3 [117.5380202551314, 63.90875988453627, 186.4870018936686, 134.083495557778]
406 3 [116.0718981089012, 59.62406757101417, 184.0284074532221, 124.38433904038]
407 3 [119.6457988890761, 59.66547119244933, 189.0160858225158, 125.6621828714037]
408 3 [111.221698236739, 54.65582142397761, 179.1271366079701, 120.2097480078073]
409 3 [117.0447822642454, 54.15128265321255, 183.2326108802009, 120.6426346371656]
410 3 [121.1576509457955, 54.22927427385002, 187.7807238554356, 119.5207593779242]
411 3 [125.0612061918655, 53.6297817719169, 189.9208705996949, 120.6909189681975]
412 3 [125.8160330267565, 54.99976332113147, 194.7730313594852, 121.9222640298533]
413 3 [129.9785655393207, 53.39132218435407, 202.3594483212262, 118.5353391057299]
414 3 [135.5320675699913, 54.02618457376957, 204.84446304649, 122.9526264509682]
415 3 [136.5531753684336, 50.37789053097367, 206.9498451625906, 120.1466868616679]
416 3 [148.4714830602461, 61.66545399278402, 219.4222317538319, 132.0692740623684]
417 3 [115.9099349501485, 33.40009945258498, 182.6123628017181, 100.8331864503128]
418 3 [113.0651682737225, 27.91649239882827, 179.6348303435365, 95.16697348121258]
419 3 [110.7784024002904, 24.9993293248117, 177.061046647958, 91.92919538455507]
420 3 [109.9442812037596, 29.23602559417486, 174.2835122160126, 97.65491494219236]
421 3 [113.8548586266988, 22.90932046994567, 179.0758847607441, 90.79093907371811]
422 3 [112.3384520114341, 21.7580586001277, 176.3439770604605, 92.04625613524325]
423 3 [113.9928055304044, 22.36988085135818, 179.331703354095, 90.39820108583866]
424 3 [110.311299234716, 27.58742310851812, 174.841986195057, 97.27177041414926]
425 3 [110.5688547790924, 24.82642956823111, 175.2269297413168, 94.41866202034134]
426 3 [110.9549835446233, 23.99504883959889, 175.2727398732242, 94.5590323512855]
427 3 [111.8071400356421, 17.0397259183228, 176.4315543949998, 88.73027665225821]
428 3 [111.0298675001541, 25.43072045594454, 176.3319123898764, 95.83387597842943]
429 3 [110.6142107379565, 24.65915998257697, 174.751565953633, 94.76016134701324]
430 3 [109.3716838705295, 25.12386062694714, 174.7315008463807, 95.20949725534143]
431 3 [111.5981128561252, 27.67344611510634, 176.2598389905596, 98.00090622255708]
432 3 [110.1348530250543, 30.45447925850749, 173.9962343344684, 100.9225404352962]
433 3 [111.4027669402713, 24.02284401282668, 176.5944223037632, 94.61213122585778]
434 3 [109.0666615945229, 23.38983117416501, 173.1849849676781, 95.00002853012501]
435 3 [109.617818405939, 25.36254613474011, 173.6707586386781, 96.60517592985799]
436 3 [111.3454634445661, 24.84638522192836, 176.2171411750978, 94.48392863079226]
437 3 [109.4344278872886, 26.86373472958803, 174.3429077402889, 95.92425510365025]
438 3 [110.6434856011474, 20.98643968626857, 175.3425431650213, 94.59735116711843]
439 3 [110.454641522927, 25.36328806821257, 173.3519126960145, 96.99620020838964]
440 3 [110.3503631410131, 22.93567347154021, 173.7697918184206, 93.01951861941471]
441 3 [110.7453125511238, 26.29254172369838, 172.8060806035448, 98.85000725371089]
442 3 [111.6472748323286, 22.66931797191501, 176.8736028728898, 95.05873713458939]
443 3 [109.0553470077866, 25.59158983454108, 174.331606020656, 97.97342713798504]
444 3 [111.7043239279592, 23.55706940218806, 176.1114294417693, 95.2464391547295]
445 3 [111.5740669128427, 22.00775089487433, 171.6321112328378, 97.42489459226873]
446 3 [111.2275588122138, 26.50942216441035, 172.7508900112878, 100.8686325451796]
447 3 [107.496969437314, 20.38465496897697, 168.1387133547544, 93.7639437895385]
448 3 [97.86200064056902, 21.65337039902806, 163.2554089657079, 94.79527730246505]
449 3 [110.5619801190624, 36.49535401538014, 173.4154974136439, 111.9312514676448]
450 3 [116.9363941839838, 59.8189436905086, 180.9880252059956, 129.5244689437013]
451 3 [114.5207918277883, 56.86418737098575, 178.2899195087508, 126.2246671409223]
452 3 [116.9095790228748, 59.74078143760562, 181.0083625519564, 128.739328221149]
453 3 [113.0410797736549, 59.43328226730228, 177.8813388472436, 128.5306812936137]
454 3 [109.4895991153026, 58.67896052822471, 172.534966762612, 128.4929200508713]
455 3 [105.946589212952, 59.72064946591854, 171.9262991257696, 133.6325014913917]
456 3 [101.7371801548579, 58.03812105953693, 168.5164159497516, 132.1503532001857]
457 3 [98.78658960395842, 61.75297190248966, 164.436278452824, 134.8523993342312]
458 3 [97.54919057068764, 58.14195311442018, 160.5061720642694, 131.7505061127779]
459 3 [90.97971076433896, 53.98361149057746, 155.4198535605682, 123.9080857527377]
460 3 [88.32836310201674, 53.78918274119496, 155.7926773659418, 126.5142824319852]
461 3 [86.98954851654708, 60.0808655358851, 153.1404829171516, 130.3131636664801]
462 3 [82.57594161955058, 54.65028183348477, 151.1836261225856, 127.3218244849587]
463 3 [78.18383270231425, 54.8493510466069, 146.5713307848262, 127.6431910772416]
464 3 [61.20278825340211, 50.58208811841905, 127.3679135215065, 120.663175373887]
465 3 [74.24132351353183, 53.39596953522414, 139.3219458133483, 120.006706703626]
466 3 [75.86165291545331, 59.332200454548, 145.7072335872504, 133.5144842320644]
467 3 [71.81087219444453, 53.11225431552157, 138.0192265965667, 123.647150807569]
468 3 [67.26488814511686, 53.06750604696572, 138.0735039154848, 125.547180057375]
469 3 [71.38989315656363, 53.03259758092463, 141.8269330558899, 125.2311893602756]
470 3 [81.93613895503222, 64.07966205663979, 151.4000646178418, 136.1902732065398]
471 3 [82.25399652784108, 53.02289889939129, 142.6344591931978, 120.8613679588916]
472 3 [79.17055034366786, 53.4499528799206, 150.2819667205148, 125.7188857388267]
473 3 [85.00591882792651, 65.48491092212498, 154.8949635208926, 137.6226587332197]
474 3 [87.83554760328843, 66.03469842858613, 156.8582003439725, 137.7925823074629]
475 3 [90.7084286986792, 65.9184654969722, 160.2307135105523, 137.7676593528241]
476 3 [93.49358682808816, 66.55980224069208, 161.7948763819735, 134.1767264267992]
477 3 [87.58093492125045, 52.66297994926572, 160.1032482999901, 120.7808601928825]
478 3 [93.18740061306744, 59.44815468788147, 161.6064088507169, 133.2764518326894]
479 3 [91.81340963576804, 53.8029828555882, 163.1985754536676, 121.3717949107603]
480 3 [96.08387106386363, 64.12044821120799, 166.4064570345086, 136.4523123717038]
481 3 [98.92784385764389, 57.24554158560932, 167.3510601942306, 133.7412861116883]
482 3 [97.87780602983548, 53.37427960522473, 167.4895574318513, 123.8791307011582]
483 3 [99.7937214030826, 54.78220059350133, 167.2692159938102, 122.9491014528367]
484 3 [101.0615380044037, 53.74294994678348, 169.6365684636377, 121.7809368419758]
485 3 [100.5215461301559, 53.77716136910021, 173.3883995483311, 126.4308028451275]
486 3 [103.2514890562452, 58.91892385482788, 174.8896294491798, 125.6339737863993]
487 3 [104.786749932071, 56.43688206025399, 173.0468398382545, 124.9252797928575]
488 3 [105.7924314477423, 59.19690322643146, 174.5617873859985, 132.2243519322506]
489 3 [106.256996084092, 57.65543115139008, 172.7974691734325, 135.1197095747692]
490 3 [108.665050517855, 58.92665819078684, 173.5985094695777, 133.3832077215656]
491 3 [106.4229052402952, 58.58224910264835, 174.8193387412834, 133.2178841468805]
492 3 [107.2040797286609, 58.73967816866934, 173.3032981721119, 133.513053599953]
493 3 [108.5633523977303, 59.53438868559897, 173.8153632292515, 131.4828521972229]
494 3 [109.3764401488879, 58.84017532505095, 174.6269606757339, 134.8024848183393]
495 3 [103.213875464251, 59.46728737838566, 173.0222490228782, 132.1190023863655]
496 3 [103.1803687551001, 58.00602270802483, 171.3857907516569, 133.2368781732754]
497 3 [103.9002089044952, 58.04158052243292, 172.2712364184939, 133.1777701274791]
498 3 [103.6106891632953, 58.66880544275045, 170.4483298738683, 136.5483874926672]
499 3 [102.1106236270571, 58.32643068209291, 170.1439960506638, 129.9337596775923]
500 3 [97.0261932752037, 45.12242754735053, 165.6137244714578, 120.1752389775151]
501 3 [99.40287985661416, 59.74017481133342, 166.1314854119714, 137.0120502907788]
502 3 [97.26358319455176, 52.93692343478324, 164.9317116953379, 123.4775744302731]
503 3 [94.09230442540138, 66.87498573958874, 163.3514619588269, 137.5187857577985]
504 3 [93.28147730146884, 64.53669247962534, 161.0769972987012, 140.7991540063769]
505 3 [90.83250610445975, 64.73721805773675, 158.8955811646462, 139.0336870759416]
506 8 [109.5247708522657, 67.37833540700376, 178.0746147400541, 141.9038817852958]
507 8 [109.72797297957, 56.16040156502277, 177.8397967991087, 124.5557463838907]
508 8 [106.0081488155702, 68.66365443728864, 174.0520130471354, 142.836804181081]
509 8 [106.5240942715609, 52.43600377626717, 173.9700236130184, 125.2421201357842]
510 8 [109.3915337585786, 47.60728793730959, 180.1308738908923, 121.924184183511]
511 8 [113.7239116133133, 50.66033305879682, 176.0361944543332, 121.447573971352]
512 8 [106.3456260907406, 48.32970069069415, 173.251415344894, 121.1911977677317]
513 8 [108.3446993381658, 51.82316215988249, 169.7636155359205, 122.2732369195159]
514 8 [101.6554549132416, 53.32677860558033, 168.070475109009, 121.525044260763]
515 8 [96.94340534796356, 50.72974247671664, 163.9776223260688, 123.3489533212321]
516 8 [99.25380658646463, 53.16328389849514, 162.3349230171038, 124.5670556566567]
517 8 [93.22883885641932, 52.91165196150541, 158.6935742859399, 122.6191955722389]
518 8 [106.6535694367194, 61.650306282565, 170.1883750552507, 133.2928848437068]
519 8 [105.6172501534165, 61.13513293024153, 171.836788434103, 132.5419985055746]
520 8 [102.5830631731951, 61.29064023308456, 166.9811597723905, 132.402718856951]
521 8 [101.4927329291531, 63.38008814305067, 168.4711604829115, 129.5728383550146]
522 8 [80.02659462214797, 55.72741882456467, 144.6963183432342, 123.9469847480964]
523 8 [98.17705221762299, 62.54311650805175, 162.2583752609362, 131.455494838404]
524 8 [96.48839400903671, 59.30698771774769, 161.4411134893493, 127.937928351934]
525 8 [96.75861475811689, 64.05602879170328, 160.3464551958015, 130.1723494384468]
526 8 [95.16513185398071, 60.8758659362793, 159.200415075756, 128.3437099165649]
527 8 [95.07509343963466, 57.32245646230876, 156.8213973205392, 129.5991295426199]
528 8 [93.28659536139458, 60.75359982252121, 156.5444452102497, 127.3681407161966]
529 8 [92.53722619553446, 56.96594452764839, 153.7518410633606, 128.843207062722]
530 8 [91.31107089863508, 60.4701019898057, 153.7656937612211, 128.6889490409597]
531 8 [89.94538856492727, 58.50400701910257, 152.2140851644085, 126.4938389853113]
532 8 [92.71904753343551, 57.41833639144898, 152.6966870403746, 128.4013679114235]
533 8 [91.48517765392899, 57.07703719194979, 153.3666697620284, 127.2906548784415]
534 8 [91.27403238610714, 56.03299763798714, 151.6669191591036, 127.4805722405473]
535 8 [93.08515306850313, 75.11861829366535, 153.8897323929962, 144.0181379407502]
536 8 [92.09627922446816, 94.99308391287923, 156.6441904856928, 167.7412056880744]
537 8 [92.75895802126615, 53.29410240799189, 153.6650925528008, 125.742961327501]
538 8 [86.75282236011117, 94.00051302090287, 151.119695225482, 167.1640525477391]
539 8 [84.36731644612155, 94.6660045562312, 147.5020610670074, 168.3644470372493]
540 8 [85.1696947280725, 95.85413946583867, 145.9419867976661, 168.1114493696912]
541 8 [80.74069439255982, 95.80296338349581, 144.8942171528678, 165.9563728868468]
542 8 [87.2422404010722, 96.54210821539164, 150.890039730517, 167.669000977513]
543 8 [67.73957163732848, 96.0663527417928, 131.7447703244598, 169.0611630542616]
544 8 [72.41702922325931, 94.41432396229357, 137.6869862071216, 168.5947632139808]
545 8 [92.19406668384909, 96.14751799311489, 152.3891045141949, 167.4171592659583]
546 8 [96.32634882171988, 95.94295148085803, 157.1439581118295, 165.5308078858273]
547 8 [86.58125001759618, 93.95025758817792, 152.692153346314, 165.1552082948797]
548 8 [76.38027974110446, 94.53131515812129, 138.5638997114662, 166.9176565333722]
549 8 [88.1981093698123, 94.84348767250776, 153.9940705516128, 165.9031051915352]
550 8 [84.50121425729594, 94.019640407525, 148.9545453732549, 167.1036420615118]
551 8 [87.89074995988631, 94.06183757632971, 149.7560857935396, 165.7144133236927]
552 8 [85.10666284998297, 95.84938108269125, 148.2284858999746, 166.2274684898399]
553 8 [90.23280954887741, 92.51759580150247, 151.5708854722402, 166.742864227425]
554 8 [104.5454542309453, 95.18831766024232, 167.7556654415923, 164.1649859360017]
555 8 [107.5646095414122, 92.78793486114591, 171.5791552533933, 164.9806280303279]
556 8 [97.06137674217462, 96.30241556372494, 158.844913910764, 165.4279961694163]
557 8 [102.8901089384162, 95.14262875821441, 161.9546349942944, 166.9268101534504]
558 8 [102.04916224521, 93.13152257632464, 164.2508161261705, 168.7581650601224]
559 8 [105.4207517316972, 93.66419325396419, 166.8434741048204, 167.336295404603]
560 8 [112.0491643313726, 95.92740718554705, 174.7491678077126, 168.2625794750099]
561 8 [110.5541587649786, 97.44669369701296, 172.1866054307924, 166.1859255787513]
562 8 [112.9254390223359, 95.94852539524436, 174.4196633248744, 168.009896162202]
563 8 [117.3063229134714, 95.64555859938264, 179.8329218439007, 169.0307654049152]
564 8 [117.8242834561097, 94.44871443137527, 179.5068667167261, 170.2407505983589]
565 8 [133.6490473241138, 95.14678815193474, 197.7662556201311, 168.8052442869083]
566 8 [124.6496075295436, 95.82974405336427, 187.2845389907439, 169.9010669179065]
567 8 [125.1786505334603, 95.90551974065602, 188.2681799806143, 170.3126956515106]
568 8 [121.3357206337678, 94.95424547977746, 184.3068408780702, 169.1875847027044]
569 8 [138.6055688251217, 96.82623919844627, 200.4842739570475, 168.8348781668198]
570 8 [125.312852274481, 94.02337959781289, 187.8938179782635, 169.0299217249134]
571 8 [141.8524790727752, 94.53948340192437, 204.8787534977838, 168.1484909564707]
572 8 [141.9405800074746, 99.97760168090463, 204.5795265806625, 169.4976589213685]
573 8 [142.7531935664301, 95.77883221954107, 204.1712564560977, 170.2291479217455]
574 8 [145.1351666840201, 95.39010167866945, 206.6930757298349, 169.8438704029863]
575 8 [141.5879133454, 95.86666322126985, 205.712013373414, 170.8804116718748]
576 8 [145.284720698226, 95.76025516539812, 206.4090832641585, 169.5799685713809]
577 8 [125.8383977104386, 94.81347661744803, 188.5081219754171, 169.7712220937964]
578 8 [140.4092087252939, 94.68327356316149, 202.0226794780691, 163.4761599141341]
579 8 [121.534769750986, 95.23582537472248, 187.34874543179, 169.4543917813662]
580 8 [123.442591500323, 96.59389200434089, 183.8055167889554, 164.8831376181643]
581 8 [115.7412605749851, 92.54745052009821, 176.7150590604101, 170.1212343608184]
582 8 [138.2215042813623, 93.07498819415923, 201.2482594046061, 163.3556994382162]
583 8 [137.1591264410818, 95.54867602174636, 200.120306470356, 165.60161222989]
584 8 [136.7622766195273, 92.18240652047098, 198.685593469059, 164.299920696895]
585 8 [115.9285920596158, 94.32061946764588, 177.2168853696392, 166.8235172974986]
586 8 [115.083034786483, 94.05837317742407, 177.0671126599522, 164.8676740748655]
587 8 [113.8513929425681, 95.50472920574248, 175.6626195702177, 166.6043984379307]
588 8 [114.9466270551493, 93.89159514382482, 176.9760078056672, 165.5154631504527]
589 8 [109.217368934158, 92.02130020409823, 172.6037535216215, 166.6935775297791]
590 8 [108.2075531099399, 91.61577839683741, 170.2711939086871, 166.233519549074]
591 8 [105.6664583476668, 92.10714523494244, 168.4693279361632, 164.0609417197859]
592 8 [101.1463446943963, 94.86104139871895, 164.6831996788913, 165.6565238290129]
593 8 [99.32432887316099, 90.54484514798969, 160.1011241578821, 166.3967579174018]
594 8 [100.4412855318224, 94.2344474773854, 164.0927718218676, 165.3660460393667]
595 8 [94.98123410795233, 95.0027486756444, 157.5869181827491, 165.2289300185451]
596 8 [94.94927708696923, 90.17734392825514, 156.7732250624628, 166.3850336863412]
597 8 [93.31644479822717, 89.67085534986109, 156.8697417146219, 167.1603968537]
598 8 [95.08674842477194, 91.47501126211137, 158.5951917317457, 165.3746388723908]
599 8 [94.86740624703816, 89.01596566010267, 155.5689742309738, 166.0336055798759]
600 8 [89.84402657658211, 91.87148861866444, 150.7171997352501, 165.8052429238721]
601 8 [88.21913476273767, 93.60798314958811, 150.9316189256913, 166.7941729483139]
602 8 [90.73440185919753, 92.65519008785486, 152.9941049417756, 164.7727355178757]
603 8 [92.64090281850076, 90.49113665055484, 154.2666667355865, 164.6259552094179]
604 8 [89.51109436279512, 92.57767055463046, 151.9411003616511, 164.7384104074715]
605 8 [88.42188669540337, 91.21055324841291, 151.8946916752874, 166.8289355545503]
606 8 [90.73326603681198, 92.80629646312445, 154.1691566243794, 165.4874475779638]
607 8 [90.27614615097991, 90.88593639712781, 149.8805646800183, 165.8700839795817]
608 8 [87.71373771768413, 91.95313934516162, 151.3093013602619, 166.1992828993926]
609 8 [89.87168095246307, 88.56245548278093, 153.3640573392427, 166.1574577766768]
610 8 [89.04771221973351, 89.92170763481408, 152.4444212957565, 167.0933274717536]
611 8 [89.58326673306874, 90.49171318579465, 153.9699314062023, 166.2192117808693]
612 8 [95.21809105467401, 91.80131668038666, 157.0939758231038, 166.5680345644366]
613 8 [93.19161150776199, 91.69929930288345, 153.2914839399463, 166.9654348673201]
614 8 [96.66582540314994, 90.35839745122939, 157.7119285320079, 165.3845221725947]
615 8 [95.67915272605023, 89.12757003959268, 159.4953389962576, 167.6537694398211]
616 8 [101.8757040908968, 90.4968174668029, 160.7519432248356, 166.1258043466519]
617 8 [100.4864174191316, 90.98964489344508, 162.1430624984601, 166.5659440545712]
618 8 [105.6836756196281, 88.81240123230964, 168.7260824955028, 166.7838163032166]
619 8 [105.1743859954586, 90.13798802439123, 166.1557996631659, 166.1003315937833]
620 8 [109.6947748789971, 90.34095614496619, 171.7569125455618, 167.4055767299233]
621 8 [121.1053904954752, 83.33828090038151, 180.9902809116419, 161.2751521879878]
622 8 [130.1828847982397, 82.74723134282976, 192.6393701359215, 157.329261241806]
623 8 [122.0803883409535, 89.27900343947113, 183.398017787201, 168.5053865063543]
624 8 [120.3544776531344, 91.07243264140561, 182.8561441621812, 167.0303370888179]
625 8 [135.0371891836112, 85.00154572818428, 198.1966827810151, 157.9789242925769]
626 8 [139.8125351284107, 81.16876902338117, 203.2235343401233, 158.6659350652874]
627 8 [143.5953628428688, 82.75225196313113, 206.5473245477336, 158.4431686704754]
628 8 [145.0797128042614, 86.65749886352569, 207.172958261872, 158.4598411018656]
629 8 [139.4047220347857, 90.56232925318182, 202.4442319522343, 166.3082340765538]
630 8 [147.5429138698091, 87.8336286759004, 209.4140738523674, 166.5780616435159]
631 8 [145.7469103176554, 89.12881266605109, 209.3957649608303, 167.1453491481175]
632 8 [157.9976819752192, 88.72866503708065, 218.7695104134637, 166.7975234690141]
633 8 [158.0834898649191, 87.94228710047901, 218.8464821149871, 166.2667069193503]
634 8 [162.1511996787449, 87.29295103158802, 224.2707485955559, 166.1563868194551]
635 8 [168.4087230654841, 87.67794310612953, 231.8368474797412, 167.8655672229018]
636 8 [174.7074261697417, 88.76209273500717, 237.5325795281571, 166.5569692470634]
637 8 [176.2979404133221, 88.77450889255852, 237.7687858931308, 166.8029006446309]
638 8 [179.668382659409, 88.54103757347912, 242.936594291006, 166.2571635624159]
639 8 [175.4994069010427, 87.56312944274396, 239.6932917498785, 167.1408063301532]
640 8 [180.3029769815912, 91.33219364378601, 244.6596914722976, 166.8728742472887]
641 8 [185.9209525742044, 91.98583769891411, 251.9305321584698, 166.7131963693281]
642 8 [191.3911107153108, 89.32461492996663, 254.3460793886055, 166.9109820097215]
643 8 [206.2979733355751, 95.08267161715776, 271.2865494299493, 166.1937665696516]
644 8 [202.1806374349108, 95.86919931042939, 268.1015113182555, 166.9339662753163]
645 8 [226.9994202878734, 91.56939104478806, 291.8962751236966, 170.138305442965]
646 8 [206.3124736555328, 93.77773201838136, 271.2852256453779, 166.2620885462928]
647 8 [200.2844073966553, 92.88420244399458, 265.4406150870964, 166.3825738405424]
648 8 [206.1008610360732, 94.23339547403157, 273.2537719629584, 166.376220042128]
649 8 [209.6768098853936, 98.3010291242972, 276.4296971009278, 167.7622548062788]
650 8 [208.1609192647447, 93.59892004914582, 275.6483926262788, 166.7991026403915]
651 8 [207.0584700413456, 93.32727746851742, 274.287515337011, 166.6424980082673]
652 8 [209.2366908833792, 94.78866090811789, 275.7331092115391, 166.724104689284]
653 8 [201.9699433789065, 94.10949415806681, 268.6270546326988, 166.1301174475226]
654 8 [205.1234372303297, 93.90556791611016, 273.9931654343953, 167.6987109167359]
655 8 [202.6648141041806, 93.10636253841221, 270.4975843261904, 166.7530009445576]
656 8 [200.3160261147132, 93.65003772359341, 265.3161808800934, 166.9786714720202]
657 8 [202.4885624221934, 94.48619596008211, 269.3361348900955, 167.8509256810119]
658 8 [197.9507026046922, 94.09827677346766, 264.921763302915, 167.4564094502617]
659 8 [200.5476721134328, 95.64647644106299, 267.7569509648683, 167.233004350025]
660 8 [199.6393830486049, 95.97219313774258, 269.4505172452513, 166.9319997148187]
661 8 [197.5906437419762, 96.06635938212276, 265.9216211567043, 167.5004019346902]
662 8 [189.6267625846376, 93.94389281794429, 256.3190112339148, 166.1647665127123]
663 8 [189.7217084251752, 98.12877723993734, 254.3926178137609, 167.7374211160321]
664 8 [185.2134211122466, 95.58378170523793, 253.628057360297, 167.6975445887973]
665 8 [180.5134246329253, 98.53386593796313, 245.2530389591575, 167.7272578384159]
666 8 [181.8929974239727, 93.1361386673525, 247.3766863789617, 170.5113927649613]
667 8 [179.6885801822355, 92.54292218293995, 243.7048081407826, 170.5939660067855]
668 8 [176.1945326131245, 94.8853201167658, 241.2485731818559, 171.6176130290235]
669 8 [171.1444754682889, 95.18013690877706, 236.7557912261897, 167.643531268945]
670 8 [168.7760699697246, 94.75750607717782, 233.4829282074066, 169.7007684901129]
671 8 [162.9517889924755, 94.03343272674829, 226.9136565287761, 169.3820084452819]
672 8 [158.3496764086594, 95.3832759456709, 227.953166927302, 168.6149112025267]
673 8 [157.2738297254255, 90.12950150575489, 222.6339188759782, 170.0229971609809]
674 8 [151.0027703054657, 90.85151771362871, 217.8109128046974, 170.8137704298674]
675 8 [150.2858286507835, 89.07150484900922, 214.4756929546211, 169.0995962371965]
676 8 [139.4170170527359, 88.66094609070569, 208.8978906918788, 167.4549720320069]
677 8 [139.9723293882271, 89.81763032544404, 208.5082195249614, 169.9181225365469]
678 8 [130.8036231499573, 90.21264751721174, 199.9359014135937, 169.0675321465632]
679 8 [129.9336622439732, 95.2351040141657, 199.4254478895188, 165.7569562038222]
680 8 [125.7013328157773, 93.89018048811704, 195.0423034152004, 164.2359426323983]
681 8 [156.3784246419964, 96.98986045364291, 223.1895365724956, 167.3109506769481]
682 8 [153.4214884479006, 89.73510221857578, 222.9491673443635, 169.0084420222137]
683 8 [114.3111036222836, 84.29219541419298, 183.7488212518549, 164.2568248803433]
684 8 [113.6006638832332, 89.17517994809896, 183.407090011341, 168.9788475414545]
685 8 [143.5394592833181, 91.36793182510883, 211.030145028507, 171.6918548958317]
686 8 [144.6492254984041, 90.29751253593713, 212.748430900952, 171.1736302194652]
687 8 [143.9898122258892, 90.32469168584794, 208.3127107105893, 169.4973653332603]
688 8 [140.049088175263, 90.87699172366411, 207.9669678385643, 171.530513076983]
689 8 [137.9028605919739, 89.999561955221, 205.9469666676994, 172.2855045829885]
690 8 [137.477518270578, 91.82544169295579, 205.6091201921298, 171.2300953835616]
691 8 [136.6955105372181, 91.77542671840638, 201.2041889949137, 171.1632998043422]
692 8 [134.527142389532, 91.68684074003249, 204.1548334176324, 171.649684520564]
693 8 [133.0718454223534, 90.50215410348028, 198.9299856910098, 169.8298918013865]
694 8 [131.1904435947945, 89.6503497408703, 194.1259027721443, 174.1970451162694]
695 8 [129.1284714889189, 93.55916852410883, 195.9865564838873, 172.3102862755882]
696 8 [129.1355944022944, 89.56719381082803, 191.021421302669, 173.9499557847878]
697 8 [127.6423749670794, 90.05126443970949, 189.3107472334015, 174.7424039086792]
698 8 [72.84974629696808, 86.38469377942965, 144.8638879989409, 165.1912635503885]
699 8 [133.8659802422335, 83.54974937904626, 195.2241203861238, 168.2016997038635]
700 8 [128.6869661853125, 87.45149356592447, 190.0120839650132, 172.0813157269766]
701 8 [130.5956872150709, 89.03274589497596, 192.0366473386402, 173.7888865024837]
702 8 [57.87199417300872, 81.671116284444, 126.7933077052503, 165.709251650146]
703 8 [60.04694514613948, 84.38503151573241, 129.0208468075647, 167.128575066625]
704 8 [134.4239884958079, 86.67602719087154, 196.3610643433458, 172.2795405045088]
705 8 [134.0109111339261, 85.06524593848735, 195.7914689075764, 170.4243223331417]
706 8 [135.5984330147912, 90.5240574600175, 197.3440471558057, 175.2543572564394]
707 8 [64.48215702720336, 83.1125183472177, 132.5903511044118, 164.8674549999579]
708 8 [140.2421350002696, 86.1997240902856, 202.1885964256997, 171.7658967067031]
709 8 [68.57107055079541, 86.79717296548188, 136.1814191414393, 168.3199580608539]
710 8 [142.1692102373054, 84.67325301188976, 203.4352714198324, 169.8669195443436]
711 8 [144.0722575754335, 84.93739554006606, 205.241832816871, 170.6277131891611]
712 8 [73.89773564584903, 86.015369079425, 141.8276078800275, 167.0395946226378]
713 8 [74.28589503452531, 87.40979874320328, 142.2642127883665, 167.7799372278435]
714 8 [75.68078371402226, 83.93908603396267, 144.740136980754, 166.6118917322156]
715 8 [79.20994370881817, 86.78327814431395, 145.8176840914732, 170.3234324876755]
716 8 [80.60922058470896, 85.25796952412929, 148.8737370029668, 169.2245610946213]
717 8 [80.60944904744974, 91.07412115950137, 149.223460813436, 168.3421341811534]
718 8 [80.83692046054057, 88.61895325349178, 150.2097546305425, 171.4702432267669]
719 8 [81.41757269095979, 87.03241154947318, 151.5338720895949, 170.9403981296386]
720 8 [82.22097732764087, 86.91605341085233, 151.5442945061247, 170.283204162714]
721 8 [83.07431901278324, 89.68351264239755, 153.1886805990511, 171.9814663686136]
722 8 [85.20834207939333, 89.60940656007733, 154.9079562427851, 171.8399702927503]
723 8 [83.0704545014014, 85.36589284939691, 154.5641342785459, 169.0471699677745]
724 8 [87.57909717209986, 91.2560447746655, 156.7148463522436, 174.6011227210555]
725 8 [86.73874767668895, 89.6820093387505, 155.7050963425135, 172.7955818788227]
726 8 [87.39772919620737, 90.43865356873721, 156.4951043626265, 172.8829722844681]
727 8 [83.72742915697745, 88.87631219567265, 153.2686308818364, 171.5499098326032]
728 8 [83.60387360383174, 90.77449888852425, 154.094700771639, 172.57691228994]
729 8 [84.87620567143313, 90.66282482165843, 152.7209093481922, 168.9421421743255]
730 8 [83.38912550066016, 89.76776262442581, 152.9933599140405, 170.950026182393]
731 8 [82.37044905018411, 91.41668322775513, 151.4434949369909, 168.8533908038266]
732 8 [82.00782425756916, 88.67726824525744, 150.4490642271253, 172.2780919973077]
733 8 [80.8250111824309, 89.19939772505313, 148.8653283265574, 169.142249657602]
734 8 [78.52852259934298, 90.01600080449134, 146.1983618163327, 170.3341030613327]
735 8 [74.53985010445467, 93.99041357263923, 143.9977103102056, 170.9047903577473]
736 8 [76.84894213158987, 89.58364008623175, 150.2656877496415, 174.6030660570276]
737 8 [71.52227276991471, 88.31909893389093, 138.9345991020966, 171.3365638419627]
738 8 [73.35299285766087, 85.05911001632921, 143.9581782795283, 175.3661246507051]
739 8 [76.81477419970906, 93.29433634574525, 150.7444410531828, 173.2948045288215]
740 8 [71.28330662086955, 90.09987163986079, 142.877686585494, 174.9482204973433]
741 8 [68.44295664862148, 90.14393042470329, 140.2746791934929, 174.1610637575041]
742 8 [66.87245621051989, 93.40179642359726, 138.6179145557312, 175.1962640107887]
743 8 [61.73376037445269, 91.96009343187325, 133.3128207627524, 173.5356591162811]
744 8 [57.03468932476244, 92.0751584849786, 129.4044126006384, 173.204729992616]
745 8 [50.57893215384684, 93.60796695272438, 121.5161604962237, 175.595085381183]
746 8 [50.41377359940088, 92.82945795671549, 120.9571465329692, 174.8277333960629]
747 8 [49.87525170607842, 94.06123659329023, 119.9226247899444, 176.598135479172]
748 8 [38.17156261470518, 95.97470378200524, 111.2291089253196, 176.5027503398023]
749 8 [35.98117149141035, 96.72081103245728, 108.095188349797, 177.9397366796344]
750 8 [31.18454045322142, 95.18671786109917, 103.0888486077782, 176.1315346237004]
751 8 [27.80272430446348, 95.86576891760342, 99.15820914574454, 177.2785056056903]
752 8 [18.22276024785242, 92.79091527615674, 92.04607151816046, 172.434044495798]
753 8 [81.39045068933046, 95.2410968397744, 159.2850621398885, 174.1321806112612]
754 8 [75.5457552120497, 97.48221491160803, 148.4320746870041, 175.1022386920866]
755 8 [74.69216804890311, 95.72782003949396, 145.133887063138, 177.7919003824934]
756 8 [74.79412220124505, 96.56448419834487, 144.0081324145455, 177.8960359504873]
757 8 [72.85909913186333, 94.06228955532424, 141.8172362368379, 175.0587717476927]
758 8 [71.76748650087393, 97.7141715940088, 148.2781215533615, 174.8851444178521]
759 8 [69.01977088008425, 92.10096534970217, 138.6449485082022, 172.0886681954675]
760 8 [71.07858515050612, 92.28949723462574, 146.9550450554971, 176.6386164063073]
761 8 [69.45694455815828, 96.19479501666501, 147.5143318165979, 174.6107979708128]
762 8 [71.25687034739531, 95.553475078661, 147.8062339325545, 172.1501279839038]
763 8 [70.54925110129989, 90.0159858323168, 141.342076299757, 171.2578135736514]
764 8 [69.44298993734992, 91.64365810970776, 140.8282728027008, 173.7310067111301]
765 8 [69.03749942718423, 91.54673484782688, 138.7690704571789, 172.0828950821046]
766 8 [69.9134671681968, 95.36496488074772, 139.4891644919915, 175.3247493932861]
767 8 [73.90597313348553, 91.9859066947829, 143.7211294558912, 173.2806300017891]
768 8 [69.6316175715474, 97.66672136308625, 148.1178188281577, 174.8201987741695]
769 8 [74.65812044157065, 97.31597395660356, 153.8100933042183, 172.6291424513975]
770 8 [80.26988388909376, 97.90656121494249, 157.6969256212894, 171.8548513311023]
771 8 [77.92538193924702, 94.86591939395294, 152.8373308242313, 174.3487812065165]
772 8 [81.41150053296587, 93.00896050105803, 152.3891448024038, 171.5866801970875]
773 8 [84.98543965103454, 90.00222830905113, 153.1511992196181, 173.6885943940782]
774 8 [87.80055556152365, 91.51271123136394, 154.1973944497202, 171.4684172941518]
775 8 [51.24492010040558, 98.44255557330325, 125.3784430014364, 172.4632238208974]
776 8 [91.1261196777632, 97.65072535420768, 158.166627510471, 175.0080397037167]
777 8 [96.44628140781424, 95.85914116050117, 162.6538138509908, 175.5824854727857]
778 8 [98.56483163716621, 92.12483509315644, 165.4237499108412, 177.9254905758657]
779 8 [101.3665538624337, 100.3166897750925, 173.1137807531708, 177.4251713767284]
780 8 [63.87112465393147, 95.48387545789592, 132.896700706386, 174.9881358469486]
781 8 [72.78410774128861, 94.12406347563956, 141.5078772092057, 174.9061186426315]
782 8 [75.95819038045011, 95.79622883046977, 144.9224080557721, 174.5519736894626]
783 8 [70.45995010467595, 93.03011696657632, 138.6157310396222, 174.4049799189095]
784 8 [85.0548969063384, 93.99507327342872, 155.7553190391985, 175.1875969652369]
785 8 [65.39808627622551, 92.02583648136351, 132.3404091182145, 172.9870038734038]
786 8 [86.4470295648498, 95.48232137097511, 156.7428446381558, 175.7519892516248]
787 8 [91.45263050156063, 96.12798478326295, 162.3816493204994, 176.55924980339]
788 8 [101.1380669887585, 97.04017003870104, 171.0775808255512, 176.5880969712049]
789 8 [98.43371306019253, 97.68323933577631, 167.3052127589876, 177.2511042606441]
790 8 [109.5046458177676, 92.48920997302048, 180.3785282879676, 178.7565678086037]
791 8 [113.6919648799521, 96.02492004970554, 183.8358770732621, 176.3510091101032]
792 8 [107.650874708168, 96.74461342266295, 180.9754495555519, 177.4480453341127]
793 8 [88.01568699473864, 94.58018086722586, 160.7500378157151, 178.3302439532145]
794 8 [113.2236642803473, 96.36485924816225, 183.9388950781189, 174.3832021690561]
795 8 [115.4906866204401, 94.93840504135005, 184.7361449907025, 176.8457583374533]
796 8 [117.5345625023765, 97.11064039601479, 186.219910247865, 177.4054207379977]
797 8 [105.8316956710478, 96.10855865920894, 174.3921114029693, 176.9869162902481]
798 8 [107.7940274070425, 98.19907105399761, 177.9119304557457, 176.5556194738782]
799 8 [107.9465875279566, 97.59789418126456, 176.4628897713133, 177.9820473495693]
800 8 [108.9147169928474, 97.80847286211792, 180.876708449148, 175.0085121831069]
801 8 [100.6742980371637, 98.34604417311493, 171.6596837235472, 176.2714194535666]
802 8 [96.94801246220595, 95.06120845547412, 168.5890588353275, 177.8064472415304]
803 8 [114.0825570973975, 94.92889342235867, 181.815429036533, 178.7567221139449]
804 8 [104.6909139345808, 97.27632538876787, 177.6289516222469, 175.4061460075038]
805 8 [102.1715373306943, 96.02074562793132, 169.8741344391933, 178.9352537390153]
806 8 [80.52530195270083, 95.51017231005244, 144.4751220835651, 177.8464608438246]
807 8 [96.07105200583465, 94.636545887799, 166.9142720783036, 177.4432271375336]
808 8 [101.024594506569, 94.67435776477214, 168.3289721604792, 176.2751203768682]
809 8 [101.3988878339005, 95.80742017354351, 169.6848616293453, 177.303788718119]
810 8 [101.3148388609698, 98.63243592600338, 167.3597112378853, 177.7529677094947]
811 8 [106.1201086983492, 98.55595300602727, 172.3706374177394, 177.2924992475676]
812 8 [95.54584142225212, 97.11725778982509, 167.2519090434438, 175.8020719140134]
813 8 [92.55951513009495, 98.51194378449873, 164.3194621305984, 175.8072728359539]
814 8 [100.0869502912683, 95.04563160578255, 165.5760877696297, 175.4002965489954]
815 8 [109.5391444250417, 95.97610025887843, 175.6936661948193, 177.5176125972135]
816 8 [96.179620338924, 94.6802696249797, 164.3017804392546, 175.9528942020016]
817 8 [92.44482990758843, 97.83854664764658, 163.9198348738731, 174.5967703409152]
818 8 [96.69435681248433, 92.81805991416331, 165.0438566484484, 174.5283969559363]
819 8 [88.30234447898693, 93.16461160650943, 158.7688182553993, 175.301692520283]
820 8 [95.3080134227348, 93.16959499602672, 163.1839104574335, 174.398622794938]
821 8 [98.90882824486471, 92.96194013574859, 165.6725544727299, 173.6437239978715]
822 8 [105.317140649393, 94.68792627786752, 170.7482357345266, 174.7361501835766]
823 8 [98.30513902413077, 89.5562056194758, 165.2848318615268, 173.5366670661559]
824 8 [101.434110556118, 90.73031439667102, 169.8115856485922, 174.5049231335257]
825 8 [107.0266102760506, 92.64063238387462, 173.9160614758105, 172.6670042533121]
826 8 [109.7035305242462, 90.84899437020067, 174.001939236371, 172.8255815247066]
827 8 [103.7769245909003, 91.47687047009822, 169.1917294290381, 171.2883801422159]
828 8 [114.291425695963, 92.57561221008655, 180.8291378551373, 172.6244147329076]
829 8 [126.240381632786, 93.56039617839269, 189.1909561492613, 172.3783567514695]
830 8 [124.6491600916197, 91.51194323482923, 187.4065114636214, 170.0641041148969]
831 8 [120.8816959307005, 92.75665652635507, 183.2659045589728, 171.8331072109581]
832 8 [135.8039349660685, 93.5393567585852, 198.5154966902992, 168.9605915398641]
833 8 [138.5185101598909, 91.5325964584481, 200.9624636802063, 168.5063796887089]
834 8 [143.4522166818788, 92.02567737246864, 205.4332068192948, 167.8005260849246]
835 8 [144.7231642872503, 93.41716896439903, 206.4347153933438, 169.6233710823834]
836 8 [149.9876378633489, 90.16695137764327, 212.5011211714182, 168.6232242565618]
837 8 [151.7872403532674, 92.22115367348306, 213.9675891783857, 167.5994893967164]
838 8 [145.8738745719602, 92.12886076117866, 207.6965590531244, 168.2995922060671]
839 8 [146.4874890976062, 93.21097012306564, 209.2939054211789, 171.5984328285811]
840 8 [161.240235713165, 96.02163463528268, 222.9044884563363, 171.5461008810758]
841 8 [155.2230366662552, 93.43873401801102, 219.0167329185984, 171.677884940487]
842 8 [169.8733732074907, 94.76715154643171, 230.9657218102369, 171.1782481246675]
843 8 [178.2239159912278, 96.55691839451902, 239.7850606466002, 172.6332970427446]
844 8 [182.9117168642988, 93.53759407694452, 244.4172819498199, 170.3988473651338]
845 8 [172.4314298241807, 91.8124056722736, 238.4306765187839, 173.1523625444355]
846 8 [177.3576083377411, 92.14322349627037, 240.2247873158546, 172.967266858933]
847 8 [182.7795482583751, 92.42340653832071, 245.2739310897951, 170.539307372822]
848 8 [197.2735394880583, 96.38710640068166, 258.9725750657032, 171.3223196606676]
849 8 [193.9346702740004, 93.97908664937131, 254.8397165287734, 169.2264571608729]
850 8 [183.9985337661055, 92.00199488305952, 249.5700670622188, 172.8014591894001]
851 8 [192.9354521416535, 93.49045805330388, 253.3797150846395, 171.5487939827128]
852 8 [185.9326403721643, 92.73214888048824, 252.3373116262276, 173.200573033055]
853 8 [187.6096184149792, 93.92011567181908, 251.5087623215266, 172.4517191812677]
854 8 [195.4046524123696, 92.18149145354983, 259.118951527144, 171.181029691582]
855 8 [196.4681329013256, 92.50833961868193, 258.766664277545, 171.4869279371553]
856 8 [189.031162438303, 94.81314331194153, 257.9370141542918, 171.3908722252677]
857 8 [194.7402231552114, 93.57836741651408, 257.2007827646791, 172.753056259941]
858 8 [184.7822674637137, 95.02830073138466, 253.8300492883211, 170.9084871323267]
859 8 [198.9629273832252, 92.75250788475387, 259.9966229935825, 172.0901118068602]
860 8 [183.8515069608984, 92.80383138818434, 254.1368832184483, 172.3597411986785]
861 8 [196.966588438343, 91.69191758311354, 255.09946216138, 165.7547216429124]
862 8 [197.7572211035003, 97.31756508047693, 257.481333787013, 171.0021503389655]
863 8 [190.0363800086489, 93.56565292621963, 252.5692412851614, 171.2200137805914]
864 8 [192.8098910458793, 94.12461734539829, 252.4686735187737, 167.2468620256003]
865 8 [190.9633070573618, 98.30681998911314, 251.4326127320017, 172.3099587945939]
866 8 [188.190355374798, 95.49761555378791, 252.3960119025473, 171.996415787594]
867 8 [185.2791330957261, 93.5901357907569, 248.8340333681662, 170.3355689268724]
868 8 [185.8973564550688, 97.89684329810552, 247.1283519076285, 171.505056768808]
869 8 [185.5997137532977, 95.13494723930489, 249.1740750324025, 171.9224036931465]
870 8 [180.6237611517718, 97.23158026742749, 241.0547655409011, 171.5967280684471]
871 8 [178.7305988714506, 96.77506078663282, 237.8665899036412, 169.2676878267476]
872 8 [173.9630916336027, 94.70961008849554, 234.3144108219524, 168.3470908907759]
873 8 [172.5020707928052, 91.05331028974615, 236.7931159468469, 168.331533385538]
874 8 [164.804237000033, 99.2479055065196, 225.0231569149298, 170.9243964946907]
875 8 [142.7272224955668, 88.54145814827643, 207.7791051918317, 168.6872180418113]
876 8 [163.3496399008145, 95.39668813045137, 223.2213309144217, 169.872102151297]
877 8 [132.3228890233149, 89.38776095560752, 196.7371871599065, 169.1903766727791]
878 8 [155.8456943527272, 92.20037351525389, 218.2320863024943, 170.528230746678]
879 8 [134.8251048259845, 88.70320118195377, 196.6625848998823, 166.9407625789104]
880 8 [150.6738459568878, 96.82369722682051, 213.3540943887716, 170.7084421424605]
881 8 [146.7558806918969, 94.20773829496466, 207.6023779156074, 170.8042450261782]
882 8 [145.913324409019, 93.66971918079071, 206.6314377284212, 169.5501360097237]
883 8 [147.7216801576724, 85.80971503327601, 210.5319688386674, 164.329244916184]
884 8 [143.6392195865919, 95.0915366683621, 207.0992067095737, 169.9873506140673]
885 8 [141.5149030991306, 95.0931867484469, 205.4395137311416, 169.8218996688545]
886 8 [138.4364676818659, 94.97192452591844, 201.650090703313, 169.981372491702]
