MountainBike 0
2 1 [317.2978615313768, 184.2869297005236, 384.6803746503592, 239.9972221574684]
3 1 [313.963805615902, 185.5687321126461, 381.1931069474263, 240.9122790028127]
4 1 [311.8809052109718, 180.2485793232918, 378.500716814038, 235.9172750760893]
5 1 [310.943754196167, 177.8417065143585, 377.5023701375968, 234.7083164711448]
6 1 [313.9581468254328, 176.319165840745, 379.7655867566818, 231.9052622459867]
7 1 [308.5952594429255, 178.10500459373, 375.7863790353391, 233.4004198673652]
8 1 [307.9259197479114, 178.3235734850168, 374.2482001258663, 232.9766744319335]
9 1 [304.0057699214667, 179.0476489961147, 372.1409314627028, 233.4608753482028]
10 1 [303.4600948654115, 176.2234495356679, 368.7828594574537, 230.7143596494502]
11 1 [303.7162449508905, 173.3684755265713, 369.8979980240475, 228.0083220786386]
12 1 [301.7136922776699, 174.2647385746241, 367.118399173879, 229.6823349810676]
13 1 [301.1140680238605, 171.0906051248312, 366.7561609240283, 227.9928874102363]
14 1 [300.3986823391169, 173.7376599063864, 364.7300220131416, 227.6369267298732]
15 1 [292.6389901638031, 174.520699005574, 359.2470354963863, 228.4971066528986]
16 1 [291.5107369534671, 171.9539930634201, 358.7030807191528, 225.2216916468139]
17 1 [290.4817319354042, 169.5943658202887, 359.6339260326054, 222.6209835280315]
18 1 [287.3612630851567, 165.1048151925206, 355.822672136811, 220.2830102242403]
19 1 [290.5823535583913, 172.2019138848409, 357.643059071249, 226.9437117758585]
20 1 [279.1181550193578, 169.4419711232185, 345.7158561550514, 224.6349679345282]
21 1 [275.8881040215492, 164.7380212564021, 344.5027368014909, 219.5891346944346]
22 1 [275.9742799885571, 163.626855692477, 343.4966500122803, 218.8728197693452]
23 1 [273.8650947269052, 163.9269804242067, 341.957618047715, 218.6062387422564]
24 1 [273.2461498230696, 164.9745772555471, 340.971350629897, 217.7949430462133]
25 1 [268.4852408496663, 158.6964294393547, 335.438526747666, 215.2889598414639]
26 1 [267.5121620967984, 161.4827879481018, 337.031138960852, 216.2877648818264]
27 1 [267.1074478626251, 157.8696276489645, 335.5052107755846, 212.4107101270348]
28 1 [259.8009645398706, 152.7155073037138, 331.1647916519997, 207.3198385012265]
29 1 [263.3570328187197, 153.0980046056211, 332.5762635868511, 209.0186290431719]
30 1 [260.4971340876073, 142.7128061242402, 331.4730797548005, 197.6321813920955]
31 1 [261.7162868306041, 146.4011153914034, 330.8084591285974, 201.9554522825882]
32 1 [267.1985211335123, 133.3506745354898, 335.7549296498282, 189.6037358266669]
33 1 [270.054758425802, 130.1912364618547, 339.1656286601225, 186.364524286552]
34 1 [261.2817579898983, 132.5535806789994, 332.7390462639092, 188.8182877998762]
35 1 [268.1703110197559, 128.9153968668543, 333.6378808894314, 186.4816570184438]
36 1 [266.9837276935577, 129.1019478695162, 332.8126781676569, 185.2297203420648]
37 1 [266.0077096261084, 121.109563733793, 332.9173051603301, 178.8882331040865]
38 1 [269.2254916504026, 119.9774612612091, 336.8739911883983, 177.4445385707421]
39 1 [267.726146068424, 117.7515618757971, 334.5315157652858, 174.4763319461247]
40 1 [265.5595187861472, 117.7763227336109, 333.3287218565832, 173.5027644727646]
41 1 [269.0509076248854, 114.8276405459037, 342.0324103038013, 169.3609689240043]
42 1 [258.8379603084177, 108.5115199213615, 331.9254413026639, 163.3734922414284]
43 1 [255.8904435690492, 114.499181812047, 330.4210473399931, 168.658634233931]
44 1 [257.0874733682722, 114.7280027022352, 334.2327012993706, 167.9931860893028]
45 1 [264.6540626436472, 108.1637033666484, 334.8396002616852, 164.4967415501143]
46 1 [267.1819791868329, 103.7294454998337, 335.0339138388702, 161.7926606850003]
47 1 [262.3641363689676, 102.9992802776396, 331.2567826626661, 158.5100274518272]
48 1 [258.540529564023, 105.7564753623446, 333.4725101696313, 159.6404002320421]
49 1 [258.3579799085856, 101.7577063062927, 333.7110860733221, 154.4619369944605]
50 1 [257.1682263370603, 101.4619893630734, 332.2340499362971, 153.8763366173855]
51 1 [258.8993843849748, 98.7766537865391, 336.988008211083, 153.0106302737581]
52 1 [266.2621358614415, 92.94814107567072, 337.0498752247164, 150.3958737288691]
53 1 [267.4466566247866, 92.87624230002984, 334.1439689595754, 152.5114348751314]
54 1 [275.2057697130367, 90.32922803750262, 340.4511909739264, 149.0725630703188]
55 1 [270.9371390352026, 86.74693423882127, 341.6084663282873, 143.4435933515092]
56 1 [275.0816593011841, 91.70814563846216, 339.3923606158966, 152.3844439380939]
57 1 [272.2857705894858, 90.68380720308051, 340.3118949969939, 149.8655610590975]
58 1 [264.3141325023025, 91.87350937665906, 339.4265553789139, 145.7582552078447]
59 1 [265.2869256045669, 92.83717670978513, 340.0314147434258, 147.2864808264899]
60 1 [275.7249586209655, 84.65449490328319, 344.5817752131508, 143.3356446194734]
61 1 [276.2559002935886, 83.95428988710046, 344.0920804765879, 142.6142458568662]
62 1 [278.0712582515553, 83.68385329470038, 349.3355331011542, 140.2161555547688]
63 1 [280.3707855073735, 83.05729656107724, 349.1050145312125, 139.018842347664]
64 1 [283.5584178445861, 78.8113689548336, 350.3745463413546, 139.1106630123071]
65 1 [284.1763701541349, 81.19058159855194, 351.3683522972008, 138.9342442482734]
66 1 [292.3623123411089, 81.48510190413072, 357.1223851411973, 138.5049952778217]
67 1 [284.5043976856396, 81.7315763104707, 354.2989961684419, 137.8607944155556]
68 1 [283.7880506524816, 82.92728849314153, 355.3995781339034, 137.5988593690525]
69 1 [280.6404446631204, 82.57305859215558, 350.4585272333109, 138.6393983617846]
70 1 [286.0685218982399, 84.19455538258626, 358.1436787701702, 136.1776405048875]
71 1 [288.2069848147221, 83.3963433162935, 358.2050170201536, 135.6507240314465]
72 1 [291.1153744179755, 78.2123142735727, 358.397658142506, 136.8985781189775]
73 1 [290.3168048635125, 79.50235496495588, 358.5904347411895, 134.2015087674402]
74 1 [288.5899275583215, 78.46027373895049, 356.3502480885206, 134.8366917444722]
75 1 [274.8627975997515, 80.78920350164844, 343.625140836701, 135.4096986469709]
76 1 [274.9229678111151, 79.97783992998302, 347.7159716596958, 134.915529600584]
77 1 [278.3426043060608, 75.14443532318546, 345.8881049975051, 128.9915414762649]
78 1 [281.4275843319483, 76.71788985595777, 347.7013658650669, 128.2729688466424]
79 1 [297.162925418932, 74.96321922854258, 364.7662955286623, 128.6456836883625]
80 1 [284.751780572813, 72.18233692214562, 349.4733079687982, 127.4254712700801]
81 1 [280.419069763273, 75.50679304624646, 350.3020623212681, 125.7430933708017]
82 1 [288.5173028144054, 70.28528845623805, 352.565860225286, 124.8768185880793]
83 1 [284.0295098391362, 68.00673761159851, 353.7489807953193, 119.6525335697492]
84 1 [285.3143336293288, 69.33129749015643, 353.4484962890516, 121.797200450835]
85 1 [285.7848631259985, 73.23132472798898, 355.633674688054, 125.1391358151077]
86 1 [291.9063584245741, 67.29731037269085, 359.8389822284188, 119.3371558739481]
87 1 [290.5238622468896, 77.12801531643345, 362.0259902869975, 129.413130663281]
88 1 [291.2396098645404, 75.90256887475698, 365.7262129757144, 129.4763958354591]
89 1 [293.3378198482096, 79.52063817285671, 367.2973233748223, 133.1203345220373]
90 1 [292.9586802395061, 75.07744985620229, 368.4698481981196, 128.9536362136067]
91 1 [295.6207923563197, 79.07532560626714, 371.5837412774264, 133.3128291421821]
92 1 [298.8254469605163, 73.33377274672239, 374.2965761846311, 126.0167632341666]
93 1 [311.1336767412722, 63.73352762066497, 381.533767842744, 119.7534652050863]
94 1 [289.5222308901139, 73.89632018969132, 362.1292538877918, 126.9399575800449]
95 1 [289.2053030868992, 67.92052284383681, 363.273396382781, 123.2753804051656]
96 1 [324.0969479056075, 60.84922525088041, 400.5757490667971, 113.8898755651164]
97 1 [301.7076762132347, 61.17256913427264, 371.3966205693688, 120.6803695874577]
98 1 [311.1190603040159, 57.46604487054719, 380.7616193278907, 114.1654002143361]
99 1 [314.7376752384007, 54.88881159328594, 386.8147340788694, 110.4543412137309]
100 1 [320.3751626349986, 54.91078496072441, 387.8214020289577, 113.9750890646601]
101 1 [320.567232735455, 56.87129985295906, 388.8879090302958, 112.8594148899966]
102 1 [290.6048487937078, 61.01974588806479, 364.7541500332989, 113.2884634938243]
103 1 [293.1261251047254, 62.66447282151057, 366.4569990377951, 116.2434667091058]
104 1 [290.9080729885027, 56.0123573433375, 366.4677964828966, 110.4129081676648]
105 1 [295.7056641911622, 49.5305110802874, 365.6446841990626, 107.7720945880492]
106 1 [296.0732140829787, 53.2379100074686, 367.230947798841, 106.909943546706]
107 1 [302.7446365398355, 53.38994953408837, 372.2875904080524, 106.8949825743181]
108 1 [307.6279641706497, 51.36160056792869, 377.7212279848989, 106.1359165101624]
109 1 [300.3762074601837, 52.24815973639488, 370.4700668570686, 105.8982526967426]
110 1 [312.9496677180287, 48.99497768934816, 382.5710951765822, 106.6850955154467]
111 1 [307.8064707359299, 51.33941117428913, 378.4602384920716, 105.378560344017]
112 1 [293.9653323702514, 48.35153139882459, 364.4345436175865, 105.0148497221414]
113 1 [307.9451345694251, 52.45950841903687, 378.5563131374342, 106.8641866216166]
114 1 [303.2905455930159, 52.17852778953238, 375.6075310086563, 105.1498697525297]
115 1 [306.1433180905879, 51.58875045121386, 377.4899781227243, 107.0732617105929]
116 1 [311.3560779131949, 48.94982563086523, 380.838554921184, 105.1108368429893]
117 1 [316.9499136665836, 55.01430432299821, 389.9406780221725, 107.9147030368038]
118 1 [321.7089288746938, 50.26820063578634, 394.8171354367362, 105.4064479770509]
119 1 [285.6527207577601, 53.12146027560084, 359.441495423605, 107.9365445828842]
120 1 [284.8581384932622, 55.49838107066898, 357.9883297250028, 110.7879652068195]
121 1 [297.2974146641791, 54.43074114375486, 369.09880142676, 109.481786846025]
122 1 [293.7254199171439, 71.18134143749921, 366.5958850996824, 125.3478402400503]
123 1 [293.3505831444636, 76.77741040463297, 367.8856647545284, 132.0521890515352]
124 1 [286.7562325084582, 76.40086982852517, 359.2923492592011, 129.8861646303718]
125 1 [289.9118513911963, 78.2868614488907, 361.0064967400677, 135.6444933547491]
126 1 [285.5622924417257, 77.09032696426584, 355.8963879120555, 134.7393254159532]
127 1 [287.2032705433667, 75.35300517209544, 357.8918878861388, 132.5800168293845]
128 1 [295.2528963116929, 76.18054276087059, 365.366754970514, 134.9065344660475]
129 1 [293.4220823384821, 79.64410887785925, 364.3976246289163, 136.7312339984607]
130 1 [293.1055330550298, 80.64569543801918, 366.1428716383342, 134.8625095212694]
131 1 [295.2929529845715, 78.81616902292444, 366.9567922854204, 135.047141714717]
