Panda 0
2 1 [59.66431999206543, 100.9602718651295, 87.73656074206035, 124.045535415411]
3 1 [62.21755999326706, 100.8935656286776, 90.39266186283152, 124.0230517799874]
4 1 [64.45161658525467, 101.7684687711299, 93.1566146132305, 124.9473077374386]
5 1 [64.44059282774106, 100.8811906315386, 93.22075577688035, 124.0998573866292]
6 1 [67.23015725845471, 102.4837085939944, 96.09700259106626, 125.7932002749192]
7 1 [70.15159625047818, 100.2482785321772, 99.08368084023779, 123.4074666308482]
8 1 [70.29113994026557, 99.85403265431523, 99.11829620992734, 123.2561388500452]
9 1 [71.13044212246314, 103.0079935975373, 99.77013882389036, 126.3886071829408]
10 1 [70.87565354490653, 103.1046280227602, 99.63473429017782, 126.4756152228393]
11 1 [69.79711798811331, 101.2818071804941, 98.39880751228603, 124.7582933389243]
12 1 [69.81025638105348, 98.90663849934936, 98.02266684642849, 122.6263589499954]
13 1 [69.64272909285501, 105.0551284514368, 98.12251117974321, 128.7128807555792]
14 1 [73.77604215266183, 105.2713713385165, 101.7440159577762, 128.9517460212242]
15 1 [70.64431171538308, 102.7555275894702, 98.79353013831542, 126.5321401911832]
16 1 [69.02668004157022, 102.6242662258446, 97.25384631620375, 126.6498081729922]
17 1 [69.91074444772676, 109.8867526836693, 97.62112402240052, 134.1203690027625]
18 1 [72.43407620908693, 109.8737990432419, 99.96641767320185, 134.0994447286549]
19 1 [70.80878790142015, 111.8180796080269, 98.30159540202214, 136.2632660488563]
20 1 [70.18730558874086, 111.7922606975772, 98.04241948046958, 136.2327676612663]
21 1 [69.27238594414666, 111.9242763877846, 97.2437669048521, 136.3563231752766]
22 1 [74.57114957692102, 112.9449912072159, 102.8261469190128, 137.4218421635884]
23 1 [77.78515874268487, 105.723420238588, 105.9934565523479, 130.0515522573702]
24 1 [74.27428947808221, 97.17695817956701, 102.378877981016, 121.3789614952988]
25 1 [70.31851040245965, 97.91421934077516, 98.36509147108801, 122.0493278409305]
26 1 [70.30978029407561, 97.92458079312928, 98.51719095150102, 122.3669348641251]
27 1 [73.32353966869414, 99.38035384868272, 101.4438834127498, 123.827833758578]
28 1 [70.28725581802428, 98.36607731436379, 98.50264807253501, 122.9881420512377]
29 1 [74.20795267261565, 101.9629961356986, 102.4740437257115, 126.8315433770299]
30 1 [79.60075634159148, 103.9755501851905, 107.6446555180413, 128.5638440741902]
31 1 [86.0655838791281, 107.4918822154868, 113.9743550796434, 131.9415944322918]
32 1 [93.09365456737578, 107.608337796526, 121.0059242518127, 132.5098547864212]
33 1 [93.04861600045115, 103.4684011109639, 120.8867810686244, 128.3308954137777]
34 1 [93.08314186148346, 103.8675607957412, 120.9041062212636, 128.6915106199595]
35 1 [90.56198787502945, 100.1207898177672, 118.4462689518113, 124.8737901004667]
36 1 [90.63654784858227, 100.3010049604345, 118.7023794683453, 125.4310086836475]
37 1 [91.25598126649857, 100.1445488922764, 119.0834496927005, 125.2133497090378]
38 1 [92.36734402179718, 100.38743684371, 119.7548362848424, 125.2589104711963]
39 1 [93.52669829130173, 99.47347483714111, 120.8036799007431, 124.0279876312588]
40 1 [92.86171278357506, 99.56733523239382, 119.9437536356129, 124.1957844979302]
41 1 [97.46550819277763, 102.6764564358164, 124.2306317662071, 127.3103297488567]
42 1 [97.49169371370226, 102.6869642913807, 124.4194476269327, 127.4174984728413]
43 1 [100.1859896564856, 103.3274235457648, 127.0004253081836, 128.3804928070395]
44 1 [100.263003773056, 102.1887390047777, 127.0943682866571, 127.3764203560702]
45 1 [101.1842240160331, 106.6605979830492, 127.8246453060117, 131.8889878203276]
46 1 [101.5630948906764, 104.5817275673617, 128.1930210783033, 129.9361830445812]
47 1 [100.959245688282, 102.6993910104502, 127.6885586913953, 127.7401529176791]
48 1 [98.65745813306421, 98.21151316468604, 125.3802377836518, 123.0481651662946]
49 1 [100.0998285477981, 96.21953594987281, 126.53721853258, 120.8386268722614]
50 1 [96.51390428002924, 96.16152326692827, 123.0635091533315, 120.8210536107824]
51 1 [99.10228086169809, 93.19804297317751, 125.8711751680023, 117.9985214405873]
52 1 [102.2664731806144, 101.2598370157648, 128.8810670589173, 126.1760765221068]
53 1 [109.2842863863334, 103.8326265655924, 135.9205059459744, 128.6260609040193]
54 1 [113.7073563402519, 102.3738053583074, 140.5783518651673, 127.1443417911445]
55 1 [120.3721443479881, 104.1929077648092, 147.2714131152863, 129.5197798480091]
56 1 [125.5695730512962, 102.2265207909513, 152.5057624187793, 127.4880392697638]
57 1 [125.3557545235381, 102.4144105606247, 151.9247274865845, 127.6737819808962]
58 1 [124.4194329073653, 102.0909485362936, 150.9099558418649, 127.1940755193855]
59 1 [121.1681170752272, 105.4658212207723, 148.051850414742, 130.5298571767524]
60 1 [127.4160168459639, 103.0921229266096, 154.1922013283731, 127.9044381306324]
61 1 [129.0739183118567, 102.2345765375067, 155.8881860731102, 126.8572345861932]
62 1 [123.64431080129, 105.5387100719381, 150.358524022965, 130.3194237469622]
63 1 [121.2654784014449, 103.0834799550939, 147.9073371418602, 127.692963569869]
64 1 [122.0438435664401, 106.8786276124883, 148.6896503076389, 131.2077555767006]
65 1 [123.8967571845278, 105.5188163958956, 150.2940378090879, 129.5338119764787]
66 1 [123.9503407469019, 105.7428887404967, 150.2732247582724, 129.5483256146059]
67 1 [124.6947398921475, 105.251909486251, 151.0531695455476, 128.9127706441403]
68 1 [123.1694559594616, 104.0673196532298, 149.7746525983517, 127.885628245441]
69 1 [117.1547474404797, 104.5746896632481, 143.8132204966228, 128.3241431712364]
70 1 [117.3273091679439, 104.1022808619309, 143.8220475043922, 127.9456763932244]
71 1 [119.8423736458644, 103.0533732541371, 146.2055585380991, 126.827371730743]
72 1 [125.1675545340404, 104.064608699875, 151.5420465104644, 127.6925298319584]
73 1 [129.2096581822261, 104.6704243191052, 155.6348311755529, 127.8765853299226]
74 1 [128.1620549326763, 104.4577305086423, 154.67714894752, 127.5957972407624]
75 1 [130.195201552473, 105.6857987709809, 156.5419571004454, 128.7356711927087]
76 1 [125.6537288790569, 104.9076660641003, 151.8572349971819, 127.6917073921816]
77 1 [128.4795598154888, 103.7588037021924, 154.5873141999054, 126.6206442664461]
78 1 [128.083490527235, 103.55412207474, 154.2974682059684, 126.4638963577103]
79 1 [127.9922574395314, 104.735635771649, 154.1603867214905, 127.8105706546425]
80 1 [131.5315777892247, 103.08729709615, 157.7482894590418, 126.3729255061897]
81 1 [133.1528308028355, 104.4603942774702, 159.3537181606704, 127.5780166936219]
82 1 [127.4634481305257, 104.0394690029789, 153.6272631910726, 126.953489036207]
83 1 [127.4741329001263, 103.8113323070575, 153.4344714648924, 126.575587521499]
84 1 [125.8193395780399, 104.0388436459471, 151.8221127410756, 126.6813119388673]
85 1 [129.2467721151188, 104.0715362282936, 154.7800961984816, 126.6144496802209]
86 1 [129.6153972866014, 104.5920921566431, 154.9662486475758, 126.9325090101701]
87 1 [129.1089439662173, 103.2303562762681, 154.3963681031582, 125.7037795861733]
88 1 [130.4224350424483, 104.2439163925592, 155.6059145487867, 126.5556083653216]
89 1 [129.6940536471084, 104.0977483617608, 155.0527082643268, 126.42039078313]
90 1 [129.3286295803264, 102.1255442129914, 154.5280141063699, 124.4059474351458]
91 1 [129.6112567605451, 102.503626115853, 154.7262643033702, 124.7620680626693]
92 1 [129.1727197440341, 102.59807667532, 154.2972176950642, 124.9890142201821]
93 1 [129.1559766368009, 99.34469947614707, 154.1777463304808, 121.5702261629176]
94 1 [126.5606935457327, 98.66716762282886, 151.3366764729048, 120.7258959260626]
95 1 [123.7764779762365, 98.31217205175199, 148.2951476931099, 120.0439394356939]
96 1 [123.7003010609187, 99.29018404730596, 148.1439115277049, 120.6946407467852]
97 1 [125.8300771214999, 98.33469000109471, 150.312904015526, 119.7394235279241]
98 1 [127.6075035431422, 98.6346058959607, 152.1570105771633, 119.9724805904547]
99 1 [125.9281928637065, 99.53347099968232, 150.6620835150582, 120.8698908681599]
100 1 [125.7551738084294, 100.3998898679856, 150.3293371035794, 121.6919236573858]
101 1 [125.961555107031, 99.41442696400918, 150.5499004098264, 120.8624501300296]
102 1 [124.4280580715276, 98.27846942492761, 149.048469877087, 119.5811613684354]
103 1 [125.8964687124826, 98.73478546389379, 150.5760447861148, 119.9837767258639]
104 1 [125.627419075463, 98.99049070873298, 150.3513237033085, 120.120993487302]
105 1 [124.515580853913, 98.56547435023822, 149.0454074856222, 119.8364289424863]
106 1 [125.8494836301543, 98.00914508500136, 150.5816559418671, 119.136609915849]
107 1 [129.2520367116667, 99.76104653277434, 153.8412812560171, 120.9082884704343]
108 1 [129.7487212480046, 99.84934832365252, 154.2864198102863, 120.8158208671718]
109 1 [129.1725952685811, 99.56550867320038, 153.7299076524696, 120.4976160272755]
110 1 [129.0909606111236, 99.25813451618888, 153.5911628999474, 120.1365798843431]
111 1 [129.0578088737093, 98.97960756183602, 153.6061402851078, 119.8935687197795]
112 1 [129.2360269888304, 99.67322346032597, 153.5963036197492, 120.6038859366829]
113 1 [131.2591165765189, 102.0396919494961, 155.8975355563598, 122.7596952247081]
114 1 [137.6591054662131, 102.482531050453, 162.280221589996, 123.2243830883645]
115 1 [139.2845933302306, 103.1669201946352, 163.5963341513634, 123.9412028407706]
116 1 [141.3906745775603, 103.0246471336577, 165.6609742415284, 123.7134489689271]
117 1 [139.6037547453307, 102.1978969743941, 164.0240429397987, 122.7940384308799]
118 1 [139.1655600233935, 102.0096378198359, 163.52711263277, 122.8334779644423]
119 1 [137.946304963436, 101.1686610451434, 162.3509051661685, 121.8815598457434]
120 1 [144.3718599542044, 102.2949965170119, 169.0185777883457, 123.0039561684841]
121 1 [147.5473676188849, 105.95149685652, 172.1743900636654, 126.9748636694137]
122 1 [148.9883616133593, 102.904093640158, 173.7419012653033, 123.8041870588213]
123 1 [154.4261784716509, 97.50206925184466, 179.2473186039647, 118.2361017212043]
124 1 [153.4788824184798, 101.2352614572737, 178.5449303482907, 122.0018906039956]
125 1 [153.6661659195088, 101.576001042733, 178.6804722033173, 122.2139816725513]
126 1 [153.5277866995893, 101.962923998246, 178.4109521949397, 122.5411365287803]
127 1 [153.9438569075428, 101.5626429265831, 178.7882525511975, 122.1026762032813]
128 1 [153.6076395041309, 100.3120370453689, 178.1035979894483, 120.7381539180792]
129 1 [154.2537991679274, 98.25680833519436, 178.9570498100985, 118.4060252207366]
130 1 [153.8501468724571, 98.11677227006294, 178.6762605789333, 118.2352125548319]
131 1 [153.9460874996148, 98.15285372850485, 178.9402054454201, 118.0716488265692]
132 1 [153.9524977758993, 98.94288230058737, 178.8350835817269, 118.9655402678874]
133 1 [162.3197782591451, 97.63268113252707, 187.3144669194421, 117.5547208243]
134 1 [165.9588081196416, 101.1088937532622, 190.9204485418699, 120.9653146550846]
135 1 [164.6492670432199, 92.90963900205679, 189.8137484278359, 112.791837325875]
136 1 [169.1212519065011, 91.00865465519019, 194.0469283122197, 110.7337364697951]
137 1 [173.4138073578943, 86.36684054252692, 198.3538338755388, 105.8699076644396]
138 1 [177.9273349896539, 85.94589533028193, 202.7038577677591, 105.4685600078659]
139 1 [183.119677509414, 85.1077107351739, 208.0911463959429, 104.7726930961197]
140 1 [185.0942108884919, 84.23265318688937, 210.1817811280955, 104.043012529204]
141 1 [185.044704842614, 85.47026305017062, 209.8523138840088, 105.503564379659]
142 1 [185.0904889937956, 81.94194690999575, 210.0339946263005, 101.8321154220727]
143 1 [184.5561388221104, 74.80404298123904, 209.5243198855641, 94.72229891790485]
144 1 [186.9429851260502, 74.69184369710274, 211.9333634555552, 94.38298280332252]
145 1 [187.4399641689379, 78.11880702641793, 212.7637097242371, 97.76094912491377]
146 1 [185.4016439255793, 78.35484562185593, 210.6034501442803, 97.91302098744023]
147 1 [188.3597209986765, 75.3149711873848, 213.5224688637864, 94.89346166555768]
148 1 [189.688850247534, 75.3363305341918, 215.0761492413669, 94.58362168178475]
149 1 [189.332874083193, 75.38898411323316, 214.5752698025636, 94.63167844939868]
150 1 [189.7172344115097, 75.11749958922155, 214.9490863580499, 94.38341459899723]
151 1 [196.7659194853623, 75.52978421677835, 221.8637999086558, 94.77957466790335]
152 1 [197.7717113879044, 75.09205123712309, 222.9763143578946, 94.23141383445133]
153 1 [197.4217713561375, 75.03825239394791, 222.3853573052967, 94.12904183017196]
154 1 [199.1263566699345, 75.50817215000279, 223.8056311776609, 94.62093122289392]
155 1 [198.5727289256174, 75.27979570929892, 223.0533314520963, 94.27250738337708]
156 1 [198.4305563692469, 75.09654285316356, 222.7924103725296, 93.8833751720294]
157 1 [190.4244650129695, 77.16396810417064, 214.9069561482108, 95.77526284576379]
158 1 [185.3085575823207, 75.97926597599872, 209.6828775909549, 94.646031900895]
159 1 [181.9461364273448, 73.99251495604403, 206.4094907856061, 92.7283266052568]
160 1 [185.3627922062296, 73.58228928153403, 209.8686956789785, 92.41105953444739]
161 1 [185.091734444024, 72.38112366502173, 209.5562347153621, 91.08801205498162]
162 1 [182.3360332597513, 71.1930088729132, 206.6906190976993, 90.14565681414719]
163 1 [182.6620160241146, 71.18652319023386, 207.1231815112421, 90.17953475495742]
164 1 [179.3206623692531, 69.8390122265555, 203.9458454434061, 88.87064591568968]
165 1 [178.2981057662983, 66.83187039801851, 202.8835862038276, 85.85210016907844]
166 1 [182.6755474109668, 59.47956212470308, 207.2726247556967, 78.57102965426174]
167 1 [185.9389786024112, 59.42574693681672, 210.6337334462516, 78.41519525001219]
168 1 [182.9449788827915, 61.07721968414262, 207.6075895878271, 79.96322067336747]
169 1 [183.2202307705302, 60.21394767286256, 207.7374043100763, 78.92714363639608]
170 1 [183.0624958139379, 54.41356338979676, 207.4853449039079, 73.06063586574931]
171 1 [182.2496767800767, 56.29971941234544, 206.786660253308, 74.99167414813047]
172 1 [179.2768827837426, 55.47944803955033, 203.9645344415116, 74.19172589305937]
173 1 [182.2344493430574, 54.68496762635186, 206.8393842914467, 73.42944527764837]
174 1 [180.8101109724958, 54.35656365426257, 205.5182868224632, 72.91328867234716]
175 1 [182.1952846210916, 53.00156369479373, 207.0992594756118, 71.67176448460957]
176 1 [183.0708284538705, 54.0807030168362, 208.107233490902, 72.91822433986668]
177 1 [182.380599872442, 54.13156859623268, 207.4199878679966, 72.7757118218033]
178 1 [182.5151255291421, 54.05256075458601, 207.3301770880819, 72.73620932603814]
179 1 [182.5087886867113, 53.29286778764799, 207.5044741996374, 71.88857084656547]
180 1 [183.118882026989, 54.12893933849409, 207.9830351234795, 72.63032021014347]
181 1 [182.8013114077039, 53.2231450160034, 207.5298604758779, 71.51679843512386]
182 1 [183.2321121287532, 53.57890593307093, 207.8347452388078, 71.74813363782735]
183 1 [182.06871085288, 53.16275709168986, 206.6085657838906, 71.44300389321226]
184 1 [182.3264031228609, 53.57160478131846, 206.9692937521994, 71.83472050521282]
185 1 [181.4112465498038, 53.67433554353192, 206.1880430162485, 71.91979460771637]
186 1 [182.0209656772204, 53.15782282175496, 206.5147200875506, 71.56798717335278]
187 1 [183.1599604603835, 53.54289505304769, 207.6075297955784, 71.81527547180639]
188 1 [183.0083876778372, 53.01933706225827, 207.8054672943019, 71.22298307364584]
189 1 [183.4357034494169, 53.70625606598333, 208.0343142910839, 71.76668806087159]
190 1 [182.3865855564363, 53.16873726667836, 206.8790435009638, 71.23585245262747]
191 1 [183.7660896410234, 53.54289702000096, 208.1976242628003, 71.515206204618]
192 1 [184.5813645948656, 53.08858687104657, 208.9709648678187, 71.12454254930317]
193 1 [183.4365566601045, 53.47783029498532, 207.9687163066296, 71.51272379610349]
194 1 [182.8848841120489, 54.13923380197957, 207.3084170213075, 71.98214964312699]
195 1 [183.229078583885, 54.17965775961056, 207.5354506583782, 71.8572186846931]
196 1 [183.2707969001494, 53.65866771573201, 207.6024235259344, 71.41711209765263]
197 1 [183.0301517001353, 53.36083187395707, 207.1891882677904, 70.93146376286322]
198 1 [182.576200698968, 53.02962400997058, 206.7682495547433, 70.5855467208862]
199 1 [182.9674558243714, 55.09016563976184, 206.8023686329837, 72.63832339149393]
200 1 [182.4660150161944, 54.45344422245398, 206.3699910284281, 71.78058053784724]
201 1 [182.560223070439, 54.6098932386376, 206.3930651550325, 71.88121800390685]
202 1 [182.5880394889973, 54.59554252913222, 206.2139842944087, 71.85002161784399]
203 1 [182.1731609418057, 54.15175343444571, 206.1137072957463, 71.26239313056986]
204 1 [182.3384662545286, 54.16427634842694, 206.1197936766181, 71.29170178209428]
205 1 [182.2294809273444, 54.54451000876725, 206.1126195738706, 71.74281807347612]
206 1 [183.6298745921813, 54.28913411684334, 207.4740762259598, 71.59158858812779]
207 1 [183.6048405324109, 54.72423732466996, 207.433187782388, 71.82062905386276]
208 1 [184.0526412730105, 54.5117364320904, 207.9816724874744, 71.51323189857024]
209 1 [183.7021203865297, 54.67234159819782, 207.5478818504564, 71.8213524236493]
210 1 [183.0703594018705, 54.10545225255191, 206.8924808699819, 71.34248391159622]
211 1 [182.4835798223503, 55.80054326169193, 206.3226993416325, 73.17037245918027]
212 1 [182.7699038465507, 55.64366774074733, 206.5682948603645, 73.06574922648002]
213 1 [182.6765326415189, 55.94016343913972, 206.5332586895685, 73.33713243112014]
214 1 [182.4935441729613, 55.73977055214346, 206.3031976591355, 73.18282273739065]
215 1 [182.3046273407526, 55.58102480508387, 205.777758170872, 73.0320460476872]
216 1 [182.7962834057398, 56.42831165529788, 206.4837620757567, 73.92554738224895]
217 1 [182.6986184981652, 55.93691446818411, 206.4447318250243, 73.60151970487904]
218 1 [184.2854185369797, 53.43340530432761, 207.8287207096508, 70.98851112277524]
219 1 [185.0658652749844, 54.50758173502982, 208.6719516224888, 71.86921220649117]
220 1 [194.7844340768643, 54.3201853018254, 218.6640126455907, 71.56674310140309]
221 1 [199.9739370313473, 54.51692551188171, 223.7985437065062, 71.60038506611565]
222 1 [199.6983574223705, 55.448186872527, 223.3822236846, 72.51926311200407]
223 1 [200.1406633448787, 56.45167779736221, 223.822939532457, 73.75318766419929]
224 1 [199.1743127000518, 56.2612654324621, 223.038105610071, 73.56095839130026]
225 1 [199.3017905396409, 55.76247956417501, 223.2305329391434, 72.98254866854134]
226 1 [199.6178978127427, 55.0581391658634, 223.5671919280666, 72.35541603624895]
227 1 [199.7322623212822, 56.04097493551672, 223.7848843074319, 73.22873974359361]
228 1 [199.2869457979687, 56.21788275800645, 223.2844562718373, 73.17187547395506]
229 1 [199.4905317653902, 56.68460943363607, 223.4554756824248, 73.51259335495534]
230 1 [199.4781809779815, 56.27660087309778, 223.3248587456872, 73.13690735085771]
231 1 [199.5105720772408, 56.19693520851433, 223.5000215456806, 73.11742819570006]
232 1 [199.2935217558406, 56.66659362800419, 223.3529883005352, 73.65398622502873]
233 1 [199.4092117673717, 56.61239325255156, 223.3125978032429, 73.74520664237126]
234 1 [198.8409287012182, 56.42112001031637, 222.7155060258303, 73.4977542493527]
235 1 [205.6744627035223, 55.88148454576731, 229.4414685758013, 72.94887416145402]
236 1 [208.6320852315985, 54.94600818306208, 232.4374793201466, 71.91801723947415]
237 1 [208.9400854161941, 54.33323191851378, 232.9959548666504, 71.34044657055847]
238 1 [208.7704481347464, 54.23104382306337, 232.7097957153304, 71.32417890133132]
239 1 [209.3649893119, 54.6821578964591, 233.2656044152625, 71.86280796602526]
240 1 [209.6016184403561, 54.27611669152975, 233.382863391729, 71.44171312669963]
241 1 [214.9857485606335, 54.0905979052186, 238.550304958223, 71.27840247926955]
242 1 [223.2150998427533, 53.22268826514483, 246.7471647914993, 70.31099217759663]
243 1 [227.976806552615, 54.32353023439646, 251.6406072711517, 71.50967541376278]
244 1 [226.5453244759701, 54.53312455117703, 250.3934010862713, 71.90362323300751]
245 1 [226.3092506765388, 54.5337558498868, 250.1285148969237, 71.84881133747163]
246 1 [228.7278613089584, 54.20315090178337, 252.3865569536429, 71.67721582681332]
247 1 [228.4942392273806, 56.06563195942727, 252.1492431858151, 73.47640398439688]
248 1 [228.8935350789689, 54.36769888161507, 252.3973387495966, 71.91615723155006]
249 1 [226.6037657870911, 54.44256174920884, 250.2090144648001, 71.97866366683805]
250 1 [225.1788932993077, 54.38749456203368, 248.8921738893223, 71.8434602188872]
251 1 [225.5132734565996, 54.39327070229047, 249.1038220921353, 71.82487604050071]
252 1 [229.5130511312746, 54.28110680096143, 253.1969441410164, 71.70330366639354]
253 1 [229.9101139544509, 53.44186791889661, 253.6192737919814, 70.77857548238681]
254 1 [229.6037515266798, 53.21751121543639, 253.2584723322179, 70.43198953397388]
255 1 [229.4176603010856, 53.59871382378333, 253.0968935012863, 70.8348216176329]
256 1 [229.9149194560014, 53.29674103223078, 253.66041352967, 70.73033855240867]
257 1 [230.9372739992105, 54.04500488303893, 254.6467408933056, 71.67393611096645]
258 1 [230.8765415507369, 53.70403927676671, 254.671519949472, 71.32373929260265]
259 1 [230.4892399567179, 53.76358120441728, 254.4523483094235, 71.50222576733971]
260 1 [230.8075651931576, 54.21170403361612, 254.8382336155559, 71.77576900125291]
261 1 [230.9104544068687, 54.17030795123719, 255.0446920581732, 71.6314882146394]
262 1 [230.7072595949285, 56.40051181819581, 254.8337589196096, 73.80356373485714]
263 1 [231.9339433009736, 57.28160102870606, 256.174687307449, 74.88367561406875]
264 1 [231.5655942405574, 57.35056244414591, 255.7828869788945, 74.86997765893106]
265 1 [230.9231996829622, 57.23180522602343, 255.2477220912176, 74.50102540239524]
266 1 [231.7881725723855, 57.52482770961069, 256.0963740214991, 74.73452285713395]
267 1 [233.5519858892076, 57.74634491484903, 257.9242296052054, 74.78473387613832]
268 1 [231.5370931322686, 57.06953059714579, 255.9652733013855, 74.07663386227864]
269 1 [233.328547149431, 57.32365870308422, 257.6499132326097, 74.26448083740185]
270 1 [232.7194859678857, 57.21275390889787, 256.9920824373309, 74.23975531358781]
271 1 [231.5351260895841, 56.75419080462598, 255.9831225677543, 73.64604422059105]
272 1 [230.7542138989084, 56.73537423946254, 255.1621789194129, 73.71826858932154]
273 1 [230.4884833837859, 56.02797648050182, 254.749096597574, 73.0939830620043]
274 1 [230.9993795151822, 56.20353050269478, 255.1707260334467, 73.25408016420975]
275 1 [229.3502184743993, 53.02137203254097, 253.7650250001614, 70.0423271063087]
276 1 [230.2145536239259, 53.33179785050743, 254.6379101139742, 70.55375333159826]
277 1 [229.7939000125043, 53.78132436909073, 254.0210329774115, 70.86897902806938]
278 1 [229.0221645529382, 53.31629638113373, 253.1344091295163, 70.37228930462132]
279 1 [229.9064206476323, 53.13722506650083, 253.9900273380835, 70.06549529375354]
280 1 [229.7030934686773, 53.43263594545715, 253.750349738629, 70.28361607825789]
281 1 [229.0533319110982, 54.10040393211239, 253.079174759888, 70.92373406205351]
282 1 [229.1299510723911, 54.0983082032908, 253.0768811491112, 70.77372888795817]
283 1 [229.6315432465635, 53.89126261092315, 253.5820544104189, 70.60439722046174]
284 1 [230.6877706921659, 55.27461575485359, 254.7584341005681, 71.92757698742383]
285 1 [230.1349307126366, 54.04432027555595, 254.0204372392165, 70.73431381446956]
286 1 [230.5049403063022, 54.27411059803853, 254.5696130938125, 70.93828253981057]
287 1 [230.8044559261762, 54.04758550740371, 254.8067128103702, 70.56288403563184]
288 1 [229.9377139410935, 54.33602025128494, 254.1103942023042, 70.82604995159097]
289 1 [229.1229299209081, 54.14109681315313, 253.2466071166534, 70.53908675524083]
290 1 [229.8416590294801, 54.0599473281909, 253.8801627819204, 70.47481543778774]
291 1 [230.0834232694469, 54.4649183764268, 253.7755071983376, 70.90489560468664]
292 1 [229.6573906219564, 54.63856136940012, 253.5303413501556, 70.97433249900996]
293 1 [230.3241910911165, 55.7226127996255, 254.1560968001411, 71.97068474871904]
294 1 [230.3265922760475, 55.69555524225871, 254.3523791383949, 71.99065280808615]
295 1 [234.0339565968025, 57.2757355892245, 257.9678532226976, 73.69872273560524]
296 1 [235.8520177697646, 57.17897948111931, 260.1046935504065, 73.55469203729248]
297 1 [235.9456926343846, 57.11508224393765, 260.1736204780443, 73.44589969842191]
298 1 [236.5158490894246, 57.05052611093561, 260.6539524802575, 73.28726466704954]
299 1 [230.8947247026372, 54.11755916338007, 255.1829704293807, 70.35705691958746]
300 1 [230.6849139539409, 55.30111321668665, 255.0299853272354, 71.5037733737241]
301 1 [230.9776872826624, 54.09098508815805, 255.4404665932824, 70.26681654016245]
302 1 [230.7449966205168, 55.01302474598924, 255.3304376417358, 71.13992745588067]
303 1 [228.7120658291387, 54.13885009150545, 253.3449820245932, 70.16022146592115]
304 1 [230.2525963319349, 55.50692653517763, 254.963591411053, 71.56559816203406]
305 1 [229.9100434167194, 55.75461327146331, 254.543403902956, 71.82172418139879]
306 1 [228.0277090055752, 54.58690356324951, 252.5981752207621, 70.7098808201541]
307 1 [230.0201348645496, 57.77982842038909, 254.4205865385492, 73.97759004778811]
308 1 [228.1901181919384, 54.54114257406036, 252.7424149502784, 70.87243386707704]
309 1 [227.4290875179577, 54.2207374409918, 251.9517081800564, 70.378113736874]
310 1 [227.7334106175113, 54.82775384049455, 251.7565235773662, 70.97382390338838]
311 1 [224.7833465544391, 54.60315882276336, 248.7381171126294, 70.77358163432359]
312 1 [224.4251622615266, 54.74156616117398, 248.6043266805809, 70.76458730925231]
313 1 [227.5087456164765, 54.12483073260228, 251.6707690308761, 70.22647070872792]
314 1 [225.1671367345261, 55.10924381997029, 249.320154990503, 70.92481022945499]
315 1 [224.1446787474561, 54.77179517086188, 248.4537134823199, 70.56416076898663]
316 1 [228.3320018408704, 54.6180771910731, 252.7338459530442, 70.41930858961293]
317 1 [228.6519647670793, 55.16631579633395, 253.3422675529131, 70.82158559226943]
318 1 [228.7215086465585, 55.02017398412863, 253.5724676841923, 70.62594021229485]
319 1 [229.4969534223783, 55.1453298577253, 254.1579238016296, 70.87211810528441]
320 1 [229.0426919555175, 55.05661851029436, 253.86107570505, 70.66691652400908]
321 1 [229.2021081654239, 54.85225999962131, 253.8238429645948, 70.69710391608371]
322 1 [228.9193496910739, 54.46784821759502, 253.7403644177425, 70.27837108127916]
323 1 [229.6823235360789, 54.88608623157779, 254.3384621237514, 70.72739442970681]
324 1 [229.0828642157721, 54.5462714717869, 253.8119441681454, 70.40835193042037]
325 1 [230.5091782120871, 58.06744292240182, 255.2973241559874, 73.83707783501021]
326 1 [226.1752412823844, 55.1904261396412, 250.8817631746464, 70.9910983590413]
327 1 [225.6381204781937, 54.76307169954816, 250.3658377613904, 70.29388475804339]
328 1 [228.3749769983697, 55.24586766819994, 253.3369391900559, 70.79780886824999]
329 1 [226.0018514452386, 54.76768880944292, 250.9328290027829, 70.24793186420814]
330 1 [225.8420986739802, 54.78857355752552, 250.9328357385389, 70.28773170730925]
331 1 [228.9142676202464, 55.36816262641514, 254.1680788066163, 70.70084133492725]
332 1 [229.2965468672919, 55.16302996316517, 254.7649386170555, 70.36102492189878]
333 1 [229.0908575339126, 55.11729284843023, 254.406714713483, 70.48614191912014]
334 1 [226.585755853157, 55.30023768638785, 251.8845015737593, 70.79636196826651]
335 1 [226.6766730939853, 55.18534087111766, 251.9948791256856, 70.68500034344724]
336 1 [227.0352435579407, 55.34444053565676, 252.5151676680562, 70.70940695127983]
337 1 [227.166360641073, 55.07102649753506, 252.8595084153274, 70.4423174198908]
338 1 [227.7692929750192, 55.41124092882092, 253.1865040297165, 70.73265408817028]
339 1 [227.068048695277, 55.54796145950968, 252.2075402860623, 70.9576325544478]
340 1 [226.0354683196056, 54.35663159286196, 250.9764318589834, 69.8465671472775]
341 1 [225.2244089936721, 53.14681209718401, 250.1017923633357, 68.74932695898598]
342 1 [225.966106170963, 54.24654613529856, 250.8045937154726, 69.91871563398023]
343 1 [226.0339355153847, 54.08655996715243, 250.838526365817, 69.66242692272672]
344 1 [228.4744993133354, 53.30532448088343, 253.2444510018197, 68.89306942555992]
345 1 [228.2295562086511, 51.16200701986963, 253.1649012082901, 66.76095860008479]
346 1 [227.4922333566356, 56.03445141112024, 252.122567986771, 71.79977061191515]
347 1 [227.3081183491158, 56.09731804860348, 251.8735493327622, 71.82823101320227]
348 1 [228.3959623334813, 55.42658116949315, 253.1091231856516, 71.09041648577127]
349 1 [229.7998365221429, 56.21014874709363, 254.1938238350422, 71.84127778571045]
350 1 [228.9248566685128, 56.07056393010134, 253.2952357586566, 71.68903599566875]
351 1 [227.5789743421483, 59.2283157287311, 251.8801178302305, 74.86474589055669]
352 1 [225.5391456244397, 58.11829622370715, 249.9096366609738, 73.86236808497441]
353 1 [225.8749406246352, 58.01764982847089, 250.3589746465761, 73.67635518483166]
354 1 [229.7506772188353, 58.19079408702964, 254.2735285276107, 73.83854508941489]
355 1 [229.1788827834535, 69.83984313068504, 253.7023201580089, 85.56595052994801]
356 1 [230.3661521432805, 74.16962013301964, 254.767957952793, 89.96526668339524]
357 1 [230.5748510269332, 74.52765672562236, 254.9534691845927, 90.24285936319978]
358 1 [230.1233512071776, 74.62416907680745, 254.3211854477756, 90.32874528806372]
359 1 [232.752260079782, 76.31647577417607, 257.0557593265605, 92.17383112270358]
360 1 [230.8936526683974, 74.92372720969433, 255.2166519375171, 90.93239153206665]
361 1 [230.582308395009, 74.33133309615369, 254.9750873972588, 90.36669050082386]
362 1 [230.7548903731513, 74.31269232324848, 255.2496920098856, 90.27979304347959]
363 1 [230.0806080607581, 74.13352475083957, 254.5420014880316, 90.13045796708425]
364 1 [230.2639597004163, 74.45492873854528, 254.4577570646484, 90.27828852342427]
365 1 [230.397923769604, 74.86865871913324, 254.6145979347548, 90.45325321257647]
366 1 [229.4943289479124, 74.79493921577523, 253.4564190371827, 90.20038805664558]
367 1 [230.793769003998, 74.65147107421944, 254.7159534766149, 90.04732457448843]
368 1 [235.924313428055, 74.62461201987753, 259.6468249335332, 90.09315788179526]
369 1 [229.9930959960329, 76.41499672971258, 253.7699576344755, 91.91573289695886]
370 1 [228.7224041243899, 76.68069666765223, 252.5572481325064, 92.1217679061579]
371 1 [228.2426193376887, 76.83638762451301, 252.0784223227968, 92.16428338841844]
372 1 [228.0243334790575, 76.94937705389748, 251.7892084854132, 92.40349379986091]
373 1 [228.6252902319538, 76.70632470540295, 252.4411730426149, 92.11794595316368]
374 1 [228.5025933517027, 76.85299727089296, 252.2376281036651, 92.33325817459544]
375 1 [229.7614230645704, 76.9472748949338, 253.3240522447779, 92.38055218619395]
376 1 [229.4052821455407, 76.53527328513155, 252.8612382617343, 91.75532244531624]
377 1 [229.018316140573, 76.7456145077158, 252.4010895207151, 92.01189408012635]
378 1 [230.6340094713378, 81.68846652797947, 254.0241822813313, 96.77015251050572]
379 1 [227.3601713089156, 76.85775122932682, 250.743345570234, 92.05089667279751]
380 1 [228.1977980939555, 76.8897184557427, 251.5058090754313, 92.14217963131844]
381 1 [229.3709507195163, 76.89617296333017, 252.5310175539274, 92.00919768010091]
382 1 [231.421939751308, 75.22962030048075, 254.7776410550165, 90.27431980137772]
383 1 [230.6134073344874, 75.94774242515268, 254.1940654104571, 90.94094224907379]
384 1 [234.1288928596187, 75.59196659947338, 257.6841016725115, 90.49943038070416]
385 1 [232.6257641522097, 77.98506137753429, 256.1914128822062, 93.01651957565196]
386 1 [236.9757135121035, 74.58049020195904, 260.3755755358782, 89.57160880235323]
387 1 [235.9620824066806, 74.15106934333744, 259.0893161857004, 89.16901435862512]
388 1 [235.9507727648015, 74.32369936654868, 259.1686187898903, 89.23952247699394]
389 1 [235.9249192259158, 74.39527557815018, 259.2386188603203, 89.44868039139593]
390 1 [233.6010882041301, 74.67564114207926, 257.0104558284476, 90.00816344261115]
391 1 [234.8216530761565, 74.80433919678035, 258.4005433062519, 90.08119357894329]
392 1 [234.2139090380515, 74.99695095072093, 257.8863039854061, 90.23606146823221]
393 1 [233.76378005062, 74.93925282383862, 257.400750428281, 90.40624998580252]
394 1 [231.2056348255719, 74.67618330592813, 254.9380827381929, 90.09394250592007]
395 1 [234.6230477026547, 74.654722950203, 258.33378941401, 90.16840390813837]
396 1 [237.8505004576291, 74.89576884989219, 261.6308607090396, 90.34866743295734]
397 1 [234.1205680302228, 74.67946366850811, 257.966608955447, 90.05020479369142]
398 1 [230.7233081987943, 75.20331071202236, 254.838501742157, 90.42826796832279]
399 1 [230.2396878532018, 76.47553644959407, 254.5966415151849, 91.67998282230816]
400 1 [236.6235720447148, 74.44182388369518, 260.8664227142115, 89.66348208225203]
401 1 [234.0648882320966, 74.22323316965776, 258.1556428687433, 89.49363641420499]
402 1 [235.2542443505372, 74.14443544555979, 259.4223205596265, 89.42708171503956]
403 1 [237.7178236476029, 74.93584902097064, 261.6860958854152, 90.27624381428025]
404 1 [234.2812501422013, 74.6240549634822, 258.3616252761938, 90.06240041087452]
405 1 [235.0901764861192, 74.62081590796879, 259.1503374816903, 90.31672084183035]
406 1 [233.8411274484242, 74.90384667123726, 258.2119993064666, 90.55808433677223]
407 1 [229.573036246642, 76.8211898108857, 254.0125709839643, 92.52731248383662]
408 1 [229.7551446488942, 76.44735333080462, 254.0215787565154, 92.2027887120743]
409 1 [234.0614927342976, 77.39419412369898, 258.3102039284835, 93.0932942389301]
410 1 [236.6557065180386, 74.97359883542231, 260.6458304842963, 90.56448471970732]
411 1 [237.1830374381389, 75.02217291983834, 261.1132425192352, 90.50914771616274]
412 1 [236.5894544801558, 75.046454625568, 260.4818659496885, 90.63679037208492]
413 1 [236.7800943410839, 75.33241172357521, 260.526381957822, 90.95194118195798]
414 1 [230.8519278324093, 77.48917491956672, 254.5837254687415, 92.95053199436123]
415 1 [230.6269690177287, 77.57733479923627, 254.2069211373045, 93.17714781429251]
416 1 [231.6457839391078, 77.73190546444675, 254.8418999893486, 93.25409708924876]
417 1 [230.4710086665, 77.96826266161224, 253.6777221142726, 93.15820874616325]
418 1 [230.8039518303121, 77.98796203256643, 254.0552843927994, 93.19854845629817]
419 1 [230.6963660350884, 77.83549206228054, 254.0682922749523, 92.96107581458661]
420 1 [230.8088121830369, 78.66104872793949, 254.188058990971, 93.90300661208354]
421 1 [230.9198515458847, 78.95633356542385, 254.5759463201485, 94.1118624694476]
422 1 [230.7057675241376, 77.63735781879223, 254.2188578835752, 92.9110904130626]
423 1 [230.0699480443145, 77.41896268249548, 253.6565257012398, 92.72834524094378]
424 1 [230.7814600883867, 78.93117030979192, 254.2283041779952, 94.42342972846657]
425 1 [230.4435648291255, 77.31403859973943, 254.1371329726701, 92.70183033422953]
426 1 [229.617111143365, 75.17098310113943, 253.216060724892, 90.47764640120775]
427 1 [230.8086248307372, 75.45550405503309, 254.3923363982633, 90.70631127381037]
428 1 [231.7808418243076, 76.91611161352193, 255.6325413494472, 92.0929859942664]
429 1 [234.8463467328693, 75.02201106668508, 258.8881000444115, 90.07510458510221]
430 1 [234.0459280877258, 75.46909306467569, 257.8858957354921, 90.52478568709046]
431 1 [235.1238133876468, 76.81926361740625, 258.6115656813791, 91.80591335742997]
432 1 [235.0650603926624, 76.7146025699476, 258.5354772441285, 91.70989573202884]
433 1 [235.2004976316239, 76.15046883643663, 258.4665042633241, 91.02140617439669]
434 1 [228.7594130082871, 77.66977752269304, 252.0392995530836, 92.35297346518784]
435 1 [230.3540179177071, 77.34149248422182, 253.6145044529804, 92.10539936161806]
436 1 [230.768084202602, 77.83591229737795, 254.1230853846144, 92.52036018275622]
437 1 [232.9700009568478, 77.58862241626775, 256.4136169006206, 92.14113670427696]
438 1 [231.5815241678502, 77.97141056777036, 254.9297043925021, 92.42687040254921]
439 1 [230.8929526104475, 77.692368338714, 254.3487447343083, 92.1211398655326]
440 1 [230.1867289437796, 77.62966682472325, 253.7202801860451, 92.1989580131572]
441 1 [229.7017894877936, 77.90938327171898, 253.2525864183872, 92.47283758945162]
442 1 [228.0740852250601, 77.92501635792723, 252.0395960794484, 92.41659737320364]
443 1 [229.4791907264735, 77.44630838873854, 253.5201465003849, 92.03332554545671]
444 1 [228.9697636856581, 77.83588905575743, 253.0658464368632, 92.45789989466368]
445 1 [229.0037828187342, 77.42368534150592, 253.0429329436188, 92.07429039192091]
446 1 [229.3891865263577, 77.64788359346858, 253.4063062485585, 92.36651830127676]
447 1 [229.1975887591834, 77.48465617689362, 253.401366096249, 92.23221467511068]
448 1 [222.9953831012244, 77.22913993838301, 247.2291689752593, 92.13978726301322]
449 1 [222.6772134776111, 76.66453601363173, 247.121009348905, 91.74855269601136]
450 1 [222.509526273876, 76.81608515921107, 247.0152147528744, 91.99096738640635]
451 1 [222.6953121076222, 77.37245899382106, 247.2567199602136, 92.35720480367064]
452 1 [225.0838360438938, 76.61646890583506, 249.9269601396803, 91.53849664941126]
453 1 [225.9526641617413, 75.71167057695857, 250.9090610400635, 90.68506049371835]
454 1 [225.8597502174671, 75.95191290917865, 251.0056858196851, 90.89883763231293]
455 1 [227.888943082362, 75.38206070604792, 253.0797305204117, 90.23869130209762]
456 1 [225.4740503492649, 75.98956683221331, 250.7761385035307, 90.73096827434988]
457 1 [225.5068681069533, 75.99786259735993, 250.8166019293921, 90.69065597262281]
458 1 [226.4996417292277, 75.71686041112116, 251.9052856112478, 90.50422301319549]
459 1 [225.0126657315414, 76.86631402130297, 250.4519125528806, 91.68616615403866]
460 1 [225.6736418285291, 76.87257072156353, 250.9695932204738, 91.76468507880117]
461 1 [222.7763194718282, 77.93621831959172, 248.1727528229034, 93.02171731233065]
462 1 [222.7521613656427, 77.08066445415898, 248.5700137228533, 92.06036384532507]
463 1 [222.0115738182212, 77.98773085897847, 248.0527709753421, 93.07028776643139]
464 1 [222.9004442064907, 77.20042374556942, 248.9137200815211, 92.37490274984148]
465 1 [222.9420890134643, 77.99006920879765, 248.5923668177211, 93.25672902403849]
466 1 [222.881307542033, 77.76315980231448, 248.5208535180011, 93.08845726244545]
467 1 [222.3976246115635, 77.71830441629572, 248.2615243375073, 93.0594788869314]
468 1 [222.9309773591231, 76.32055040275736, 248.6358969658843, 91.71462450364427]
469 1 [225.4746284630965, 75.81540497219248, 251.192058701174, 91.16013692490228]
470 1 [225.7771166858147, 75.87542894309445, 251.4276904677624, 91.15061585989328]
471 1 [227.0486770567368, 75.99213704293652, 252.6851546510517, 91.18677452427738]
472 1 [225.7157731351326, 76.43927134400292, 251.1472419247641, 91.50097937935655]
473 1 [225.769052663527, 76.7294216958253, 251.1846849022276, 91.81955839519313]
474 1 [222.1329975516419, 76.16092217540427, 247.5090367863382, 91.28629581362975]
475 1 [222.9997506231885, 79.09252459382697, 248.3012562914513, 94.10051755185107]
476 1 [222.8995371588389, 79.84924379563017, 248.056401665472, 94.92791674255183]
477 1 [222.9332362820278, 78.04466072296782, 248.1880924893993, 93.0051926334688]
478 1 [222.9050998843159, 78.74917077099963, 248.2759530415347, 93.60148846078238]
479 1 [222.1684148169006, 76.55586015259905, 247.3099606154395, 91.3182982828753]
480 1 [221.8593921518768, 76.68265664404316, 247.266350172277, 91.47488659881282]
481 1 [222.7848977601971, 76.33401343798323, 248.2154624836399, 91.07227251864239]
482 1 [221.9849783635582, 76.98421702360793, 247.5005061712557, 91.6999362812309]
483 1 [222.880001113459, 76.59081908142252, 248.6530585002855, 91.31531889534091]
484 1 [221.8573311424698, 76.84597427224799, 247.6372586970716, 91.66018029121574]
485 1 [222.5622054791893, 76.58712293034478, 248.1365668423394, 91.50924351286096]
486 1 [222.5421781062032, 76.31201775943919, 248.0096120382442, 91.0122988986942]
487 1 [222.8342546193744, 76.98613904988451, 248.1806446426242, 91.87858354267549]
488 1 [222.940803472593, 76.67365499412699, 248.1196191169375, 91.64774327199565]
489 1 [222.56300977309, 76.41040503060503, 247.7306664746969, 91.48044825377194]
490 1 [221.4417831941391, 76.96623419797106, 246.6100076045474, 92.13583924484429]
491 1 [222.5632700367714, 76.7844217998354, 247.8464514211599, 92.01879515990059]
492 1 [221.9555664106156, 76.70190194634779, 247.3763842143745, 91.82382467414406]
493 1 [222.7911455972935, 76.51719864098413, 248.0089808827317, 91.67889794606361]
494 1 [222.7880146292155, 76.7439741158305, 247.7347660695963, 91.75795195027628]
495 1 [222.714453147084, 76.60963823659404, 247.6107519427478, 91.63467525244079]
496 1 [222.973192842037, 76.55434431893809, 247.4555947698407, 91.67413781193369]
497 1 [222.395604566962, 76.21198206408008, 247.0358973290683, 91.37831194354516]
498 1 [221.1936609310214, 76.62786880893691, 246.0001815447711, 91.82245025533285]
499 1 [222.3874012989109, 76.50386161370261, 247.2193773674613, 91.70026176711494]
500 1 [222.0782769781654, 76.79151847226603, 246.9402848483954, 92.12438537898436]
501 1 [222.5920236271923, 76.92635684100969, 247.2753978774563, 92.35549362260592]
502 1 [222.218487107486, 76.82590444771631, 247.1672932298636, 92.20720147239652]
503 1 [222.8509985742276, 75.44007705537661, 247.5809935117271, 91.03133437225874]
504 1 [222.6008778673713, 76.81129508106096, 247.4536194788778, 92.55524605961648]
505 1 [221.6365260941093, 76.78835789825826, 246.436281203031, 92.39781419335175]
506 1 [222.0701131832902, 76.7549976582086, 247.1608388985423, 92.42929987556182]
507 1 [221.834042490751, 76.50001540280937, 246.8173229870062, 92.22732693510558]
508 1 [221.1630667609279, 76.78748477496265, 246.3236032934996, 92.38164954151122]
509 1 [222.8605919641559, 76.44885881491064, 248.4226854698381, 92.02599945660751]
510 1 [221.6897838574951, 76.57524198912142, 247.4711735231407, 92.12087324568577]
511 1 [221.3281583574717, 76.42871838681458, 247.1628044987462, 92.14064538776779]
512 1 [221.4636745763128, 76.71727546177863, 247.2970067918457, 92.36638512617149]
513 1 [227.2034066033666, 77.76376791916846, 252.9986109338798, 93.17850610776928]
514 1 [233.5333240342443, 76.49938361965178, 259.3633907795601, 91.88020579654651]
515 1 [235.5563267183607, 75.07091554127692, 261.1276143321001, 90.3512337262226]
516 1 [235.3990306270425, 75.5159669729328, 261.1901072201991, 90.89710302340349]
517 1 [235.7974383545225, 74.77270964406489, 261.302986568459, 90.37712235970317]
518 1 [235.9606532429461, 74.51497617982386, 261.3504464744866, 90.20644082198045]
519 1 [238.5748890017276, 74.7209861936426, 264.2200451081805, 90.33070514071878]
520 1 [246.1629713152652, 72.80277991913317, 271.6564813335922, 88.56820455081999]
521 1 [249.862810430408, 72.08167531214713, 275.5126354554806, 87.90975728890415]
522 1 [249.1354463969474, 71.60680343829154, 275.0084907331866, 87.31439948406901]
523 1 [249.7035580699449, 71.58398833930551, 275.8079276899853, 87.26909458099694]
524 1 [251.1239538614755, 72.59250089585839, 276.933049649278, 88.16952761052642]
525 1 [251.2952849243884, 72.78683393508254, 277.4187233395032, 88.28367812697374]
526 1 [251.3915822182898, 71.55185934215842, 277.3801440744906, 87.2334286989036]
527 1 [251.5205865030293, 72.72967033892928, 277.6199041931782, 88.39090165748786]
528 1 [249.778738332272, 71.31256025344192, 276.2708631871666, 87.0258598796387]
529 1 [249.9646986213629, 71.25142888225673, 276.5244714522718, 87.1411486877777]
530 1 [252.1158728090231, 72.99404452242015, 278.9759422665559, 88.79298507222076]
531 1 [252.0668433358078, 72.66133070983051, 278.9895420684712, 88.38766471351431]
532 1 [248.7098792244797, 72.43692141272186, 275.5982496072866, 88.06444799231446]
533 1 [250.2303602148895, 72.26056191198586, 276.9275782481067, 87.80547888703805]
534 1 [249.5102757413988, 72.03538051866053, 276.1379493054835, 87.72356686466492]
535 1 [251.3390410740976, 72.12775548979698, 277.8063528230356, 87.77224020322545]
536 1 [248.5200903614168, 72.02051007807313, 275.1695020224573, 87.53792744104634]
537 1 [249.027159829915, 71.58458678484021, 275.6015427700757, 87.19165906763391]
538 1 [249.2359338377719, 71.57289418498112, 276.1769085087671, 87.19851826591457]
539 1 [249.3293241758947, 71.7244827143295, 276.3206717723665, 87.36231740851902]
540 1 [249.1559617419844, 71.40874715069367, 276.3290116935619, 87.06723401312192]
541 1 [249.1228877523099, 71.61283909449412, 276.4302522347359, 87.42264586362393]
542 1 [247.5462808230077, 72.12036543259455, 274.6971432267332, 87.90653886150741]
543 1 [247.0528870889102, 72.22918606096937, 274.2546887711855, 87.94789907105962]
544 1 [245.2745505043422, 72.31622571604385, 272.6630888998135, 88.04252416922007]
545 1 [245.5842590549146, 72.45226589324011, 273.0907875352174, 88.06198915372855]
546 1 [246.4716447510873, 72.35787860037817, 273.7520196967643, 87.88489469644117]
547 1 [248.2696210065042, 71.73896602274908, 275.4513276115737, 87.29090075384903]
548 1 [249.8545690694009, 71.86537018524541, 276.9665446585165, 87.46596996471544]
549 1 [249.8130789029528, 71.44194553898706, 276.828649779881, 87.12330476287855]
550 1 [251.6573393571307, 71.89376548038854, 278.6377162274939, 87.49520132455309]
551 1 [251.5879513475229, 71.98679468141927, 278.7795565419279, 87.55531230103848]
552 1 [251.5369943606784, 71.88940125810041, 278.9266765384779, 87.41767973463783]
553 1 [248.7052357423236, 71.42580932484998, 275.8193538706581, 87.11067705378856]
554 1 [247.8187904286315, 71.45791711857601, 274.5604110205015, 87.1401051557006]
555 1 [247.51227862417, 71.67624101987167, 274.3356599975632, 87.24535635038455]
556 1 [246.1306093710591, 71.42013927748485, 273.132920918031, 87.06684163382046]
557 1 [247.6069999414613, 72.02921851923748, 274.8974987479271, 87.6735623874845]
558 1 [248.4042820113828, 72.41071746697708, 275.7881052491948, 87.96778335108871]
559 1 [247.1888537484338, 72.69965867897554, 274.5495436417472, 88.37161321631096]
560 1 [256.0147390443017, 74.82922034164949, 283.5244079031299, 90.59525534616648]
561 1 [258.6874276477029, 74.79046013312473, 286.4721757923938, 90.57451141681058]
562 1 [258.5863821174135, 74.92911895098223, 286.5253237751794, 90.7540414572718]
563 1 [257.8401760573615, 74.44491889061465, 285.7520001131576, 90.22828024796513]
564 1 [257.7738556622644, 74.49840332860185, 285.3951023103487, 90.00770917780442]
565 1 [257.566735258617, 74.70293864155246, 285.3144925242845, 90.12907569096996]
566 1 [258.9436629026313, 74.71083264811023, 286.8889292390196, 90.09889583582786]
567 1 [257.2791501491447, 74.82167674614175, 285.1052097471098, 90.25582057444795]
568 1 [257.4235266766627, 74.80623271375953, 285.2255464741511, 90.12930243988636]
569 1 [254.020062359341, 72.50929101616202, 282.0005476588869, 87.87529171304104]
570 1 [254.5829918257077, 72.17235820055066, 282.4136870092135, 87.76692640418125]
571 1 [253.5864333382924, 72.46368320345937, 281.2664219973991, 87.92564210675867]
572 1 [254.9222484401544, 72.88782744169293, 282.3853273114994, 88.28726414428293]
573 1 [251.6205356887658, 72.09816847801267, 278.7322844408642, 87.47966543649993]
574 1 [251.0988337419112, 72.00008999615966, 278.1708421517468, 87.26309623164971]
575 1 [255.3788983247359, 72.13867292985378, 282.4451672929721, 87.36861304967214]
576 1 [254.1009919366916, 72.07924288384675, 281.2973142796532, 87.21822797417714]
577 1 [254.2602037175675, 72.38657077275275, 281.6863397255073, 87.51340998052883]
578 1 [252.1543171986123, 72.56364291407226, 279.5415623118903, 87.61050527359116]
579 1 [255.0736165030976, 72.14721020557045, 282.4693000064024, 87.25997963441323]
580 1 [248.3795917018433, 72.22051255278348, 275.4818571747535, 87.39818343294161]
581 1 [247.2973829492112, 72.00960685931204, 274.7296423185736, 87.18778185862747]
582 1 [245.547935365059, 74.96890451632498, 273.1662956506915, 90.2254281491617]
583 1 [245.9626226260443, 74.74163213990687, 273.571460111877, 90.05319448799946]
584 1 [244.4555898740073, 74.91445044301509, 272.301260248288, 90.2301426570082]
585 1 [246.4640809132834, 72.73904517911433, 274.3432649165084, 88.10283284624279]
586 1 [246.0290358199854, 72.65454376548587, 273.8649702139097, 88.18482616543705]
587 1 [251.0668541326304, 72.17613410264312, 278.8612801555278, 87.70658616415192]
588 1 [249.0276487602969, 72.30920257106482, 276.6637800242643, 87.73188173664424]
589 1 [251.0157040490885, 72.20033452346979, 278.5948147262978, 87.52416474117145]
590 1 [248.7956786288996, 72.65468423500715, 276.1892999142759, 87.9638985121623]
591 1 [242.8148932590266, 74.85112570658384, 269.9507960217362, 89.97443238427525]
592 1 [247.6597119703074, 72.21698223486601, 274.3887339229447, 87.28281445863041]
593 1 [247.2589336170931, 72.92953636184393, 274.1574419931576, 88.09510867843086]
594 1 [247.3996861226042, 72.1240117742127, 274.5446000260704, 87.22609056113548]
595 1 [246.8997683174093, 72.93653817907034, 274.0517028782955, 87.97772833224951]
596 1 [244.3219474799116, 74.02230863705336, 271.5835706463577, 88.99818178290165]
597 1 [242.5732548481901, 74.72628814414202, 269.6180809696614, 89.69886815444244]
598 1 [242.6768549031694, 74.94792189136206, 269.3996738050161, 89.81855868269577]
599 1 [243.2141150481184, 74.4507437391585, 270.2813162329903, 89.46561243987355]
600 1 [242.2581237203558, 74.24776473328529, 269.3085437940054, 89.23609313746879]
601 1 [242.6536998844822, 74.46295603796898, 269.5959046009735, 89.46135397828948]
602 1 [242.8073622419615, 74.44799534663616, 269.841187860521, 89.55474944203904]
603 1 [242.546786999621, 74.06426730439125, 269.7259305555824, 89.01334617145263]
604 1 [248.3758762835641, 72.97724666878639, 275.8218708269356, 87.71666703425792]
605 1 [250.8198967336793, 72.56005704090057, 278.0866934720992, 87.28359248765383]
606 1 [245.8338425516267, 74.92466622278153, 273.1474379393371, 89.68581752337553]
607 1 [250.0806023239275, 73.91747536942421, 277.5779246350336, 88.4915668157918]
608 1 [252.1564509629388, 73.94848983608245, 279.5439984120935, 88.58426585805417]
609 1 [251.2094132959028, 72.55064078293799, 278.3015528442955, 87.12238449968938]
610 1 [247.7266664563795, 73.88650103531836, 274.6964304950131, 88.56138867139836]
611 1 [247.5386815129896, 73.62820044033288, 274.7859092009148, 88.38101712051895]
612 1 [249.1939996539732, 73.81098728500365, 276.654323222059, 88.31445678033175]
613 1 [251.5421289860387, 73.30708237610816, 278.4892744189201, 87.71032606432767]
614 1 [253.60123849503, 72.94201200328826, 280.592060824892, 87.42131309943498]
615 1 [253.828626876988, 72.70061705879925, 280.5975482816999, 87.33672942658578]
616 1 [251.5950664936681, 66.11378620438336, 278.4857299558947, 80.70463053560371]
617 1 [247.2451232134481, 65.06759862475155, 274.694228987159, 79.5042429171988]
618 1 [244.332475072064, 65.21568870417832, 272.2533037572736, 79.53314770004484]
619 1 [243.3521870433469, 65.02021753661393, 271.0577711059326, 79.36125435244497]
620 1 [243.6247123985668, 65.33622051648854, 271.5660681827196, 79.71324235449718]
621 1 [244.9728003054042, 65.73258390896081, 273.2506164888603, 79.98519625541782]
622 1 [246.567062964954, 65.00862672798394, 274.8920314500774, 79.22426926624634]
623 1 [245.7103450208088, 63.2227298902726, 274.3380924510684, 77.44425335504285]
624 1 [245.7122365083196, 63.88597933821438, 274.6195695760864, 78.07701759350456]
625 1 [245.5496830302873, 63.46560065321683, 274.316239801538, 77.78455357915654]
626 1 [238.9246210414567, 60.46607200674771, 267.7499216277144, 74.71841119114929]
627 1 [234.5435863095918, 60.67113705597876, 263.5172405167585, 74.92454367427138]
628 1 [233.0994418818154, 59.53755103670119, 262.0428820990326, 73.74372326766688]
629 1 [237.9448867994943, 60.41927593074797, 267.1801608222459, 74.67162812679084]
630 1 [240.4812948662438, 61.60296704493521, 269.5536348020946, 75.83899070734148]
631 1 [243.1557919937768, 62.54655753694533, 272.1839977099094, 76.86534407777907]
632 1 [244.9367934424081, 61.66879355035781, 274.1353619594043, 75.98834257379204]
633 1 [240.9532198864617, 61.37303557120322, 270.0384265062683, 75.8545348763691]
634 1 [245.3431048351922, 65.12688114367484, 274.6879506901356, 79.71516130125885]
635 1 [244.4252698976197, 65.16748627334891, 273.662126757504, 79.83919910798296]
636 1 [243.8792612362304, 65.16146852578095, 273.3200098986382, 79.82999114202222]
637 1 [243.814584806154, 65.07813448774687, 272.6778280989101, 79.80265408816837]
638 1 [242.4266776289442, 62.19935370552412, 271.5494231124247, 76.91621849520139]
639 1 [236.6662275042036, 63.19458932745329, 265.444514970678, 77.90740134866681]
640 1 [234.16368518729, 62.03191412556043, 262.7789636249719, 76.81667936310387]
641 1 [233.1575489785173, 62.18778883609048, 261.8466144618873, 76.96188853077557]
642 1 [240.6409321572282, 60.9262144187378, 269.3013403429538, 75.59761768070688]
643 1 [248.5902815606096, 62.94581856521836, 277.407594518008, 77.70743380710586]
644 1 [253.4702093150117, 61.09120549949876, 281.8043034195522, 75.9241040628017]
645 1 [255.9795572902658, 62.65500058922044, 284.3367626834579, 77.48171169271993]
646 1 [254.6455569710233, 62.47587808909884, 283.1720245699247, 77.31514399068215]
647 1 [256.1510281409719, 59.33512613120547, 284.9004723486955, 74.32325873082847]
648 1 [255.2509281482198, 64.4900364572095, 284.1707521831863, 79.62146095427198]
649 1 [257.4253472532728, 63.31229573431483, 286.4978810473692, 78.40097441882729]
650 1 [257.6610166202881, 63.51796928736439, 286.683535550554, 78.60985649659931]
651 1 [259.492537296901, 63.02540779802075, 288.0823586505806, 77.9700723720445]
652 1 [257.2165913950303, 64.68004358503094, 285.8850391982809, 79.54961081314092]
653 1 [257.1596017624834, 64.3979774335312, 285.5850096928878, 79.25156853644846]
654 1 [257.6564074005582, 64.87092522474995, 285.7959956858974, 79.75504149422663]
655 1 [257.6438904209645, 64.15999320837727, 285.8220152731587, 79.04619890033818]
656 1 [266.7234890862019, 63.38701374027005, 295.1605721569833, 78.18372389716456]
657 1 [267.0755273653776, 60.08281404468289, 295.3537284401021, 74.76857735659169]
658 1 [266.0916247917921, 60.15189527663461, 294.2701470613421, 74.93413174407888]
659 1 [265.8346972643049, 64.01054262313119, 294.0483347406758, 78.78042335763112]
660 1 [265.5393134086044, 64.07764141204825, 293.5772909172572, 78.95497403272942]
661 1 [266.7771189837367, 65.0533323133277, 294.7925536799359, 79.99247969019103]
662 1 [270.1040652422817, 59.6613747918891, 298.5364030247788, 74.63198791899865]
663 1 [268.8681238918216, 59.06350195351115, 297.4355061228897, 73.94397044337386]
664 1 [268.9332570182742, 59.11967013160756, 297.6036173455515, 73.84721444347208]
665 1 [270.1969541358412, 59.1228547005594, 298.7456574331168, 73.88567137367467]
666 1 [267.6075508045615, 65.19045781182649, 296.3831227248888, 79.90480521894219]
667 1 [266.7529999958933, 64.31029718207719, 295.9144672234244, 78.95942635189797]
668 1 [265.919363175577, 64.05388734328153, 295.2118636319785, 78.65981519793178]
669 1 [270.9531438695849, 59.37193272101285, 299.9773719858599, 74.06186300803471]
670 1 [273.037747060007, 60.23855248677137, 301.8944265327839, 74.85548224066883]
671 1 [270.1407256471575, 59.09062398063543, 298.9231674560436, 73.49420547339788]
672 1 [268.3224032270373, 59.09498086596432, 297.0095884576912, 73.43086276287781]
673 1 [268.0632505836547, 59.14902360017004, 296.6497784732612, 73.35716687169641]
674 1 [269.435860228783, 59.683961220333, 297.7923846180012, 73.76783174702345]
675 1 [269.2620457085432, 59.0534374939889, 297.3169224233093, 73.14192805577426]
676 1 [269.4032160351635, 59.36214533472958, 297.3401260511292, 73.46240667169542]
677 1 [268.5621588836075, 59.19285422588291, 296.3772432934279, 73.20882394613116]
678 1 [263.9329440007568, 59.63183966303768, 291.8356991115008, 73.68413694121836]
679 1 [263.446860493219, 59.13129055524769, 291.4524236726901, 73.24608945030066]
680 1 [263.9545315811993, 59.40658368195, 292.0618040411862, 73.39149514219285]
681 1 [263.9052083390416, 59.37505546330067, 292.0967713023694, 73.28428760105919]
682 1 [261.8254105942906, 61.01216784237477, 290.1774060355504, 74.99191857240689]
683 1 [263.4345478909672, 60.86843513442727, 291.5544071605476, 74.91895694487954]
684 1 [268.6882332461537, 60.27028021706792, 296.3182745735455, 74.33482498714611]
685 1 [268.3585644336999, 60.75346211089345, 296.037338425356, 74.73812605679933]
686 1 [267.4688164266408, 60.10822383059713, 295.3154902590557, 73.94627811604235]
687 1 [268.3361265929998, 60.08541255794989, 296.0845863589771, 73.94971931052234]
688 1 [272.0958608659566, 59.70732734703051, 299.6083336245324, 73.45381567937734]
689 1 [272.5800959291519, 59.51605014853703, 299.6710971344887, 73.29829085024375]
690 1 [270.2975199642242, 65.09646003298985, 297.2524525479581, 78.89569384399457]
691 1 [267.0956637086929, 65.27289327212202, 294.1061473041722, 78.97955706725153]
692 1 [264.785455090052, 75.90277441569197, 291.6665303024492, 89.62361953829823]
693 1 [260.9663445773185, 81.19653626509535, 287.616120245639, 94.90807066586801]
694 1 [260.2507709535421, 80.91877134867536, 286.5695911359086, 94.48090103396727]
695 1 [260.2891951343627, 80.81271998934972, 286.8110000565484, 94.45112917404205]
696 1 [260.2319686292321, 81.41103123479115, 286.7505033346589, 95.06627990806035]
697 1 [264.9423711179406, 82.36369760685193, 291.6249002190372, 96.12526582617352]
698 1 [262.457992541662, 84.3846603816055, 289.2986967411873, 98.14888933014302]
699 1 [260.1524749277742, 84.9066125338577, 287.0173428252913, 98.76736608000357]
700 1 [260.0839001024724, 83.10488976888883, 287.3855006770558, 96.96828236959293]
701 1 [259.1572597409249, 82.31558226399648, 286.5182985537116, 96.10578426114452]
702 1 [259.4754040400148, 82.90775858216512, 286.7223072413925, 96.47494691528223]
703 1 [259.5203611516045, 82.59100342147576, 286.7761201666424, 96.13816147449484]
704 1 [259.3990448378609, 83.29755203776585, 286.8879640866444, 96.89282711625067]
705 1 [265.0801423453377, 84.93707965665089, 292.5057922133721, 98.65553520667727]
706 1 [265.5069114380167, 83.13188450389134, 292.7053806772006, 97.01120796652639]
707 1 [265.9979064725922, 85.88815860800969, 293.0099827343709, 99.76682943612373]
708 1 [265.4277452342794, 84.75301458292233, 292.3394612277319, 98.5156861219336]
709 1 [265.8540594243095, 85.46417440824735, 292.7519850973345, 99.2247524840764]
710 1 [274.1266665123985, 76.39894022398221, 301.0450217803431, 90.07081666293139]
711 1 [283.5699898861931, 80.80078460626828, 310.3092504128416, 94.49943544515531]
712 1 [282.9430864714668, 83.39549370460736, 309.541436750396, 97.17042464190024]
713 1 [282.7992883287952, 84.30840473227727, 309.486583865783, 98.09449064872398]
714 1 [282.4443289004848, 83.69732657425629, 309.1164764837747, 97.6427180451791]
715 1 [282.4183766646893, 83.9882784148358, 309.0148538631389, 97.90475620624132]
716 1 [282.5974478340359, 83.70909990720975, 309.62087357515, 97.77903042943933]
717 1 [283.4702995336265, 83.89671928786265, 310.5492540460178, 98.01182452955318]
718 1 [282.6500389790745, 82.92188320659625, 309.681584287011, 97.00270396904389]
719 1 [282.135069913289, 82.97745072633552, 309.001536782658, 97.11225173283351]
720 1 [283.6785295671434, 83.88702437073516, 310.7026276671033, 98.01317241219913]
721 1 [282.081663197896, 83.4404916891508, 309.0810780274825, 97.41295303564777]
722 1 [281.5882393783541, 83.75366429031419, 308.8117576772808, 97.73097931814955]
723 1 [283.3556400603266, 83.66218713835406, 310.6780101054399, 97.5726247281857]
724 1 [281.5840336746187, 83.94922460780072, 308.9532707713236, 97.8495730040373]
725 1 [283.2545372313471, 82.90224872693943, 310.7301127470948, 97.116055474733]
726 1 [281.021641857049, 83.49738490745949, 308.227232570815, 97.79636414169707]
727 1 [281.8980395263643, 82.78155620560574, 309.1780037709161, 97.16724540065225]
728 1 [280.8818751639337, 83.95485170350003, 308.120198551556, 98.44134851744236]
729 1 [281.8225353425951, 83.58763513878512, 308.7693760227178, 98.31394947392683]
730 1 [280.8780904776068, 83.58255286609347, 308.0165669374268, 98.25373182480591]
731 1 [280.7481131880195, 82.91737227236445, 308.2448678364908, 97.60655017570096]
732 1 [281.506715747586, 82.47054682766611, 308.5751476366339, 97.06218303373726]
733 1 [281.7095485954196, 83.79255999719317, 308.795266275945, 98.33068493729213]
734 1 [282.9305862514884, 82.70554329549486, 309.6003010357445, 97.44369593248383]
735 1 [281.1971053211601, 82.57835236286337, 308.2708660792282, 97.48668186293747]
736 1 [281.1615968049155, 82.75858992432768, 308.0859829656583, 97.6283634635671]
737 1 [282.5288456082926, 82.3512922385853, 309.6159330802741, 97.12053649535849]
738 1 [281.7692896128283, 83.9192277649563, 309.0652165670003, 98.66010411404851]
739 1 [282.240149304329, 83.78663104122097, 309.6931137552039, 98.47039219849199]
740 1 [281.7701413930045, 83.58373048996145, 309.4578231971213, 98.19502129441943]
741 1 [280.5383965373621, 83.89199797903711, 308.1772042958834, 98.44186080013935]
742 1 [282.1611646414385, 83.82001958695764, 309.7314597083198, 98.46165139238309]
743 1 [280.7067458332167, 83.7873438885581, 308.3863278227959, 98.46587468232019]
744 1 [281.3135490865097, 83.63652035874839, 308.9609790798622, 98.26766393804715]
745 1 [280.4374712259159, 82.97627708596701, 308.1617823594308, 97.49654784424344]
746 1 [281.1068429500447, 83.67036903185363, 309.0337421513117, 98.12612549786206]
747 1 [280.3351032883511, 83.63559131139482, 308.1863637585317, 98.1986650976524]
748 1 [280.6942813173519, 83.88244756871427, 308.3769043026401, 98.38223509209909]
749 1 [281.6910792366252, 83.43555439823831, 309.3204344976536, 98.02387917912498]
750 1 [281.794332392572, 83.62702455931867, 309.5220014612087, 98.35267394767338]
751 1 [280.9794345573173, 83.77758932301367, 308.8303171988868, 98.56822290187688]
752 1 [280.7960564867244, 83.41243662872876, 308.7444387272565, 98.17545475080843]
753 1 [281.1505879909382, 84.41810595431889, 309.4769310439843, 99.25916467199515]
754 1 [281.1637399597676, 85.80517494121159, 309.3843992270848, 100.5397604958153]
755 1 [281.0161315156729, 83.72292172351445, 309.1343004275951, 98.41833252114452]
756 1 [281.5614671214134, 85.98243945279683, 309.5557385549239, 100.7054442187718]
757 1 [281.5087004593224, 83.51962208190525, 309.1824878816345, 98.20619979309755]
758 1 [282.9750397196622, 83.2933507058915, 311.1538999694693, 98.01416210855807]
759 1 [282.5914218268008, 83.83861031570996, 310.7680775135784, 98.43275327509961]
760 1 [279.3935413202853, 83.88038090990449, 307.514628583274, 98.37398369429454]
761 1 [279.4016605946817, 83.77045287565852, 307.6085493075799, 98.26409122913074]
762 1 [278.7983490857878, 82.72679649667407, 307.1790931359318, 97.2545969764963]
763 1 [280.0921221706667, 83.83253805713321, 308.9109748665422, 98.52403713187012]
764 1 [280.4473735797801, 83.70810950921441, 309.081116976034, 98.54433305137951]
765 1 [280.1097425404587, 83.54345020653273, 308.5918876602487, 98.2829030993788]
766 1 [280.0490460838773, 83.45112450422312, 308.6052855449335, 98.33900995011965]
767 1 [282.9863875355222, 81.37486530841852, 311.7437629584751, 96.30825543061582]
768 1 [281.2115084971883, 83.94184590877558, 309.6133708427065, 98.89608112375532]
769 1 [280.2373548593023, 83.19314275683428, 308.6041506644518, 98.18594429963912]
770 1 [283.200304254482, 82.22598414124514, 311.6357644397296, 97.26708648837769]
771 1 [283.2793479427346, 82.2153659665637, 311.6567836832271, 97.23675427137678]
772 1 [281.628892646695, 82.5790714079194, 310.3264030453061, 97.44677757542344]
773 1 [278.9770156606683, 80.37739909232187, 307.6008639520226, 95.13589720647056]
774 1 [278.8931062217453, 80.93677749276685, 307.5053124418827, 95.64502941912539]
775 1 [278.3046087320545, 80.67512963504123, 307.0340992362962, 95.32156882079173]
776 1 [279.5797343846061, 80.97611702770519, 308.2713829843178, 95.67206860702798]
777 1 [278.8281794186332, 80.85571807414817, 307.6885474702165, 95.48544866959595]
778 1 [278.3946662243106, 80.82555596042948, 307.1473179500223, 95.52961512935283]
779 1 [282.1727199848392, 80.06829584647494, 310.6364358396398, 94.84883394101999]
780 1 [283.270852475951, 80.52152671922522, 311.6524632090404, 95.32420688394095]
781 1 [282.6967796381214, 80.10978331674414, 310.901636930771, 94.74390898452884]
782 1 [283.7764341231086, 80.79781686772185, 311.796804065987, 95.34637603102415]
783 1 [282.1177587505081, 81.23172144104319, 310.1024740765046, 95.82125234710685]
784 1 [282.1344177718856, 78.20201436687785, 310.2139998779649, 92.6119701736479]
785 1 [282.8390302803018, 80.9476329486497, 310.6825039383243, 95.5231178873519]
786 1 [282.3213246460655, 80.66824388761597, 310.101843345013, 95.30241799503963]
787 1 [283.0251243557432, 78.9020623590477, 310.7616825463649, 93.48784809414269]
788 1 [283.7960117902258, 78.03594255704957, 311.5588400858412, 92.5464379809238]
789 1 [282.7728688563802, 80.91312492151337, 310.428810342929, 95.3922883335436]
790 1 [283.9871763135889, 80.79086090509372, 311.783947199683, 95.22946362537265]
791 1 [283.3551241304376, 80.73080905039387, 311.4493260133606, 95.18032389084542]
792 1 [282.3541040565469, 78.78336079676228, 310.9887595530884, 93.0639807224884]
793 1 [282.4067211854854, 78.34174460430222, 311.2156951497573, 92.59299866360162]
794 1 [282.7145771789947, 78.31599882036971, 311.7234593235675, 92.65979035229273]
795 1 [280.9118587780395, 78.62410700858163, 309.8232861890592, 92.89826443440965]
796 1 [280.9431669605547, 78.17842172623205, 309.8243758308467, 92.43786219487724]
797 1 [279.1847214592272, 78.52233081102895, 308.0242091082577, 92.75828964703808]
798 1 [281.9130127919489, 81.71854799032735, 310.7416264837287, 96.04599801271795]
799 1 [279.9701030147844, 81.880292670583, 308.334217477502, 96.22279271671999]
800 1 [280.5862073195749, 81.8469978512876, 309.0923605364259, 96.21415787748857]
801 1 [281.9653994632536, 81.7943347448163, 310.3687610562982, 96.00129504367062]
802 1 [281.3133236063295, 80.95634246409463, 309.7965983158753, 95.32903506325781]
803 1 [279.6044903887087, 80.68557849318313, 308.1897045720208, 95.08726467579537]
804 1 [281.9508854044252, 80.78612332210469, 310.3962823481453, 95.25653644447658]
805 1 [280.6594440532499, 80.83422107972729, 309.0407209887526, 95.36358344688422]
806 1 [280.7101385132992, 81.81411723770725, 308.7238384865285, 96.3791722642689]
807 1 [280.1014738069498, 81.35485193111526, 308.0988100321671, 96.01185287604662]
808 1 [280.1887092297548, 81.61368570454943, 308.358418436467, 96.17968807570951]
809 1 [278.8706074362272, 80.91735929973947, 307.2320372904396, 95.44096673973861]
810 1 [280.0134846275323, 81.98127145298349, 308.3685650294153, 96.57426373417565]
811 1 [280.2038897057646, 81.80640023179876, 308.0951058261156, 96.38308378197415]
812 1 [281.954970397579, 80.85898616143095, 309.6028244794362, 95.50419773691363]
813 1 [280.2630903502577, 81.99162366219389, 308.2563956118436, 96.6534807535038]
814 1 [279.2661209484213, 81.86860315107333, 307.4585605591749, 96.58600826438544]
815 1 [280.9503609915846, 81.4029062648915, 309.0284891169052, 96.07939950127519]
816 1 [282.6863147398108, 80.64812415443885, 310.8933905787964, 95.12747759456977]
817 1 [282.0709384312504, 79.82082226478087, 310.4302916813298, 94.32656096978087]
818 1 [282.029030016216, 80.52668343090045, 310.4268374084926, 95.06376789845683]
819 1 [281.7932486222708, 80.53668820533494, 309.7670682557397, 95.09809505875134]
820 1 [283.6811518357717, 80.84168601456622, 311.7382415124117, 95.31892809995685]
821 1 [282.907111911627, 80.59094164941052, 310.8709248592355, 95.04688096206454]
822 1 [282.7428616458201, 80.83184342506866, 310.6860344971964, 95.35392174199605]
823 1 [282.7856782568269, 80.5130407554243, 310.5151926011869, 95.12503537708214]
824 1 [283.544083316403, 80.85540908995608, 311.00900051115, 95.49473298058402]
825 1 [283.1188059789711, 80.63949899795989, 310.2237465448951, 95.23138188366245]
826 1 [283.5211431426578, 80.97956175032596, 310.2598339687453, 95.78311237688274]
827 1 [284.6456142110401, 80.4748401981924, 311.2324265323251, 95.44675309053635]
828 1 [283.6981864614063, 80.86560975435714, 310.3279595649065, 95.88723600082619]
829 1 [283.2170886886888, 80.49393616292218, 309.9384126422222, 95.47395971679087]
830 1 [282.9948547524982, 80.68390118006209, 309.5734087189268, 95.66777835162768]
831 1 [283.078695996257, 81.08044137481193, 309.655211870727, 95.99286478538075]
832 1 [283.1647368525737, 81.08431474446843, 309.5222164559632, 95.77168849805999]
833 1 [284.2188761090511, 81.06696602377633, 310.7167883111149, 95.8940908300174]
834 1 [285.3780159806483, 80.26462959918717, 311.980350597886, 95.12701731787809]
835 1 [283.5185649251216, 81.00199956867436, 310.0220340110977, 95.8355921517454]
836 1 [284.7363414620631, 80.36145519885758, 311.237881723386, 95.0370982463202]
837 1 [282.8832186316722, 81.03528609547357, 309.5445382979188, 95.82905864377436]
838 1 [282.6980024991208, 81.061362215798, 309.3538750151174, 95.85101054974476]
839 1 [282.4378493694239, 81.13340766869078, 308.7098687898956, 95.99197377758291]
840 1 [284.9665746954852, 80.89008227131853, 311.5595334956536, 95.72978236390101]
841 1 [284.2187476424151, 81.03903093702684, 310.6831524163608, 95.99386147837484]
842 1 [284.9074403462582, 80.63523290820012, 311.3344135837007, 95.63483042330026]
843 1 [283.9774316666299, 81.08674189216981, 310.6290228731681, 95.91995391780942]
844 1 [282.5757350740605, 81.09798369511555, 309.1876314147045, 95.90627222260065]
845 1 [282.7112482530647, 81.05061312347243, 309.5793773471946, 95.87402455514932]
846 1 [283.5255397302681, 81.11089188746701, 310.3444099941156, 95.90440416077703]
847 1 [284.1339039845043, 81.00595006860385, 311.102802664491, 95.95481404749711]
848 1 [282.3389065904194, 80.53895298160205, 309.2601478250371, 95.59916676960201]
849 1 [281.2603667420917, 79.94445556915889, 308.1647583213539, 95.05082634478008]
850 1 [283.3319293899112, 79.7182414583076, 310.1987841038505, 94.72072930672535]
851 1 [282.8487721277052, 79.47600966460595, 309.8771046643823, 94.47263594522781]
852 1 [282.6750610066229, 79.48138719682174, 309.6799477346472, 94.43210567124859]
853 1 [282.9556374145323, 79.9566972542234, 310.0217942873508, 94.8092166781118]
854 1 [282.3626351100975, 79.46633258346992, 309.4430938005421, 94.12635388847316]
855 1 [281.0648690206581, 79.89022594575363, 308.394676797467, 94.5877760755088]
856 1 [281.9489689213806, 79.23885188881832, 309.2456073256219, 94.03804669004809]
857 1 [283.9831133229309, 79.572686708314, 311.1484949028439, 94.30398735573668]
858 1 [282.9223339898163, 79.50421452221053, 310.4749827592897, 94.15426993300488]
859 1 [281.6958121103817, 79.47356305342692, 309.155189442379, 94.20031834524406]
860 1 [283.7857105178409, 79.40624520626443, 311.1585953510297, 94.07812674709534]
861 1 [281.9446679992252, 75.39299104061502, 309.4749954664632, 89.92652961152332]
862 1 [283.8916922850185, 75.13541468676704, 311.5088312675195, 89.66961205034279]
863 1 [283.9897485827678, 75.0532466161676, 311.5272788770002, 89.65080159728602]
864 1 [283.7297147443169, 75.89365145449119, 311.3180975155278, 90.48693072357258]
865 1 [283.6997155021527, 79.57345589880424, 311.2460044717324, 94.19683500557991]
866 1 [283.9940209980705, 75.83948013071495, 311.3012837853465, 90.4726235433357]
867 1 [283.5207814719179, 75.44227282587963, 310.7932371761091, 90.12846766207207]
868 1 [283.1847910727956, 75.81427194808202, 310.3298170000041, 90.38433673345261]
869 1 [284.4200611557462, 80.1139617178269, 311.6650998260696, 94.72765987967011]
870 1 [284.6371235917904, 80.3761291194387, 311.8098983189787, 94.9527627905706]
871 1 [284.4478281210759, 80.51394430432993, 311.3429408865561, 94.88212752836898]
872 1 [284.5871963161626, 81.34469506774622, 311.4494760013548, 95.74264494970218]
873 1 [284.250915523211, 81.06263488416153, 311.042987940989, 95.51773444834613]
874 1 [285.0548383850255, 80.30233466510254, 311.9882398986782, 94.81764508555855]
875 1 [285.0106009687879, 81.12801685814338, 311.820303276604, 95.62360754555731]
876 1 [284.6286695595481, 81.39168386046367, 311.483817299214, 95.78351090963363]
877 1 [283.2191952760913, 79.81400386874157, 310.2472020794804, 94.17789780237818]
878 1 [284.4861468966701, 75.51290289942699, 311.7097795627951, 89.98356970124391]
879 1 [281.9690033491352, 74.63277025405841, 309.3020344927921, 88.99882016535472]
880 1 [283.0377145107486, 78.26691456024128, 310.2746091636896, 92.70610739197859]
881 1 [284.1988755162456, 79.5690748233028, 311.3083162607584, 93.90313477006595]
882 1 [283.7770691360929, 79.28771874193626, 311.0758162159598, 93.72712291876761]
883 1 [284.4104929115274, 80.09956985597091, 311.7285147205492, 94.40745640799845]
884 1 [284.8416141118505, 79.73920926336723, 311.6510079656342, 94.30373167740956]
885 1 [285.0107678468921, 78.11742159609275, 311.7482517421188, 92.59666711064513]
886 1 [285.2465396072366, 79.7813353228994, 311.8325478609429, 94.49044870084195]
887 1 [283.9704793836572, 79.38941943530517, 310.9426381313048, 94.20818941835256]
888 1 [283.3151098187664, 79.4045116428897, 310.1838481773926, 94.12908795777548]
889 1 [284.7922489937046, 78.9416768525407, 311.725377016255, 93.59493940881833]
890 1 [285.0031763460138, 78.35141835852119, 311.977062732512, 92.95171145154518]
891 1 [284.5254319157102, 79.95858190699073, 311.7059825479128, 94.55596730692166]
892 1 [284.1966408785083, 79.90947047552618, 311.2149853479762, 94.66706660111504]
893 1 [285.2101279493072, 80.46056362173113, 311.9429575292039, 94.99515612101021]
894 1 [285.4049917082884, 79.26652338287386, 311.9648949263581, 93.89660133762459]
895 1 [284.8357031713822, 79.93782517990621, 311.3580006686028, 94.35169511458781]
896 1 [285.1210821639397, 79.81444249233755, 311.9791540638778, 94.13876976623142]
897 1 [285.0054934505024, 79.27558021924051, 311.3206776793847, 93.69746298003751]
898 1 [285.7157022986212, 79.45805073088559, 311.6883872517025, 93.91425630265225]
899 1 [285.2811179641285, 79.24834785169514, 311.1404242332923, 93.73355317043533]
900 1 [285.5731879729428, 80.39661172336491, 311.4894118713402, 94.8221624155432]
901 1 [281.6677328604856, 81.51708361810597, 307.5941203560008, 96.04163980523848]
902 1 [279.3852581042447, 81.95625792747887, 305.2733336006771, 96.58880871391904]
903 1 [279.3557113144198, 82.82006164199265, 305.3539785916781, 97.49663168891956]
904 1 [280.8701728913584, 81.99429084664735, 306.9509396960829, 96.79120696192234]
905 1 [280.6242280263105, 81.68263458764704, 306.9882210678362, 96.14020773491453]
906 1 [278.717650737206, 79.6523057178274, 304.9719258067063, 93.98464197056704]
907 1 [278.9690962988534, 80.59515940702113, 305.1955062211662, 94.98889979631126]
908 1 [279.1875010463991, 80.90592680430564, 305.221726982275, 95.42867248877977]
909 1 [281.669896933774, 80.13417426800879, 307.5704592954136, 94.66323294461976]
910 1 [281.7461750410148, 81.22888667440566, 307.6075599705587, 95.80370021760322]
911 1 [282.6231294475147, 80.03255958414229, 308.4070528319472, 94.60531472965106]
912 1 [281.9790467969724, 80.01191316709446, 308.1121235019389, 94.5739848169499]
913 1 [282.5008034161874, 80.77217815980839, 308.6246853612009, 95.43802046206815]
914 1 [281.7850322924205, 80.92700561300444, 308.2699245199987, 95.53574091948207]
915 1 [281.4460998005816, 80.24081840530562, 308.0317260511822, 94.85037966487843]
916 1 [282.6150926775881, 80.36988654897141, 309.3013484563323, 94.91380760550858]
917 1 [282.6383209303604, 80.00947948709654, 309.4608141682635, 94.63733426317585]
918 1 [281.6990068629966, 80.40797832027602, 308.8226932905802, 94.86894738063906]
919 1 [282.6187931970344, 80.07882898465323, 309.7406167961511, 94.39276767952181]
920 1 [283.8604415730224, 80.43402759895253, 311.1008615261018, 94.78122583549114]
921 1 [283.9288608078496, 79.5662776397221, 311.2232021833029, 93.93237359765419]
922 1 [283.4536082391278, 80.53194932804036, 311.1090528925119, 94.83900391780568]
923 1 [283.553265726252, 75.73548083171772, 311.0766317842252, 89.98794901587549]
924 1 [283.5294359503896, 75.65678917222249, 310.7226466976962, 89.87587055192806]
925 1 [284.3920038818033, 80.35235976033437, 311.4599143834894, 94.75403123093457]
926 1 [283.9620180158527, 78.42942081742513, 311.3895557260718, 92.97099270315162]
927 1 [282.8736274866969, 75.03259872250783, 310.5823606318112, 89.57108493383274]
928 1 [282.5005097715766, 75.38541133307444, 310.3845065699748, 89.87218260413722]
929 1 [283.8601518301875, 75.37147742907109, 311.7899224889555, 89.81594070288298]
930 1 [283.7090735352249, 75.28710376682284, 311.5442463447636, 89.63229301588979]
931 1 [283.6644715089933, 75.59076632770302, 311.7882957962365, 89.87836611365223]
932 1 [283.5183245111839, 81.89672626765969, 311.4775785517615, 96.22192319067379]
933 1 [283.9430243690149, 80.73766489537957, 311.7925605455031, 95.12379933031563]
934 1 [281.3231824357645, 80.81452416467073, 309.3626368235576, 95.1249549334968]
935 1 [282.9073512275354, 80.88882832812669, 310.7789158961108, 95.23377103528237]
936 1 [283.6329779942171, 80.94316628972592, 311.3263320097151, 95.1776759694517]
937 1 [283.8666768763796, 80.07718363801541, 311.627378268848, 94.38298049077466]
938 1 [282.9001590405242, 80.77126950422826, 310.6576442596528, 94.93598465551457]
939 1 [283.4314835016266, 80.86138956459763, 311.012572506905, 95.05311070304278]
940 1 [283.428234726598, 80.59578754963877, 311.1631830403893, 94.78008874325991]
941 1 [283.3056889329455, 80.41145559611323, 311.0868274833996, 94.44028812982838]
942 1 [283.4589525800548, 80.03633856239321, 311.3202200794789, 94.03316679951703]
943 1 [283.9782516252599, 78.68414580287936, 311.8630976206565, 92.60475180044031]
944 1 [282.5981853496633, 80.46726798477175, 310.1917290441799, 94.29167702120942]
945 1 [282.5860980683356, 80.44455112169089, 310.3034621376648, 94.32675698540785]
946 1 [283.5648089581518, 80.39176472301188, 311.3431392202086, 94.39802373070766]
947 1 [282.5894680851488, 84.52777536983194, 310.4964940017984, 98.40765670948474]
948 1 [283.2953659975319, 80.70319493884745, 311.3889321589724, 94.48811180032227]
949 1 [281.8524824762135, 84.59481485957804, 309.8245811478856, 98.24549963124333]
950 1 [282.6737368786125, 83.89945932502451, 310.4659496226151, 97.68820230356167]
951 1 [283.9995857858448, 79.8756397592515, 311.6033929119187, 93.5050844391272]
952 1 [282.6615423941403, 78.41529800767603, 310.0935740478982, 91.93777089138125]
953 1 [281.6316987657337, 78.55843486289086, 309.3122910431811, 91.88985670519097]
954 1 [281.8321678498178, 78.16561466852727, 309.3665408141437, 91.50561094867936]
955 1 [278.9678713539033, 78.82037599782052, 306.5534628060545, 92.1164390974179]
956 1 [278.9856589985429, 78.71751437733474, 306.6368600369676, 91.96728102858373]
957 1 [284.1100758266985, 78.50840444515052, 311.8238994887701, 91.91742096912572]
958 1 [283.6005863351165, 78.0454978163034, 311.1709731516692, 91.3756651431581]
959 1 [282.774503062421, 78.16480956996384, 310.3135197664943, 91.38604913301423]
960 1 [284.0175384086906, 78.27250829736295, 311.7558355327745, 91.6570742017371]
961 1 [283.4664712799131, 80.45071736375394, 311.256371393904, 93.80678088939455]
962 1 [282.9688980383216, 78.039042566219, 310.4737380172934, 91.40932792980757]
963 1 [283.9295376343071, 79.33608445922437, 311.423064454174, 92.67507738507057]
964 1 [283.6911133704125, 80.37940279046597, 311.1395530774382, 93.80053839332385]
965 1 [282.9663255540072, 80.09562024871411, 310.0794008765315, 93.43008380651285]
966 1 [282.80558308115, 80.19347462082806, 310.0296206955887, 93.56968533733807]
967 1 [283.9888191138743, 80.31271937514248, 311.5270899839483, 93.66177932466513]
968 1 [283.6826184903621, 80.51830269421043, 311.3553191916247, 93.88806325867567]
969 1 [284.1370762055158, 74.60470880592766, 311.8859804162772, 87.86997568903611]
970 1 [283.7242491011857, 74.90352510685625, 311.5561211861677, 88.04976305529105]
971 1 [283.7311827972881, 74.64390070761147, 311.8082173237355, 87.8926996812808]
972 1 [283.5765798785142, 74.26053784812393, 311.405311406508, 87.44554105005115]
973 1 [283.600411263702, 79.22238741839828, 311.3255687502164, 92.43053279424088]
974 1 [284.0026638931013, 79.03094258184137, 311.6632452838528, 92.23335290526912]
975 1 [284.3171550905681, 80.70092257137003, 311.5743108399722, 93.87440843637779]
976 1 [284.0344260981656, 80.42583988631668, 311.4082883795948, 93.52908513486445]
977 1 [284.0019976072363, 80.40376382532122, 311.3081285490442, 93.49052796868099]
978 1 [282.8779984288267, 83.80512064161303, 310.2915635041807, 96.75301828013221]
979 1 [283.9711650781683, 79.47349970998766, 311.307053688673, 92.44006997742461]
980 1 [281.9663241677336, 80.31793769659998, 309.3474447627568, 93.22934870239811]
981 1 [281.5894691072754, 80.02403573902848, 309.2890748147617, 92.97102023965711]
982 1 [281.3166058831266, 80.2564995756984, 309.2254722932845, 93.15904237949673]
983 1 [282.0989323132089, 80.29397756817343, 310.1119730386369, 93.05033807191467]
984 1 [282.1396223711199, 80.04685890140536, 310.7145133388689, 92.76464434169242]
985 1 [282.7317875581211, 80.18932958530786, 311.7496453914645, 92.85992669341326]
986 1 [282.1195413874812, 80.0099859705806, 311.2728350408348, 92.75961942877341]
987 1 [281.3575907158083, 80.29111987563374, 310.4905297504481, 92.96949694982371]
988 1 [282.153489034099, 80.15056519421341, 311.1118869719613, 92.57358091999276]
989 1 [280.8851870106882, 80.42417818518879, 310.031518153088, 92.62410186224115]
990 1 [282.3616561698145, 80.64487112524512, 311.5631383391459, 92.94564140691993]
991 1 [281.9706239806837, 80.81582464488747, 311.0334310243251, 93.09838307402004]
992 1 [282.0288663613028, 83.67528780015709, 311.1506854165936, 96.0183929256516]
993 1 [282.386576394958, 83.93731344702246, 311.7414850373424, 96.1697858599249]
994 1 [281.8190841781325, 83.8901748808712, 311.2244695081675, 96.18130962741225]
995 1 [281.5212523820228, 83.98023300456407, 311.0279438289181, 96.32685069549069]
996 1 [281.669431935472, 83.81695310609939, 311.0897228684833, 96.10516892938857]
997 1 [282.4308952497668, 84.69133035677078, 311.6562598788353, 97.24679622545146]
998 1 [281.4625924038119, 83.68320278661849, 310.8083019244458, 96.17021237010033]
999 1 [281.9155459808535, 83.90362623172405, 311.2411102251267, 96.24374277939998]
1000 1 [282.2913475590176, 84.89863887267711, 311.8051924832025, 97.27220482588045]
