pedestrian1 1
2 1 [42.51149797439575, 37.51419115066528, 58.71457012494405, 103.9923700888952]
3 1 [30.96244359016419, 28.63559055328369, 47.06342854964526, 97.25788459271621]
4 1 [25.6218376159668, 36.08104813098908, 41.24297087250962, 105.117657280947]
5 1 [28.44944798946381, 28.13873398303986, 44.28277595592736, 97.13333293111018]
6 1 [24.03823041915894, 35.47772395610809, 39.83759892416753, 103.9539118852887]
7 1 [22.65064457058907, 39.27829223871231, 38.48084094889536, 106.0802909680022]
8 1 [25.78350135684013, 39.46751971915364, 41.47928316756368, 107.1693447576913]
9 1 [27.86442825198174, 33.7075241394341, 43.74832564450526, 101.2276206229066]
10 1 [25.57575383782387, 27.31195946410298, 41.59409467796098, 95.44309817904194]
11 1 [19.50643041729927, 18.19895168021321, 35.18194921887684, 84.09994589109809]
12 1 [19.74879197403789, 21.16663743928075, 35.37423230964691, 87.09510152341947]
13 1 [24.46955076977611, 17.41976519301534, 40.37349252949777, 84.01727432519337]
14 1 [25.5048005245626, 13.75185241177678, 41.22146183832959, 81.09543358779207]
15 1 [22.75903418287635, 10.76947798207402, 38.60200263603605, 78.32881145093562]
16 1 [33.63728478178382, 13.65518857911229, 49.59418143574635, 80.90138666953598]
17 1 [44.27463128790259, 18.05542518571019, 60.23658883382988, 84.08337048955468]
18 1 [34.49807420000434, 6.369587678462267, 50.37544012890763, 73.00276797421343]
19 1 [19.25802602991462, 3.597870666533709, 35.01484883475198, 70.84954873810762]
20 1 [24.7792835496366, 1.644191641360521, 40.14042839106249, 68.18257678094911]
21 1 [17.93131962046027, 3.423034150153399, 33.50915068562489, 71.03224490628357]
22 1 [8.311353471130133, 1.569385129958391, 24.63478178659793, 69.52438848203691]
