polarbear 1
2 1 [437.0641411077976, 106.763290945515, 487.248887746493, 177.6683298852454]
3 1 [438.5186702442169, 107.7084974181652, 489.0288483767878, 178.2076030843189]
4 1 [439.4933258575201, 106.0018095207214, 489.3190520148384, 177.2987759147833]
5 1 [438.7673330140114, 105.7110191267729, 489.0866345435015, 177.0961041407363]
6 1 [440.457357182242, 106.397824896574, 490.565234469005, 181.0779665046138]
7 1 [440.7223268580437, 107.1381659936905, 491.6853861568212, 178.1032719545914]
8 1 [441.4007480871678, 105.1926718634367, 492.7621405216129, 176.5704400446747]
9 1 [442.7898711544275, 107.946757273823, 491.2769596348448, 177.648445889836]
10 1 [442.1218458992243, 110.6873800121993, 491.1723279486539, 181.1498928121789]
11 1 [442.0531154638902, 106.3111270499229, 491.0666639974483, 179.3156247113857]
12 1 [442.4965384489205, 105.7535888683796, 491.0637487085813, 176.8765741531173]
13 1 [441.2780008009449, 102.9854828697443, 492.0252731325174, 175.8713419429504]
14 1 [440.7637280952931, 103.1853993070126, 490.1897045393362, 173.1755241130411]
15 1 [439.1621773374081, 101.8389389199019, 491.0624405622334, 174.3268357430754]
16 1 [441.2908600401879, 98.50319275826216, 491.4780407458107, 172.6352098323064]
17 1 [440.2332433723659, 101.0845866110921, 491.2784475102585, 175.4598853031164]
18 1 [441.0462970576063, 95.27447705164552, 492.1631278514752, 170.1567962706782]
19 1 [443.7992182803154, 95.4061663505435, 494.9064454087035, 169.7122715623645]
20 1 [441.4340387350694, 95.3182306085527, 491.3368715105897, 170.5128745679584]
21 1 [443.616666078642, 101.6377553959191, 492.8919084625393, 174.8912475153575]
22 1 [443.3292068485916, 101.3919964303076, 491.8724766227617, 173.9407112058722]
23 1 [444.1349722091854, 102.6205253173411, 492.8251123070016, 175.4090411166649]
24 1 [442.8254738888517, 102.2560982835293, 491.3720282457608, 176.4433311454133]
25 1 [442.2009707354754, 100.7240295913816, 492.3248551725309, 176.3616711857462]
26 1 [440.0018254435435, 101.6577784214914, 488.6613665876207, 177.016184925727]
27 1 [441.8186180210486, 100.9248421882093, 490.8866699068141, 176.2357999979196]
28 1 [439.1415858483687, 103.6027813945711, 489.9635211160472, 178.829733790772]
29 1 [438.6487402208895, 101.5920946878195, 487.7562601397444, 177.2725170132501]
30 1 [438.008558533229, 102.6058642064035, 488.6917667808077, 178.0272358290912]
31 1 [439.015136881806, 103.3848589333519, 489.9666529333013, 177.6835691351389]
32 1 [439.1135138572008, 103.3736837302148, 488.3985325721708, 177.3780714799154]
33 1 [437.5905367276445, 103.0524488362297, 488.8271156813228, 176.9459969144984]
34 1 [438.0041341819614, 101.3393553794175, 488.0860893193603, 174.6379670820076]
35 1 [438.0945437169448, 102.8051923458278, 490.8758454809413, 178.2566876604614]
36 1 [439.5465525715426, 105.7213342991471, 488.8813000330976, 181.2857201588283]
37 1 [436.1806058539823, 110.4278245499171, 488.128223682602, 184.0046879959351]
38 1 [438.0610202616826, 113.1585320179164, 487.1629259074352, 188.0978879211464]
39 1 [436.9524242860079, 113.6511136070639, 487.0859795145321, 188.1013602831314]
40 1 [439.7033039984107, 112.4610132035613, 487.9049557758005, 186.0901301055871]
41 1 [438.6388524836675, 109.2869194765389, 486.6070731252671, 186.6549723898977]
42 1 [438.9281335762516, 105.7975546438992, 486.7372755037551, 182.2256694726251]
43 1 [437.4562535873428, 113.7393039437756, 487.2559174247909, 186.5586737590643]
44 1 [436.8326797551289, 105.8231344130635, 484.7867305746574, 183.7144750697273]
45 1 [435.3975685966015, 113.9529473540187, 483.0348902075223, 186.1918982655371]
46 1 [433.6906380514428, 102.6333717127144, 482.8535291926513, 180.180495913523]
47 1 [433.5646721563116, 96.52351647809148, 482.8835596938775, 173.3376464874716]
48 1 [431.5552906851098, 94.8112017531693, 480.8343653232867, 173.2233580851381]
49 1 [433.0903996695578, 102.6071155798435, 483.825224821749, 175.3350495103364]
50 1 [431.7365645487607, 99.54156140804291, 481.6728091382088, 174.010358442155]
51 1 [433.6331893225014, 100.778122907579, 482.7312250255455, 173.6345227832365]
52 1 [432.1258682022616, 100.103683115989, 479.7808703498552, 177.0524800683147]
53 1 [431.7342524342984, 104.5330648329854, 480.7764007057254, 178.1605449954658]
54 1 [431.3755457644165, 103.80480976969, 478.9860691225692, 177.861410913551]
55 1 [430.1157539739087, 104.7674347060546, 477.7298364966251, 178.7585621018473]
56 1 [432.6813307172433, 101.458242969662, 480.2267018725832, 180.856236288138]
57 1 [432.3425371414796, 102.237520021461, 480.2223957479233, 180.7514929229231]
58 1 [429.0105725983903, 102.8222998688743, 477.2133465803779, 179.545738655119]
59 1 [430.9769775206968, 100.9466267992556, 478.9741282589157, 179.8503655584537]
60 1 [430.0605909592286, 101.6625829507411, 477.840104181854, 182.4866598539433]
61 1 [429.5710959360749, 115.075224353075, 477.8234610350627, 189.714823046692]
62 1 [428.9292472527176, 114.2942667883635, 477.3019325336006, 188.5960224982439]
63 1 [429.4715631074086, 109.7600571933016, 476.9093953083695, 187.5950523430754]
64 1 [430.5066342829541, 99.13379977837205, 478.7516442584487, 178.3414825258842]
65 1 [427.2863484407589, 101.3369270582497, 475.7364353505387, 177.8385776292861]
66 1 [430.8145687422529, 101.7152702976763, 478.2960758649059, 183.1089151940758]
67 1 [426.5019939868525, 118.4930466623791, 475.6690585349962, 194.5420206374071]
68 1 [430.0598889413104, 103.5667840261757, 477.1542455908793, 185.2294661024288]
69 1 [428.8112664726377, 103.9582176078856, 474.5691035291608, 186.0798280047959]
70 1 [428.2465874991194, 105.9588347543776, 474.8437034877981, 189.2188337918438]
71 1 [428.8097984521464, 118.4855668755062, 476.9612879373248, 195.6479014192041]
72 1 [427.9618785670772, 118.3538390310295, 477.6498225514317, 194.7185987580284]
73 1 [431.4321171930805, 115.0352024473995, 478.0666155182584, 194.3482769416871]
74 1 [428.0611003405228, 118.105924530495, 477.2383065667276, 194.5381137848991]
75 1 [430.7504419973865, 115.9348205365986, 477.3980081044244, 195.3431193274936]
76 1 [429.6626432305947, 120.8561522872932, 479.8585897654222, 196.7628071066812]
77 1 [428.9381448245421, 121.7485006959923, 479.0451006698902, 196.9457879950317]
78 1 [429.4704125347361, 122.1267439560779, 479.0601730709057, 199.9843695542123]
79 1 [428.3705639160052, 122.8706236244924, 478.5306703185491, 197.4756825039998]
80 1 [428.5636941130087, 120.3635090576299, 478.7797787733192, 196.7091436467281]
81 1 [430.0936373556778, 121.7798708068021, 479.6061107624757, 197.7734634772546]
82 1 [429.0895655090735, 121.8333257181384, 477.651986956203, 197.0584371377069]
83 1 [428.0761236670241, 124.210871210862, 476.8439783201601, 198.6349521897042]
84 1 [430.0583836967871, 121.206070079077, 476.9582459621838, 198.8017524978237]
85 1 [429.5738629839197, 118.3990358245373, 474.852471604458, 196.6013833282244]
86 1 [427.8550666115061, 121.0443692934513, 474.6532457835851, 198.8727544393178]
87 1 [429.1153718969599, 121.0631691157632, 475.5100017421832, 198.2026590664579]
88 1 [428.0695084343478, 121.7411323325522, 474.92495694376, 198.570313749525]
89 1 [428.356106021516, 124.9368914408423, 476.5032401886701, 199.2956610249964]
90 1 [428.6602136670426, 130.2781988103688, 476.0239034204102, 205.7251802544295]
91 1 [428.0063819131628, 128.5112639875896, 477.4997176815409, 203.3371473081268]
92 1 [430.5604666258022, 131.5175356013514, 478.1117357479598, 204.1789606962464]
93 1 [430.3398217140511, 132.0403526444733, 478.0678386043056, 206.4301566609624]
94 1 [427.2808623398468, 131.578751858864, 474.5469096489428, 203.5126041954532]
95 1 [430.2616849477217, 133.3199573052861, 477.657892126812, 206.2062636248287]
96 1 [431.5184809622169, 128.4394427003153, 478.3233929439898, 204.5088938471195]
97 1 [432.1294368701801, 127.1131224619039, 477.8021946213644, 202.5237404910316]
98 1 [431.2184386431053, 130.3138607908786, 479.3322886334473, 204.9602517720341]
99 1 [430.4365631817654, 129.6241621245444, 478.7299694473828, 204.3743272209531]
100 1 [430.5965385288745, 124.1008246229775, 478.187522575884, 200.8074292763232]
101 1 [432.4060333828256, 121.1928721019812, 481.434042310094, 201.4777065208784]
102 1 [432.9602154838667, 129.4931878788211, 481.0540603890872, 201.7266002273361]
103 1 [431.6116246362962, 122.4630595730432, 481.2149195938148, 198.2890005898365]
104 1 [434.2895651097223, 121.8624447165802, 481.9095311493188, 194.4478780210359]
105 1 [430.4207769400254, 121.8493497656472, 478.851816080655, 198.5725911181134]
106 1 [430.2130170362815, 129.1901200530865, 478.6976569383336, 200.1900585777151]
107 1 [426.3872511391109, 124.8706776691415, 474.3598528983836, 197.9298434321779]
108 1 [423.5138953086734, 123.1362085180171, 471.6463099551783, 198.6723183056289]
109 1 [422.873760095872, 112.3262799368985, 470.2846771450296, 187.9760725771335]
110 1 [423.7576033490058, 114.715974417124, 470.8408972774438, 188.2519498599112]
111 1 [419.2283200016991, 118.336038997937, 467.5153068115092, 192.8885531186361]
112 1 [421.2622371223569, 121.3036287041195, 468.7861171757369, 195.4306374612585]
113 1 [422.425228869617, 121.1839270131476, 470.3499665844857, 193.3094863712243]
114 1 [423.6625848171115, 117.4343501316197, 469.7738487573665, 191.5063932681548]
115 1 [422.9940242771572, 118.9575410080888, 470.3846974997471, 191.8482205066623]
116 1 [422.7318460262194, 118.7763439701684, 472.2352201861113, 193.3735094494635]
117 1 [426.1979945740476, 119.4382742853649, 473.9298487253954, 192.3036911051918]
118 1 [426.4553329041973, 119.6575405584462, 475.2300373197139, 192.7641928209854]
119 1 [423.0536952634156, 119.1148247780092, 472.7320629234038, 192.70334059787]
120 1 [424.2763882308081, 118.0483327266574, 474.1851703524084, 194.6290285799341]
121 1 [428.1658459809423, 121.0793756903894, 476.8960609814791, 193.0251008206162]
122 1 [427.5911458163336, 117.0548397359252, 476.8988822225866, 193.4282979653004]
123 1 [425.6851719683781, 117.1912660213001, 477.1553211055038, 193.6161211791307]
124 1 [435.8041321142391, 113.8219467807375, 480.4216560904522, 194.4231364947361]
125 1 [433.3302676296607, 115.9166631536372, 482.8778900294669, 192.3425365503433]
126 1 [432.0599260098115, 115.0540353866108, 482.1003644444331, 189.9804005740291]
127 1 [434.4778601332382, 115.6747150147148, 482.2505271474037, 190.7109478978067]
128 1 [431.9273903733865, 115.7365722419508, 481.4226880656873, 190.3524144683897]
129 1 [434.1074558860436, 118.3248642446287, 483.9082449364266, 193.4374566277182]
130 1 [434.8512047485728, 119.9009603695758, 485.6507777631704, 197.0867673207647]
131 1 [435.5811420486588, 121.2312808768638, 486.5487765713791, 198.6973152737589]
132 1 [427.1597917890921, 117.7227024897747, 478.6274215646615, 192.4914643785929]
133 1 [433.1479412532225, 117.3145923154243, 483.5916032932941, 198.0612464874898]
134 1 [433.883181369938, 117.2284577494301, 485.7058245263978, 195.5941554628476]
135 1 [435.8752452424541, 120.3059113682993, 487.8802013860794, 197.3426129259224]
136 1 [436.3673638767377, 119.4551521247067, 488.7106198954288, 198.3303206115392]
137 1 [437.4810537612811, 124.2689898745902, 488.7307843177707, 198.9156781834703]
138 1 [438.6982396499533, 125.8358129324205, 490.6069605778567, 202.5721518056823]
139 1 [438.5185135761439, 125.0374481329508, 490.644934599788, 202.0201392298715]
140 1 [439.5169733828679, 127.1267063306459, 493.5453795309114, 201.8692596888786]
141 1 [441.5686683720723, 129.6795102046617, 495.922654578842, 204.9061107838679]
142 1 [438.7400249271468, 127.972736255806, 492.4382275594037, 202.8212705542121]
143 1 [444.7554493165389, 127.7900675987639, 497.2130885727389, 206.0432326100362]
144 1 [441.7042800104991, 122.4872472645529, 495.4423844647851, 202.3101558155398]
145 1 [442.5595575301722, 124.0709054754861, 496.2986607078958, 199.351812752407]
146 1 [444.6881830460206, 125.5636606501229, 499.2417002266661, 205.6613558638171]
147 1 [444.7068445599452, 122.9606824578531, 499.1868383485018, 202.9998658908295]
148 1 [446.3315382218734, 120.3959840290062, 501.2089496833376, 197.9142486439921]
149 1 [445.6747558033839, 123.8650347940438, 500.6296822869322, 201.0465251352748]
150 1 [445.7315618275479, 122.9455784024485, 500.2458893391706, 199.2043021080746]
151 1 [444.9241468190029, 124.2780925096758, 499.2943163721472, 200.0977621943165]
152 1 [443.8793031490222, 117.186523428727, 499.0591657098809, 197.6058707089579]
153 1 [457.2457188247517, 116.2548004599102, 512.4938644002297, 191.6387567294155]
154 1 [456.9937786078826, 112.8903817381524, 510.560455553551, 191.160586827708]
155 1 [460.7236016654223, 111.3564229128696, 514.9905675238695, 189.5355451687589]
156 1 [461.538437695317, 110.2612983794697, 512.9933897895322, 189.9080077167905]
157 1 [460.8010502523557, 112.6086589233764, 514.4746017548802, 188.3719730393976]
158 1 [461.9909942327813, 118.9336289526709, 516.5952130736358, 191.8190413841236]
159 1 [459.6231499771401, 117.7896876619943, 515.8976583704754, 192.4491812267613]
160 1 [461.6659998317063, 118.1530522700213, 516.6712577606222, 195.7237189648424]
161 1 [462.9610576639697, 116.7426694692858, 516.3430822193718, 196.7772335826689]
162 1 [461.7790164827183, 117.9310053648241, 515.573834119517, 193.8033063981338]
163 1 [459.3887022613362, 118.6841390119679, 513.9202745598766, 189.414839055821]
164 1 [457.6263809735701, 118.9154674025066, 513.8766590394995, 194.6935260082609]
165 1 [460.4261047235504, 113.230720146168, 515.1390337672258, 184.5309974665449]
166 1 [455.7726038518176, 116.2354062111862, 510.4318747522684, 188.085054917164]
167 1 [456.3250009483472, 118.235079130698, 509.9048004069726, 189.1562705588707]
168 1 [457.4825972086564, 119.8631690950878, 511.2767594556944, 191.0939216271606]
169 1 [460.6611548243836, 117.38226444887, 514.3393013377049, 189.6182424227637]
170 1 [462.4216242591664, 108.0418641069718, 512.4234289931178, 188.3860557491684]
171 1 [466.0442594774813, 114.5292753694393, 516.5735367208938, 195.2091019995925]
172 1 [466.119935277924, 114.1374513475038, 516.2914903251412, 194.4334760503725]
173 1 [464.6075199945644, 112.4101046236046, 515.6350830363089, 188.1775294927829]
174 1 [459.2366869785637, 116.7321648882516, 512.0749047360794, 188.2097233738593]
175 1 [463.7440149986814, 113.0422086180933, 516.4713846339706, 189.7373343734517]
176 1 [466.9054003982619, 118.2475272180326, 521.2803403477897, 187.8240670470065]
177 1 [464.8794038312207, 111.7812794508226, 516.4162055147058, 189.2665968800057]
178 1 [459.3718422307447, 107.2668253707979, 510.3231821829354, 189.1909677619835]
179 1 [461.484905715175, 106.1587489606627, 510.1952352923025, 189.1486666982432]
180 1 [457.8337067617849, 112.7485906505771, 509.9284752824767, 188.6849618419735]
181 1 [457.0869078888372, 109.396393898949, 504.9915394898551, 190.078928863617]
182 1 [463.7867807132006, 114.037367238272, 515.9919305742316, 189.7013517463906]
183 1 [462.4756407496333, 117.8259169520624, 515.7462295917485, 189.6887807207697]
184 1 [450.9662197121233, 119.9914506641962, 504.7291090052913, 189.2638925694058]
185 1 [453.1133262236417, 121.5837682025321, 505.3617434922865, 196.8312294431658]
186 1 [454.6489251526818, 116.0125730247982, 505.5217637245558, 190.1421486399528]
187 1 [455.8105829300056, 114.59821039306, 508.9033740356344, 190.3451909970221]
188 1 [460.0945208697394, 118.0080484213121, 512.0411810435951, 191.7178227783982]
189 1 [459.7856795835123, 118.2965841503628, 509.8603248840648, 191.4291943812414]
190 1 [457.2301287853788, 120.9770003543981, 510.865656729655, 197.5828043497097]
191 1 [459.2538070716709, 118.9012880330719, 511.1807915336423, 188.6201674376808]
192 1 [458.7815914788097, 119.1403328595497, 512.7111615481513, 190.1149742833898]
193 1 [466.3661444299668, 116.6199527127482, 520.0535172759536, 189.608580236001]
194 1 [458.2994786911458, 117.7614615527727, 511.5902257129446, 190.2463690743386]
195 1 [471.1403545924276, 116.4786885199882, 523.8970275714712, 186.4613452740209]
196 1 [470.0640557828173, 116.7844310222008, 520.5811870334992, 189.7468661289534]
197 1 [457.4182777458499, 117.8015301177092, 511.0777148163223, 192.0392698997415]
198 1 [463.5541882701963, 118.9509479706921, 518.6641015147849, 190.4870158696017]
199 1 [464.3467558576539, 116.4242493385263, 518.1625825014886, 190.8636492370688]
200 1 [468.2235632064566, 117.3542704233714, 519.5367104540286, 188.7199063339339]
201 1 [462.630774771811, 117.056331607122, 517.3110843712584, 192.2237354870208]
202 1 [465.4606516380608, 118.7360789893009, 517.6766086376867, 192.6265589227233]
203 1 [460.367030922398, 128.5832274514996, 515.7282144837636, 199.0365099348068]
204 1 [463.1417866983265, 131.8357638675533, 518.9364594100271, 202.8960890792028]
205 1 [458.3582974198088, 130.0819565901347, 509.4185582925641, 202.4622260279999]
206 1 [458.2478058758006, 132.6478586295434, 509.5866828399131, 201.722444583511]
207 1 [463.9002425929229, 121.7518627276458, 519.2269011431406, 199.0301891880884]
208 1 [465.7270756643429, 122.7766716485657, 519.859195310415, 200.4655635872382]
209 1 [465.6130773388013, 122.0151420054771, 519.1547512425399, 196.5827787621285]
210 1 [464.7562248071353, 122.7865078231134, 519.91435557675, 200.6827920705847]
211 1 [465.7853414472356, 122.0286650998332, 520.0029954475662, 198.2533754459149]
212 1 [467.6896184962406, 120.4085605745949, 523.4434773278787, 198.6527745467988]
213 1 [465.1408799996297, 119.1930916091241, 520.9238911724435, 197.2298193939572]
214 1 [464.7647980412166, 118.7440400650539, 521.8075564360213, 196.5874689065938]
215 1 [463.1269877911709, 117.6463154597022, 519.5721804047146, 195.3969622127283]
216 1 [463.2177975960821, 120.5169495573081, 519.2048395193476, 192.3137461384516]
217 1 [465.9199830871239, 113.2242142351624, 519.5314410292151, 189.8324621731326]
218 1 [463.0451363958582, 117.3300506291725, 519.36425359584, 192.2310054222556]
219 1 [461.6868118753354, 117.362834018264, 519.8972008488383, 194.4069454881059]
220 1 [462.9828059207811, 118.0340718669631, 520.5474909177011, 195.3354920732611]
221 1 [462.2068951167329, 116.1088523087837, 518.5946097411553, 190.5660053384396]
222 1 [460.4771805813234, 117.974042710457, 519.1288069855922, 196.5778203138168]
223 1 [458.4699270706787, 110.9961732931715, 514.0455780219648, 192.6262211116003]
224 1 [460.0087446365669, 109.6329885728937, 514.7899452480722, 191.0771487778814]
225 1 [460.8717193005304, 118.1139936601557, 520.9768248034887, 195.4366466718722]
226 1 [462.5511619446497, 120.1943534171023, 522.9576596401537, 197.931039624164]
227 1 [463.2855543624773, 121.3984257372376, 518.9119927031674, 198.3878492799808]
228 1 [464.1907945273142, 121.2527087450307, 524.7511586384973, 199.1927976629603]
229 1 [466.5462144073262, 119.6661232717615, 520.6799871808846, 199.3201234214151]
230 1 [466.7669229488983, 120.7160702439305, 521.4378268895146, 199.9408376323233]
231 1 [470.6978136282577, 119.8114608319756, 524.8266676892181, 199.4266076705857]
232 1 [471.884046530833, 122.9711755892076, 527.817379791358, 199.2083508854541]
233 1 [472.7769172103307, 122.7842118459102, 527.9487966731862, 198.2883576988601]
234 1 [472.6139244381502, 117.2007198043447, 527.2082651682659, 198.6783405097274]
235 1 [472.9997086953535, 119.5529863097053, 527.677375538712, 197.9324510129512]
236 1 [475.5172305014148, 116.6272509636637, 529.8961661726613, 196.0013040944455]
237 1 [473.163159746693, 117.7944285607245, 527.8060543477882, 196.4188853382099]
238 1 [472.3642025743774, 121.4885768672265, 528.5813302954869, 198.7430402497849]
239 1 [472.1250480022445, 117.0525587888714, 525.5412353697557, 196.4554077940801]
240 1 [475.5627895761444, 116.6586432697531, 528.9973110330176, 196.7758788019521]
241 1 [475.3763261046424, 112.7928260837961, 527.4953681405688, 193.9343537742482]
242 1 [471.1956482958212, 116.8485120514687, 524.8560676307926, 195.1526591626257]
243 1 [470.097863224817, 115.3705328533706, 524.3074926085693, 194.6143337200153]
244 1 [470.5099128391757, 113.6046407686826, 523.9556119203417, 195.4925350786289]
245 1 [470.0118653215631, 117.9875235146191, 524.8624365391995, 196.2857320726377]
246 1 [469.0281568057998, 120.7629530418944, 521.6496480981454, 194.0858559492159]
247 1 [470.0136041026726, 117.8346305879113, 524.3387293582609, 196.1111393346599]
248 1 [471.2706983913831, 120.9493913460337, 525.3418577589963, 195.9771458230194]
249 1 [470.2742342283181, 122.2459308612906, 524.3797404286096, 196.9966868405057]
250 1 [471.1166004948481, 116.9735786075052, 525.357589970219, 195.8399658845891]
251 1 [471.0565177095286, 119.0913270749897, 525.8333052003424, 196.0195309432358]
252 1 [470.808638787379, 119.3863688330911, 526.275109117651, 195.4143918560145]
253 1 [470.7902786028735, 117.0933108260669, 524.5325066115629, 194.4851685015335]
254 1 [469.4110189122311, 117.5317589455098, 524.5828702908393, 194.5585686088667]
255 1 [469.7768718195311, 121.1897777729482, 524.6439065689908, 194.9288387007784]
256 1 [467.6055396353058, 118.3478832208365, 522.1855331624204, 194.1014134767705]
257 1 [465.8415888552717, 120.7318469100446, 520.7652303101045, 193.9743852781945]
258 1 [465.0321718012146, 118.1283848249167, 519.9618846090082, 192.9804528310491]
259 1 [464.4988858574233, 122.4502899279632, 520.0874349992756, 195.6123935625234]
260 1 [463.9843522706232, 122.0979125169851, 520.3871325983388, 198.322466948104]
261 1 [463.1983824842773, 124.1714726170339, 518.3961212434549, 197.2093394135877]
262 1 [462.2351833288721, 121.2535355618037, 518.2003003165066, 196.2412757877726]
263 1 [461.3329318761989, 121.1419953516033, 516.2008778271792, 196.6239078668273]
264 1 [460.9280031048856, 117.6708381032385, 518.342711074711, 189.9663685351251]
265 1 [459.5964290392748, 115.3222929170169, 516.0258437935129, 189.6310389895475]
266 1 [458.0578631260595, 114.8082734510116, 514.864870361769, 192.3358163690857]
267 1 [456.0417450075201, 121.9171096240916, 514.0512959497823, 196.9836853737137]
268 1 [457.8950217813417, 116.1351895889547, 513.6116173746317, 192.8108004068955]
269 1 [457.5129933138541, 117.877739060279, 511.7137908236579, 196.0165559782621]
270 1 [456.3338842396788, 121.8122646331485, 513.8255781501259, 194.3106551312596]
271 1 [455.897506296651, 121.7376720195916, 510.9703858183486, 196.8978600872598]
272 1 [453.3214754690579, 122.6045753067173, 514.0855353764855, 202.761567903255]
273 1 [452.555349374672, 128.1389579103142, 509.1617876730915, 200.0311898375697]
274 1 [451.6107452982269, 124.4645590713062, 508.3386722839538, 200.2113203722996]
275 1 [451.7605589036993, 129.1338233917649, 508.7361490788788, 201.8401666797599]
276 1 [452.1627249648026, 118.9504538407363, 509.6074147707793, 195.3616782502388]
277 1 [453.6379846530198, 120.4065163066425, 513.4112276320237, 197.7412499628578]
278 1 [455.6467104093335, 127.1107836887986, 511.6151159821583, 197.7540802786583]
279 1 [456.858655010832, 120.1405787822604, 513.7600638937505, 195.5703727383638]
280 1 [456.6987890363834, 124.5509605452116, 513.5797804384231, 199.1908673068234]
281 1 [458.8930803542189, 125.9130166478153, 515.0000517787113, 198.8548240178219]
282 1 [458.9900131360791, 121.121638141647, 514.2880691704193, 194.6052419821053]
283 1 [457.7712449529371, 123.1238578325883, 513.1950454019487, 192.7589364629703]
284 1 [457.1773885227903, 124.7017363643553, 513.6548576344918, 198.1236630931555]
285 1 [457.2011036747298, 125.110204070881, 514.0240969890496, 197.762107986543]
286 1 [454.8005599929183, 129.9777124822885, 511.2078855390025, 200.284097591547]
287 1 [454.5933599863365, 118.8978238588479, 510.0524833526469, 190.583483293871]
288 1 [452.3457451672456, 121.1887040555175, 513.3003873359439, 195.5419821026275]
289 1 [449.6937036818289, 114.5198648405075, 505.0528836877553, 187.322669480306]
290 1 [448.0097985253833, 117.0139730573446, 504.6143520847409, 188.7945099761994]
291 1 [445.5024748691521, 117.1808868908137, 501.5740535825406, 186.8732838121068]
292 1 [442.1931360219768, 113.2535441970267, 496.6374250009926, 189.1667420004307]
293 1 [440.371402062492, 117.142909351578, 496.2776833876098, 186.6653857263856]
294 1 [438.2326128935837, 116.5191934034974, 493.9226942710031, 188.9898755853437]
295 1 [439.0900107794604, 119.2003294118494, 494.2831038579616, 189.4143628329274]
296 1 [437.2270835866383, 120.4625056498498, 492.5365341441003, 190.4762902080828]
297 1 [440.1137488284311, 120.7819221877307, 494.7947722386837, 190.5283067819279]
298 1 [428.8032874115906, 118.1065924934391, 482.5284625824639, 187.5432826932985]
299 1 [437.8112207153044, 121.3148799800128, 491.8922338128013, 190.5088557988701]
300 1 [438.5622955714516, 121.6136690788716, 495.9008854809548, 189.5258660169939]
301 1 [434.6268728696904, 120.7552981249336, 488.5693696272259, 189.2046276367811]
302 1 [433.2775195406447, 130.3714270788059, 491.9566472524633, 200.31252727073]
303 1 [420.7094311588607, 132.2475893966202, 474.68766549413, 201.8269762095569]
304 1 [431.0784328864119, 131.0081602084264, 490.4011200927807, 201.361319162838]
305 1 [421.030156950017, 118.9846346565336, 475.5447049610108, 188.931076311332]
306 1 [425.4664877453051, 119.8046330139786, 479.6161119256955, 190.1464848239011]
307 1 [422.4889279999933, 118.7231645230949, 478.2554479277948, 189.7376952812623]
308 1 [418.6073210784397, 117.2463303453569, 472.3006711461781, 186.9520940376508]
309 1 [417.4846718544304, 116.149946420528, 473.8126084774797, 188.392376344906]
310 1 [415.3711671033106, 114.2829317674786, 470.7482651709038, 185.5756901202065]
311 1 [412.8144001984201, 112.4961690700893, 467.7012268259005, 181.5261412529739]
312 1 [412.9677853440098, 123.9827761241049, 472.5828264793004, 192.8730960920312]
313 1 [409.1690427079029, 104.2302412978187, 467.4856809638497, 176.0858318650213]
314 1 [408.7929479279719, 107.5168080612365, 464.0737628212362, 176.229294292884]
315 1 [406.3537294813595, 111.4197199589852, 460.3869552281346, 180.1806597087119]
316 1 [410.0279344567261, 105.046984288916, 463.0070679805877, 174.3322601928979]
317 1 [408.9018487879238, 119.9308313078527, 462.3249884780011, 189.0559480190052]
318 1 [410.6978744515381, 108.1128119566292, 463.896686350391, 176.9011398391523]
319 1 [409.8171175331972, 117.5218423521891, 465.4313264748857, 188.4988812468213]
320 1 [396.0344500639639, 113.7488231084589, 449.0623275008114, 180.5584431847779]
321 1 [410.0713282958768, 118.1750804773346, 465.1970589273893, 186.7405771327007]
322 1 [412.2301314124069, 117.9105732702464, 465.0228902032451, 185.6965351383602]
323 1 [411.0497358446173, 123.1614320018143, 470.0644339319612, 192.2098455119797]
324 1 [415.0092427828512, 119.1716380511224, 470.4427447475427, 190.7141362705192]
325 1 [416.4387654666952, 123.0682230927795, 475.1091028477705, 193.1522888158332]
326 1 [416.5280296006403, 120.5294478704035, 473.0179377522094, 190.3929477277198]
327 1 [414.9081317340187, 123.6670141407103, 472.3342263143975, 189.2078543340695]
328 1 [413.3700237744651, 113.8386456929893, 468.1147700426706, 181.5865468976754]
329 1 [413.2550310464739, 122.5431897892431, 468.836814974214, 187.0235106651942]
330 1 [413.798652196785, 123.7766647933331, 469.568007195525, 192.6007974922982]
331 1 [415.7669977867208, 121.9487537204568, 468.500470560191, 190.5926449703989]
332 1 [415.8592947013839, 121.4155033948645, 472.2585917008491, 190.058738483964]
333 1 [413.6779728420242, 117.8369099619612, 470.2156376178332, 185.1931187198178]
334 1 [411.5470439889631, 113.1289369909372, 465.7659779741578, 181.9121886392571]
335 1 [407.909330914279, 114.7336865512934, 462.0816556695757, 183.1889927719257]
336 1 [407.5148667716584, 105.6908109247033, 459.1041930203788, 175.1538487103393]
337 1 [408.5285885357461, 103.400057440931, 459.1470769873384, 173.2933989005999]
338 1 [406.2171664857469, 104.4312157987897, 456.6696694049484, 174.1003178071037]
339 1 [404.4330568262539, 105.3757422769722, 458.223846830099, 174.0182578653075]
340 1 [404.714244230201, 105.8370426579658, 455.7473174358403, 175.64696450655]
341 1 [399.8962958888314, 106.1131405144278, 450.7725233648641, 175.556196729896]
342 1 [398.1489212275646, 114.7858316191286, 451.8445285349972, 181.7609223052775]
343 1 [399.9896062747739, 108.9595358579699, 451.0145330859907, 177.4338926293601]
344 1 [386.8564228997729, 116.8233618646208, 437.9239837761886, 187.7524220236397]
345 1 [407.6203098171554, 117.5839452690724, 462.5885904617923, 188.1485204625145]
346 1 [384.7252134499303, 118.8806915491168, 436.4744334142619, 189.2910384480068]
347 1 [389.0691322372458, 110.5941247253958, 440.245029484095, 179.5540373283793]
348 1 [384.4235111759207, 114.1986324324552, 435.3042984551749, 182.827888284274]
349 1 [391.0410095574497, 117.4832815519348, 446.0134869696453, 187.1478512676698]
350 1 [379.6810344741843, 117.0382539912407, 430.5005126449696, 186.5163430343139]
351 1 [389.6684448728501, 114.9246913819388, 443.7335051600671, 185.3555766809458]
352 1 [392.3486200692295, 116.5250221258775, 448.7935333676046, 185.9398735177875]
353 1 [389.9140839562915, 117.8721896075458, 445.4869219649944, 185.9117570864296]
354 1 [389.3274762155651, 119.8182304530218, 444.5404297385331, 189.1393505874768]
355 1 [391.2228112504981, 121.0315217413753, 448.0802639052268, 189.3401581310924]
356 1 [383.1103395954869, 117.5521096273605, 435.4626734064929, 187.0667269024655]
357 1 [383.1055671507656, 117.0168161234632, 436.7422358584397, 186.0091464131354]
358 1 [383.5036881501018, 116.2763094669953, 436.8102543281861, 186.5605643533264]
359 1 [383.9152848525136, 114.4805901675299, 437.6079282804266, 186.7649820688847]
360 1 [382.8945204736828, 114.446187540032, 438.5498137372438, 185.9997052572028]
361 1 [381.0045191762201, 113.3738596032653, 434.6326668964452, 182.9036037257684]
362 1 [383.7422759407363, 109.8888516266179, 436.6691433745191, 179.3779826503009]
363 1 [383.413850846251, 104.8691865786258, 434.6268913621956, 172.0672562241595]
364 1 [377.8947162614367, 104.7425851955358, 429.34396752898, 173.6284546161869]
365 1 [380.6150001315563, 105.1833661711589, 432.2615819573032, 173.085235345666]
366 1 [383.1729758409946, 102.4571868098155, 434.4576463618637, 171.1255668706646]
367 1 [379.3653502622782, 100.7428572485969, 432.6843964514127, 169.8858215513851]
368 1 [376.3450478175818, 97.2433467815444, 430.0653881063641, 166.7596255403709]
369 1 [379.9217724325299, 101.9543735152856, 432.2120900486856, 176.8383200973221]
370 1 [380.1405864292919, 99.87508197601886, 434.109800719528, 168.281549549963]
371 1 [382.6240840563714, 99.32139313880356, 436.7093372029524, 168.3250247432379]
