redteam 0
2 1 [196.4924132674933, 86.71016451716423, 234.4652830599745, 104.6964414954186]
3 1 [197.2525062412024, 88.03131607174873, 235.4687068167648, 105.8926882677647]
4 1 [194.4048930853605, 87.5968514084816, 232.6129407970491, 105.4868962986585]
5 1 [195.0053939968348, 88.00460743904114, 232.9469291621275, 105.9080131808826]
6 1 [194.1240721493959, 87.39912262558937, 231.6281135386637, 105.3654386049343]
7 1 [197.7861128598452, 84.50918474793434, 235.387803341431, 102.3953842404705]
8 1 [194.268721178174, 88.39000859856606, 231.737255620996, 106.266111983692]
9 1 [194.6425617709756, 88.89976537227631, 232.1505804097359, 106.4478134992053]
10 1 [194.44610889256, 87.83671939373016, 232.0477132558515, 105.3595120744205]
11 1 [194.8267602175474, 86.53543809056282, 232.4693657594792, 104.0426418835601]
12 1 [192.4471725076437, 86.628512179479, 230.0527545208436, 104.0780128833368]
13 1 [195.6660986989737, 87.26183134876192, 233.4932381646016, 104.7054374312437]
14 1 [195.5211268998683, 86.96661287359893, 233.3215865205284, 104.3968046799766]
15 1 [194.8565629906952, 86.83719537220895, 232.4501884533277, 104.202776248494]
16 1 [193.5387970991433, 88.87373695336282, 231.2157606505093, 106.2375238214803]
17 1 [194.1927576549351, 87.92702901922166, 232.0286533047942, 105.1994234681813]
18 1 [195.124161619693, 86.73710400424898, 232.6906933665958, 104.0810988834089]
19 1 [193.7419743426144, 86.94160031341016, 231.0175002885775, 104.2910236425738]
20 1 [194.2698942311108, 85.92490201257169, 231.3879416503617, 103.2598646882567]
21 1 [194.7216185070574, 87.91897850297391, 232.1335288165585, 105.1802144661317]
22 1 [195.8140945769846, 86.97860621474683, 233.5630136303563, 104.0797571487721]
23 1 [192.8305763937533, 88.2846217956394, 230.5432668064437, 105.2894285028623]
24 1 [194.7064962126315, 88.67843436263502, 232.5324609658146, 105.4867089831995]
25 1 [193.8725023902953, 90.14221640489996, 231.2577023801092, 107.0900602705963]
26 1 [194.7911511100829, 88.73800953291357, 232.5535180846758, 105.5430782438469]
27 1 [193.8095423616469, 87.60033698938787, 231.829240974512, 104.3184981397818]
28 1 [192.8240692652762, 87.26868486218154, 231.1704436740674, 104.0510494152793]
29 1 [191.8871352113783, 88.68043562583625, 230.1408133466782, 105.310328469791]
30 1 [190.2375021018088, 88.54320233501494, 228.5835521610111, 105.1594080564783]
31 1 [192.5477795638144, 86.53807299770415, 230.7782294918966, 103.1978341523322]
32 1 [191.9259272404015, 88.58141952194274, 230.0015683761581, 105.4087031940014]
33 1 [192.7990205176175, 88.60963863506913, 231.0113927120053, 105.490455184794]
34 1 [190.7027313001454, 88.51507143303752, 229.113339465005, 105.3284621116275]
35 1 [189.7198593206704, 87.75072072073817, 228.1422097421548, 104.5817833328625]
36 1 [189.988146673888, 88.73284007236362, 228.3752139443868, 105.4739114810121]
37 1 [188.9980422072113, 88.50102188810706, 227.9488153153083, 105.2425715828162]
38 1 [188.7298956923187, 87.59341421350837, 227.8232074784871, 104.1091957395115]
39 1 [189.9852479211986, 87.90791041776538, 229.2857101468099, 104.3838426333852]
40 1 [188.7388605289161, 87.56995489820838, 228.7965091264369, 104.136677958835]
41 1 [189.2362562976778, 88.71532502397895, 229.1341089053, 105.2122916865477]
42 1 [187.458096023649, 87.50114407762885, 226.9454899830107, 104.0062901071728]
43 1 [193.5103719197214, 87.75970650091767, 233.1482496931346, 104.1740804461217]
44 1 [195.7568330131471, 87.54225449636579, 235.1761552519192, 104.0519901247586]
45 1 [188.9478408657014, 85.91251980140805, 228.3407103041583, 102.5385872414893]
46 1 [190.9758403263986, 85.97197191976011, 230.1005100701774, 102.4739202671683]
47 1 [187.9597502909601, 87.5314225461334, 226.7617291121624, 104.1391799283407]
48 1 [187.7658847384155, 87.55030458653346, 226.9032216974009, 104.1372434587852]
49 1 [183.835258346051, 88.64275159919635, 222.956459319042, 105.2710173071731]
50 1 [186.6423165015876, 87.87465920532122, 225.7776184374655, 104.6065207837447]
51 1 [187.6188971810043, 88.40752741182223, 226.9985775069054, 105.3049801685292]
52 1 [185.7917633466423, 88.59717036271468, 225.2189821689612, 105.4739321441977]
53 1 [185.2137846313417, 88.59548957704101, 225.0411329576378, 105.4275081018577]
54 1 [186.6632799766958, 88.86827754287515, 226.605556161866, 105.7748176788677]
55 1 [182.940019454807, 88.63745199947152, 223.3108349154236, 105.3534647369915]
56 1 [183.7974199317396, 87.66672568826471, 224.1044227250217, 104.2908815597449]
57 1 [180.4323601983488, 90.79419713525567, 220.7748631088754, 107.3704609862959]
58 1 [181.9930371306837, 90.45500574319158, 221.9271751289695, 107.0661949712183]
59 1 [182.2319484837353, 90.69831654487643, 222.3213312197717, 107.2486987647264]
60 1 [181.9262668900192, 90.61629887914751, 222.0068842048516, 107.162323376098]
61 1 [179.3009983114898, 92.53346856927965, 220.0040079095982, 109.2058676145688]
62 1 [181.7165562324226, 90.96288641786668, 222.5622885045964, 107.5162877445538]
63 1 [179.9327136091888, 90.95109062700067, 220.7342436682247, 107.2203973438903]
64 1 [181.7722857408226, 90.98549820261542, 222.3264985935531, 107.0679105236716]
65 1 [184.7339923791587, 89.96563990192954, 225.8003967263142, 106.159196963148]
66 1 [184.2224276177585, 90.98917622643057, 225.2354191239461, 107.1987233997423]
67 1 [183.6328045390546, 87.409919215017, 224.491171064195, 103.4659324591702]
68 1 [183.8096760176122, 90.88665254192893, 224.7538578080891, 107.0374780814303]
69 1 [181.2270620726049, 90.91662511008326, 222.7453186919186, 107.1396468399827]
70 1 [179.6576845906675, 92.33352052944247, 221.1459924109278, 108.333702935013]
71 1 [180.2987852953374, 89.96198588388506, 221.9509395780968, 106.129274915577]
72 1 [179.2760454080999, 92.72121685522143, 221.2605981233785, 108.8002871975519]
73 1 [178.9554634951055, 92.94631270843092, 220.6498837051586, 109.1416819921922]
74 1 [178.6105392389, 90.73689023929182, 220.4806636584341, 107.0854142409839]
75 1 [177.6357339136303, 90.68518355267588, 219.5775555911816, 107.1889958940089]
76 1 [178.1119600348175, 88.48387494462077, 220.1498966537636, 105.0180836470666]
77 1 [177.6777551881969, 90.63441344874445, 219.5441300562419, 107.1866896208492]
78 1 [180.4912603013217, 89.92066815274302, 222.6272767054808, 106.2506801266995]
79 1 [182.2375970594585, 87.99226018565241, 224.0338748469062, 104.3160601273902]
80 1 [180.6731340996921, 92.95354828017298, 221.8023479955421, 109.4027252617021]
81 1 [180.1853811852634, 91.71571695583407, 221.2108431269553, 108.4443857758417]
82 1 [180.7293420247734, 90.6122397162253, 222.0061780023256, 107.3548801567698]
83 1 [180.9692136310041, 90.7967645652825, 222.1480241300188, 107.8280111063009]
84 1 [181.907326426357, 92.82414032297675, 222.589865332924, 109.7130049178576]
85 1 [179.5082875154913, 91.95978702383582, 220.5413914398787, 108.9638650025651]
86 1 [181.8477193377912, 93.19292162137572, 223.2036469674584, 110.2587577810698]
87 1 [179.854554977268, 98.44004986959044, 221.005403773196, 115.4165967208385]
88 1 [180.7277959547937, 97.80598151462618, 222.1744178172964, 114.6560367457711]
89 1 [179.8264367543161, 94.28405368106905, 221.394790853068, 111.3241333209457]
90 1 [180.0306415967643, 96.7338337280089, 221.6041474883365, 113.7370274619358]
91 1 [180.6351060084999, 91.24849670904223, 222.3279274326636, 108.5078272474441]
92 1 [181.9017044715583, 92.91198754089419, 223.4260193011114, 110.0799221592487]
93 1 [183.2679256312549, 96.71413218753878, 225.0336585854406, 113.7055818097146]
94 1 [182.197031956166, 92.88793241756503, 223.9447149416097, 110.0500009372793]
95 1 [180.5602691583335, 91.97464453952853, 222.0619175883401, 109.074001886281]
96 1 [183.448452334851, 92.88575687783305, 224.6205229295174, 110.0637336731768]
97 1 [179.1222820095718, 92.96688681060914, 220.2929042793364, 110.266481692647]
98 1 [184.3578177504242, 94.96728938037995, 224.9281544727178, 112.1866518153177]
99 1 [182.4140455536544, 95.79801001364831, 223.1524492712437, 113.0233522036977]
100 1 [181.2449126653373, 94.75651629979257, 222.1827021702835, 112.2036028028838]
101 1 [183.2287461571395, 95.01929466391448, 224.1008958065679, 112.2254078325727]
102 1 [183.3614051640034, 96.39711163903121, 224.2176641183315, 113.6383243993304]
103 1 [185.5958617627621, 97.71617169643287, 225.9217513351456, 114.9458270402056]
104 1 [186.2753622233868, 93.90970690513495, 226.5596900002154, 111.1744381830524]
105 1 [184.9409303367138, 94.45300734008197, 224.8850715382317, 111.8268989824792]
106 1 [186.8361713588238, 89.40878891909961, 227.067684810218, 106.7791631971604]
107 1 [185.3942837417126, 91.77430093253497, 225.5684287015799, 109.4257571653597]
108 1 [179.7127835452557, 90.63543570006732, 220.3495964846643, 108.184434690247]
109 1 [181.3997590839863, 90.78384799102787, 222.2312449850973, 108.2003373049891]
110 1 [183.6861534416676, 89.7359735701466, 224.9822657349119, 107.0764540415216]
111 1 [183.6853027321922, 86.74055907467846, 225.4653408121501, 104.1243821926912]
112 1 [180.9684504844772, 86.82067150587682, 222.5518760843858, 104.1601563949347]
113 1 [183.9252924897301, 86.77180284226779, 225.3530725986794, 104.1661815269069]
114 1 [182.2694098331558, 86.93656334246043, 223.6825116632382, 104.4180764055874]
115 1 [179.7260782696831, 85.61277320946101, 221.8808977256648, 102.9826147934576]
116 1 [180.474315387808, 91.55520871246699, 222.7483072647279, 109.1256866771835]
117 1 [180.4739181909827, 89.82078042591456, 222.6996879035265, 107.2956122182014]
118 1 [179.8849982980755, 90.44121497834567, 222.3577734267484, 108.0263092516018]
119 1 [182.3683456543949, 90.93145894969348, 225.1512663929577, 108.286311313648]
120 1 [181.7749683324364, 91.6541294750059, 224.157725745164, 109.140996474761]
121 1 [182.7748390797642, 92.47522705758456, 225.0444578640869, 109.8232039054299]
122 1 [182.6203556086985, 90.97240894997958, 224.5979687652478, 108.3327123907153]
123 1 [182.9682637777296, 90.87941713782493, 224.5916975287933, 108.1033191700093]
124 1 [183.0590170014766, 90.88520274090115, 225.0307489058714, 108.1532866732996]
125 1 [184.634735940781, 90.85902973974589, 227.1989555368302, 108.3235355825496]
126 1 [183.0732362855342, 92.19208198750857, 225.7677631105814, 109.491653246614]
127 1 [180.5550667036441, 92.1888809746597, 224.020723489984, 109.3933070473157]
128 1 [181.1216659236816, 93.22345467866398, 224.1156584846221, 110.4073788280931]
129 1 [180.7599949155119, 92.95356428087689, 223.8202779932656, 110.201061302807]
130 1 [177.9051850352553, 94.85653989971615, 220.60894889054, 111.8942904706285]
131 1 [180.517726353195, 93.96692332089879, 223.0863495747088, 111.0878682674346]
132 1 [177.5242727313307, 94.14249618561007, 220.3993729001537, 111.3327508294799]
133 1 [178.5972148988512, 94.22383302287199, 221.4673552431121, 111.3876973281886]
134 1 [178.7420722123352, 93.99956599459983, 221.4502408755328, 111.2877671818912]
135 1 [175.8630527135101, 93.8660862094257, 218.6596209800709, 111.0357925253807]
136 1 [177.3851417776314, 93.95768153504469, 220.2670051484821, 111.2381292058916]
137 1 [179.9315729018417, 93.81449168385007, 222.9734266827967, 111.2020820107279]
138 1 [178.2478904005257, 91.92213528812863, 221.699860012287, 109.3344846396478]
139 1 [178.7433303471771, 92.90147068561055, 222.7647127368162, 110.3496419412596]
140 1 [179.1523962792126, 91.97537499130704, 223.3269545768135, 109.4885579179677]
141 1 [177.3475185211864, 90.91283568204381, 221.4125798279428, 108.2272493844292]
142 1 [179.1418732579914, 91.59877599240281, 223.3130342687296, 109.0068778196878]
143 1 [181.70135654771, 91.89702927530743, 226.0888557310664, 109.1006607325687]
144 1 [181.773719244462, 91.99648233340122, 226.171939369871, 109.2045833843858]
145 1 [180.2061304383096, 86.99640985415317, 224.9594040218287, 104.1195841887815]
146 1 [180.2164266249747, 90.98237880156376, 224.6483974834819, 108.0297659101289]
147 1 [182.3264716407866, 89.93529554293491, 226.8473333429689, 107.0711809471998]
148 1 [177.8642153284163, 87.92786683724262, 222.5726945894953, 105.14232880593]
149 1 [179.4738116404624, 90.96247448609211, 224.1063338511844, 108.189687981719]
150 1 [179.9160984298796, 89.71213584230281, 224.6519782408734, 107.0227084407691]
151 1 [179.3454875192256, 88.99358098790981, 224.1308075426216, 106.3462613568884]
152 1 [180.3675664207549, 90.63443272397853, 225.3507690578128, 108.0207122018973]
153 1 [177.9322021743865, 89.8994104473386, 223.1209154222031, 107.219120369056]
154 1 [177.7067830479355, 88.96872585103847, 223.3478125857443, 106.4631013893813]
155 1 [179.8224070584984, 91.35833554551937, 225.5115315801317, 109.2089113513458]
156 1 [177.2930524862022, 90.99827840016224, 222.8330003648003, 108.6898238418063]
157 1 [177.1574938772828, 89.96839355514385, 222.2191235037826, 107.7732179333772]
158 1 [177.4346084250719, 89.59014361188747, 222.4839553332938, 107.5115872499538]
159 1 [176.5563794328482, 87.34306292817928, 221.8242731780381, 105.2457830576219]
160 1 [177.9754505707533, 86.56336488411762, 223.7176785679715, 104.2282348219128]
161 1 [177.7561165942461, 87.50127159641124, 222.555197743367, 105.1517384418592]
162 1 [176.5650363518507, 88.8291871456895, 221.6647710685113, 106.3012195687641]
163 1 [178.674503083399, 86.84733294532634, 223.7673671111394, 104.29653610927]
164 1 [178.6067570606829, 86.53814235166647, 223.8625396134405, 104.0584731489014]
165 1 [175.6610202948214, 87.56544440821745, 220.3401264928653, 105.0565818144933]
166 1 [177.2917592088343, 88.60016625956632, 222.1916392754206, 106.102072203927]
167 1 [176.4200250963331, 86.790486095706, 221.3385462882328, 104.2662162304813]
168 1 [176.9569726298214, 87.95633390382864, 222.0547758956753, 105.5425110296553]
169 1 [176.8887212509872, 86.94066959456541, 222.1559548656645, 104.4790657786141]
170 1 [180.5327468151809, 88.00537943677045, 225.655730531706, 105.4085825206418]
171 1 [182.6736821169616, 88.77890750602819, 227.4662836723234, 106.2201908051604]
172 1 [182.9641525680781, 88.83686537691392, 227.5070797404919, 106.3758314612013]
173 1 [183.3134135539294, 88.5703626985196, 228.119129391519, 106.2300707661932]
174 1 [183.1282612356008, 88.36901615210809, 227.7092831869616, 106.1750332367221]
175 1 [180.4184633764089, 86.73106924840249, 225.3177863428597, 104.4489791443142]
176 1 [181.3892088207067, 86.92979152151384, 226.1499337568602, 104.6564466903398]
177 1 [180.4217716130079, 86.35087953158654, 225.5762376262243, 104.0027179295319]
178 1 [179.9471969726146, 86.40285853506066, 225.1863738660738, 104.0543765788387]
179 1 [180.7116845669807, 87.24613405228593, 226.0820069782014, 104.9752979607441]
180 1 [181.2618996026577, 86.39683018089272, 226.3355443454867, 104.1122279552942]
181 1 [182.5845472040237, 86.99599964381196, 227.7175290631813, 104.5992879781897]
182 1 [183.9517101767124, 86.5869764930103, 228.9589981696468, 104.1880640975528]
183 1 [184.0987547869445, 88.2964314466808, 228.9268157490183, 105.8325083297573]
184 1 [185.301741355157, 88.72473400295712, 229.7452788213423, 106.0781493693536]
185 1 [184.9359856779338, 86.79496257961728, 228.9821250644616, 104.2594594130415]
186 1 [184.6528929332853, 87.53571995557286, 228.2942699712573, 105.0106511233147]
187 1 [184.9032327989698, 86.66410573781468, 229.1285054405432, 104.0484382113885]
188 1 [185.0436530123116, 86.87361791194417, 229.2918148132926, 104.2676591145443]
189 1 [183.9483769843937, 86.99514720425941, 228.4564524523189, 104.4155155861646]
190 1 [186.9819600293995, 86.78579940483905, 231.4085144412814, 104.2575561700479]
191 1 [186.6999731595279, 88.72708966420032, 231.1638111797094, 106.2773292682296]
192 1 [185.8917376632453, 86.82343598292209, 230.5737645806009, 104.4161139893973]
193 1 [185.8075082759024, 86.9244834354613, 230.7083068940689, 104.5063487734874]
194 1 [185.1506306389929, 88.51304425508715, 230.2541137467224, 106.1845095670776]
195 1 [183.6449132422567, 87.64869605214335, 229.0328723483885, 105.3613100689713]
196 1 [186.4785129288794, 89.3220724335406, 232.3130120571562, 107.1096778793496]
197 1 [187.8272923092009, 87.95011098892428, 233.6330866235391, 105.7735838624169]
198 1 [183.5523629049421, 86.53618799359538, 229.5426558800502, 104.2668335937739]
199 1 [186.9629472355009, 87.54528223187663, 232.7600791175356, 105.2489051485817]
200 1 [184.4214798072935, 87.79910134733655, 230.4642340566691, 105.5385226278912]
201 1 [183.0811023573042, 88.18654930056073, 229.4044567912751, 105.7167694325898]
202 1 [185.6704954961897, 89.8209923452232, 231.7422170621214, 107.3858776711897]
203 1 [186.9652501801611, 87.68018400133587, 232.7191034596775, 105.0706125159306]
204 1 [186.5017699609161, 89.25416057766415, 232.2118406546015, 106.536476611174]
205 1 [187.5392594049336, 88.8301508075092, 233.2001492986142, 106.2285144148529]
206 1 [186.2901129136444, 87.54336013854481, 232.0797845634357, 105.0749894923936]
207 1 [185.2334496090771, 86.54781239689328, 230.7372342120215, 104.2737760173214]
208 1 [181.9340861151577, 87.75622534216382, 227.1379523553883, 105.4683610576226]
209 1 [183.6897619674564, 87.37867357791401, 229.1476709526176, 105.1102191790115]
210 1 [182.7806875715614, 86.39801379502751, 228.504667446002, 104.0651910398454]
211 1 [182.3604537705542, 87.80655082524754, 228.8014251847565, 105.5504482009436]
212 1 [183.1898721913458, 87.17034519673325, 230.091721448595, 104.7506091609158]
213 1 [183.2833875204087, 86.98203284502961, 229.7424686692091, 104.5692343220856]
214 1 [182.2818491543294, 88.4786566591356, 228.2941480321895, 105.9425517172664]
215 1 [182.27306415356, 85.68921829224564, 228.7270652845634, 103.1512641571093]
216 1 [182.4312255590339, 85.94986932934262, 228.9148627285754, 103.4240384679138]
217 1 [180.4790918438812, 84.59550871909596, 227.2353693842919, 102.0592510267962]
218 1 [181.0798245429178, 84.96415440947749, 227.6668201180287, 102.4873925836347]
219 1 [181.0786246452772, 84.82235922873952, 227.2568836182778, 102.2272428447901]
220 1 [185.9291367922269, 86.25051626027562, 232.3300968300317, 103.6258836437373]
221 1 [182.6091542635404, 84.80595144093968, 229.1664752539739, 102.1690895588657]
222 1 [181.5005161855661, 84.86206790269353, 228.3362670173106, 102.1147546671384]
223 1 [181.4417204261117, 85.91898440779187, 228.5005973228414, 103.20023747762]
224 1 [182.7335020602041, 83.95544307888486, 229.4941474377466, 101.2578803759815]
225 1 [183.2853752821975, 84.82369416416623, 230.0615606874228, 102.1336622337243]
226 1 [182.1169286817603, 83.72646817029454, 229.1102259706943, 101.0772631539605]
227 1 [186.4401399940543, 83.89480185345747, 233.5090777870923, 101.1866415866758]
228 1 [184.5602027625137, 82.71985626057722, 231.6982969441947, 100.0370427230299]
229 1 [184.9443855285936, 82.67749840510078, 232.2914827267457, 100.0583625947959]
230 1 [184.3097392022901, 81.970397566678, 231.6011758682756, 99.41870993337936]
231 1 [182.8536677062803, 82.84692755830474, 230.5794960746469, 100.2739264381011]
232 1 [183.9034565091424, 84.7146848787088, 231.4486574546877, 102.024060457455]
233 1 [183.4890628159337, 84.71423234888061, 231.4899854892225, 102.0036969373177]
234 1 [187.4156855643087, 87.80401303716644, 235.3777319271726, 105.2553199352138]
235 1 [185.8664098084264, 84.30724968858704, 234.051496283699, 101.7451370074465]
236 1 [187.0147882998281, 83.68562235780701, 235.3934822403479, 101.0897457279086]
237 1 [186.134686857491, 83.39885755725845, 234.6519237766238, 101.0859773550498]
238 1 [185.9481848515861, 89.11840685554489, 234.3268657446162, 106.6879203718793]
239 1 [184.4565648772114, 82.94581922241196, 233.0015411803522, 100.5155070936674]
240 1 [187.1920447089069, 82.65480595924601, 234.859638907667, 100.2619181312977]
241 1 [186.2497941591137, 86.37440437175974, 234.1805608152889, 103.9187480022959]
242 1 [191.0169604160183, 85.85059300162538, 239.0387284382489, 103.2570377403083]
243 1 [195.2777241803997, 75.04138222434267, 243.1235095489697, 92.4440136589527]
244 1 [195.2987857531116, 74.52438920833811, 242.9678634190901, 91.92763461888914]
245 1 [190.8536405037448, 75.05846373834356, 238.7974598144615, 92.5305141277328]
246 1 [189.6196528743312, 83.85689465799078, 237.6818581545108, 101.0963483987881]
247 1 [190.3490192215249, 84.03513549365744, 238.436847142234, 101.2855165204073]
248 1 [189.6729152421758, 85.50402580299124, 237.3828728423, 102.7285248394734]
249 1 [190.5018678526685, 85.5899702283059, 238.9940316399792, 102.7881563981415]
250 1 [188.1179578523443, 86.93572649084672, 236.529760321837, 104.1497824635625]
251 1 [185.5707549671934, 84.6637495430623, 233.3666718213059, 101.8665717069801]
252 1 [185.3773067663715, 84.37599176638469, 233.0501918423944, 101.5335863582336]
253 1 [185.8224509577558, 86.44742888682231, 233.6874297228874, 103.4039994920871]
254 1 [186.6382366936014, 80.43454283945903, 234.6273278239802, 97.50940696319015]
255 1 [189.2530983011529, 81.69219390027865, 237.0736766742771, 98.73682258816608]
256 1 [189.2058874885843, 78.88193980329379, 237.022260517493, 95.85357978006429]
257 1 [188.2529597799585, 80.55777809493884, 236.3669985008519, 98.00062708861518]
258 1 [189.8355140607164, 87.73404261939868, 237.7791643042271, 105.3348927141166]
259 1 [190.2387862871692, 89.3140845643793, 238.1622983373907, 106.8329798321952]
260 1 [193.487031526427, 85.97272983663424, 241.1934921955618, 103.5174059948905]
261 1 [194.0175036262081, 86.04937869221612, 241.5186179194174, 103.6211107798857]
262 1 [195.6950635384128, 87.57069134623453, 243.1777237504077, 105.0609289605536]
263 1 [195.0405500452325, 86.66852408558771, 242.9272741819787, 104.087797278447]
264 1 [191.3419343750284, 80.47137385517999, 239.7997039081554, 97.97435239091068]
265 1 [195.2106696884439, 79.71560728461191, 243.9004324445528, 97.26604415083361]
266 1 [195.3200746584043, 84.92848408133432, 244.2590851990852, 102.5797549240157]
267 1 [198.1584776449308, 85.68575018555566, 247.6635599522651, 103.2307415034675]
268 1 [197.694569613348, 85.53964152098342, 247.665699597186, 103.1578203864132]
269 1 [200.6096728700504, 79.65736367464706, 250.4916481627253, 97.14217291744048]
270 1 [202.5244823950634, 79.19380298913166, 252.7992753016847, 96.83233694852208]
271 1 [207.3565938729153, 73.90059081376239, 257.098353699544, 91.42979542540358]
272 1 [210.0081082242832, 69.87909189522907, 259.4031527521263, 87.3091395821663]
273 1 [213.6460605520115, 69.471925414211, 262.8236065748309, 86.99057703345714]
274 1 [212.229751374136, 69.39759382516786, 261.7896547682963, 86.93297106694722]
275 1 [210.5737730521068, 73.95172080308839, 259.8298191584051, 91.5340104368523]
276 1 [213.7713867682323, 73.81716762021824, 262.8529227242324, 91.41657225079339]
277 1 [212.1933986801014, 69.72182605699345, 261.1327200081007, 87.11070259985753]
278 1 [212.5632460224733, 75.23863075212285, 261.2672713169549, 92.74342497131849]
279 1 [209.8039952027903, 76.90922300056263, 258.4555698713084, 94.33312766493314]
280 1 [207.6333199250803, 82.83315519527241, 256.550199753214, 100.2677325423668]
281 1 [211.4000551211939, 76.54125861362263, 260.0366571893185, 94.11747897424066]
282 1 [209.3669129717455, 72.53569595054432, 257.7546102216344, 90.136780638462]
283 1 [208.1203536498651, 71.36872751549527, 255.9844202891382, 88.86427104342371]
284 1 [209.1162534761534, 71.20598317593976, 256.8644574430289, 88.84901654379513]
285 1 [211.5236916351423, 71.21920578744903, 258.8762486669552, 88.93872092884024]
286 1 [214.4385778117285, 70.0726963486959, 261.9599240121868, 87.69484094684961]
287 1 [211.2318581748114, 70.07362275732157, 257.8148421340058, 87.74334056726509]
288 1 [212.4618229377375, 76.64812617910502, 259.2652495548052, 94.48150022598975]
289 1 [210.0385736930475, 68.78244310033915, 256.7031208083544, 86.439233068142]
290 1 [210.7142419922457, 67.41358631265757, 256.9523918394384, 85.05648194240941]
291 1 [211.3399030077562, 68.94881122720835, 257.9298693924982, 86.5092901008841]
292 1 [210.1923088836775, 67.77106299412844, 256.5620579009568, 85.25832729817796]
293 1 [213.9760682392225, 67.75134420928953, 260.3624450740225, 85.48482116057632]
294 1 [214.8594558346376, 68.21521571812627, 260.9400863202609, 85.89352970548852]
295 1 [209.4962716209993, 68.4624825098872, 255.3993922926392, 86.05134136901455]
296 1 [209.5595991625742, 68.29120233071444, 255.6016042575771, 85.95836871259311]
297 1 [204.2993330969766, 69.93922253859637, 250.245652645802, 87.54147599348477]
298 1 [205.0573111488775, 70.62741004837153, 250.7472758642504, 88.16767117987209]
299 1 [206.2636083676771, 70.03233032835124, 251.8815804248591, 87.57269367401408]
300 1 [206.1226165532426, 69.62366122913954, 251.9869708507534, 87.29150872401306]
301 1 [207.7264160751656, 68.11887026739714, 253.5829497266089, 85.91287785921551]
302 1 [209.18629237407, 70.31054759932158, 255.5786113091047, 87.96199274304153]
303 1 [209.1070021405176, 73.7051048369467, 255.6961238083718, 91.38332436296351]
304 1 [212.3871628060297, 67.13359046888945, 258.8816801261904, 84.8114854938915]
305 1 [209.6200922741846, 75.14592100096343, 255.8158530357962, 92.76775184688847]
306 1 [208.5535908951715, 74.74172908974288, 254.473491978951, 92.74162099972187]
307 1 [214.6614042534784, 72.06956584168074, 260.6183163183584, 90.08805448942717]
308 1 [215.5022154464677, 66.9197266788542, 261.4223564218494, 84.92373026512581]
309 1 [210.3300796165422, 66.76153327686188, 256.7000759486626, 84.83098444220261]
310 1 [210.1474363929883, 71.03056396705506, 256.9330757823602, 89.1212690565236]
311 1 [214.1402682191983, 66.75918008548615, 260.8686395850787, 84.77533244526903]
312 1 [209.5908422596112, 66.34649151725171, 256.8791929199263, 84.37405462753475]
313 1 [209.4516226924316, 66.67870883060095, 256.454929541932, 84.71750751765001]
314 1 [209.2114032036916, 69.31755957913993, 255.9674593127161, 87.32949588898093]
315 1 [205.1791300303594, 67.4323253424227, 252.0998609650462, 85.45791810983758]
316 1 [206.6543279118196, 65.42038533998129, 252.8050682699158, 83.39726644943828]
317 1 [210.0867393440858, 65.537543346858, 255.9109865130449, 83.50198320375301]
318 1 [209.7766923434392, 64.15493228075502, 255.7407183917511, 82.08790035829252]
319 1 [209.2590476847545, 62.16810437080858, 255.2948974460396, 80.15778916294754]
320 1 [211.1286441064731, 65.55252643463609, 256.9531646806299, 83.70900951102331]
321 1 [207.9477534271136, 70.33823462364671, 254.0234501958399, 88.32158054921059]
322 1 [208.2091714195267, 66.05901118156908, 254.774942144448, 83.94008540516725]
323 1 [211.622795586969, 68.36755432722566, 258.6478294427323, 86.2456128174845]
324 1 [209.7623301199928, 70.35308315393922, 257.1482786455328, 88.15420342203134]
325 1 [207.0668643764511, 63.6475591861963, 254.639504639313, 81.41632486786689]
326 1 [209.017497485067, 67.19374920961855, 256.2421263088334, 85.03264525289927]
327 1 [212.9921078137413, 72.11550082800386, 260.1800231139001, 89.87546554848122]
328 1 [210.5183046511666, 73.15372358796594, 258.2023767308853, 90.92626494488013]
329 1 [208.4332966259972, 71.11656563518045, 255.2276846401168, 88.85363213068987]
330 1 [210.1504373601929, 67.90711372134683, 256.933831708707, 85.68148685832119]
331 1 [213.6362851909653, 65.62143318889139, 259.8980060207265, 83.50877436706637]
332 1 [215.4285742692009, 66.10283655462263, 261.6651799546643, 83.90064680603216]
333 1 [215.2462820015207, 66.86231789526937, 260.9668567345736, 84.63134426949125]
334 1 [216.9440659485117, 64.72099957404134, 262.0635667618242, 82.52039949262689]
335 1 [215.1456072531, 65.51729083595274, 259.6623013674341, 83.36021076144624]
336 1 [215.1358976830088, 65.44869677138922, 259.4685190212837, 83.0194762465369]
337 1 [215.1305662435771, 64.88433581007121, 259.5051236221018, 82.46786891708591]
338 1 [210.2232327503443, 68.20473175657389, 254.7442475582939, 85.90055555440385]
339 1 [209.8955866587639, 68.07435684067605, 253.8644146708141, 85.788411398718]
340 1 [214.1354989302636, 67.2666309641063, 257.8825631928921, 85.03418267539621]
341 1 [210.5695853722573, 67.20716405448911, 254.3469847599481, 85.0350494798758]
342 1 [209.7024045777798, 71.93229401645658, 253.6064513837837, 89.68422392240963]
343 1 [212.0758101535321, 71.77680123013852, 255.7895360691759, 89.53762695395113]
344 1 [214.2782043409825, 72.01823712301848, 257.2000635839395, 89.90408471837253]
345 1 [213.6099765789986, 71.37339987767336, 256.313147846092, 89.20794354400778]
346 1 [209.3802795899392, 68.99528416407702, 252.5804946761602, 86.93295005730033]
347 1 [213.2741640103341, 70.66444500697253, 256.7282524995229, 88.74426050506733]
348 1 [211.1153442752839, 69.83484276545642, 254.6821741287823, 87.88973369569951]
349 1 [209.0325826895714, 67.94230237019656, 252.7532339755533, 86.0003635039179]
350 1 [211.6326504838944, 70.16441204560397, 255.1522177507609, 88.40804962129323]
351 1 [208.7169492733956, 66.88119616520999, 252.0483078638068, 85.13453323789796]
352 1 [207.7621051264287, 64.80762847674487, 251.2330631147792, 83.15851436131783]
353 1 [204.3758816910267, 65.4448057354748, 247.7624470024318, 83.80889426182485]
354 1 [203.2155797970772, 67.68191718471644, 246.2263220725284, 85.98914941015539]
355 1 [205.7986314785958, 68.84313666236994, 249.2954079066359, 87.05244712727993]
356 1 [204.0143566620827, 68.92458221850393, 247.7454616427883, 87.27080402387958]
357 1 [200.9861358893395, 67.40890774664877, 245.2016147098209, 85.7719075192053]
358 1 [199.5609567356587, 66.90824772951601, 244.2029973478306, 85.31974338825667]
359 1 [203.3864923906804, 66.66799048868415, 247.4600014817461, 85.18320583805092]
360 1 [199.6108104181767, 67.90743900624511, 243.3409134385904, 86.39060469172716]
361 1 [195.3860304546834, 66.22041268435714, 239.2982975619763, 84.60418342668316]
362 1 [198.387428064394, 66.24575649735925, 242.4635348252166, 84.68539445671698]
363 1 [197.8746038270474, 66.28977986493555, 241.9937326525102, 84.76515925243447]
364 1 [198.9920282853127, 66.05532643267361, 242.8536759269769, 84.53940057559535]
365 1 [199.7215389353514, 70.99495944449154, 243.8616465282297, 89.33246437225813]
366 1 [196.5482521397353, 67.37965461680142, 240.5985032208212, 85.79325041159885]
367 1 [199.9616481405974, 67.65493361720291, 244.2877088816105, 86.05008773867793]
368 1 [202.1031685215712, 67.48202157088963, 246.3955421257201, 86.11626624211681]
369 1 [197.8570192200423, 68.59825664827076, 242.3280094851477, 87.31730404541325]
