shaking 0
2 1 [221.3237580060959, 134.665729418397, 282.2816404304902, 206.2551368552446]
3 4 [236.3386400938034, 136.4651034921408, 296.7374174395435, 208.6330894190753]
4 4 [239.2122493088245, 144.8659219741821, 301.0432513221572, 216.6885212788426]
5 6 [228.2566548474133, 149.1112668216229, 290.8519252948681, 220.8086153155588]
6 6 [227.9305171370506, 142.4679809212685, 290.0165763389156, 213.2185725869095]
7 6 [212.3472385816276, 144.2974372170866, 273.4816216515594, 217.1207139553605]
8 6 [222.7533547542989, 131.0421892777085, 284.0105107596132, 201.9551099164675]
9 6 [212.7744851410389, 133.3933899095282, 276.1615218315165, 204.4235650733224]
10 6 [211.9004508838989, 122.3789306879044, 273.6687901689615, 194.26476733978]
11 6 [211.4418842792511, 123.5366840064526, 275.2847722087121, 194.7600362102486]
12 6 [197.5827508568764, 122.3796254638583, 258.2121436124542, 194.3636637831481]
13 6 [203.2968602478504, 120.7036815360189, 267.2292964359417, 192.0767298350405]
