singer1 0
2 1 [44.60575997829437, 49.86841854453087, 131.3515458321571, 342.0172577480475]
3 1 [55.38827210664749, 51.0181827545166, 142.5661428208407, 341.7557914343]
4 1 [48.10017475858331, 48.45495273172855, 133.4113890080924, 342.582689076645]
5 1 [58.75328451395035, 44.94154371600598, 146.078642759698, 336.5680910037434]
6 1 [50.67391932010651, 45.10427345335484, 140.6197520300023, 339.5695737320082]
7 1 [64.57861259579659, 43.92484930157661, 153.009195856903, 341.4975543527833]
8 1 [63.35675735026598, 36.43623520433903, 150.8372810751068, 335.2724516736581]
9 1 [72.68266811966896, 55.88765085488558, 161.3738111221808, 344.9235505133243]
10 1 [66.59962836652994, 40.32566237077117, 154.6241901167666, 333.3390181060222]
11 1 [79.14101783186197, 48.96342829614878, 167.6002626751439, 340.3829869366421]
12 1 [72.97112477943301, 38.93243771791458, 165.6837729409926, 336.7823536626809]
13 1 [83.41711478307843, 51.27363962400705, 169.8936801933083, 339.0511769865282]
14 1 [81.21920574456453, 37.31813394278288, 168.6843913713377, 334.1122373185712]
15 1 [92.6521348208189, 48.33301515132189, 181.3917993474796, 335.7832586629605]
16 1 [87.16497821733356, 43.53788934927434, 174.3104259164989, 333.6693152840866]
17 1 [99.00534581393004, 48.28431718796492, 183.9307931383834, 341.0506743767819]
18 1 [89.40310852602124, 45.01565621048212, 174.0998156504471, 341.004961794097]
19 2 [100.5664238939062, 51.4791551772505, 187.159041301719, 350.1447775997682]
20 2 [100.2299880469218, 49.358213448897, 187.4272632280283, 348.4017464780661]
21 2 [104.9224992096424, 55.85067020077258, 192.0190953832476, 346.0410562566911]
22 2 [101.2051686132327, 41.9712173640728, 188.5721416654527, 350.0438008972668]
23 2 [108.2979018404149, 50.75435706228018, 197.5127273019984, 342.3988639602909]
24 6 [106.089593777433, 53.62945333868265, 194.8051374734303, 345.9212548343028]
25 1 [115.8481441996992, 51.58917587995529, 199.6303685536715, 333.0802796355286]
26 1 [117.8005924914032, 33.24559838324785, 202.4679044275444, 327.1076954909646]
27 1 [122.5806472450495, 47.63474398571998, 208.5242416072676, 342.8927635949418]
28 1 [118.7184297293425, 34.9441655240953, 207.3967270480887, 327.2930115177589]
29 2 [123.2326086983085, 49.25356614217162, 210.9567663109236, 331.7821958049505]
30 6 [121.43036685884, 44.75246148929, 213.6568921798404, 331.0244144395141]
31 6 [128.78302924335, 61.28064242005348, 214.8554415213439, 347.9682385193456]
32 6 [125.972313657403, 60.25967062264681, 215.5650584659399, 346.8394034435134]
33 6 [131.3974818587303, 47.20406803116202, 218.2183846825133, 331.4945645200866]
34 6 [128.7357066944242, 64.26236570626497, 219.6758543151032, 348.9797956775602]
35 6 [126.3977558165789, 56.11136728711426, 218.1455996418836, 342.45611067413]
36 6 [139.068517126143, 68.79645106196404, 226.4097485914515, 345.6278769452268]
37 6 [136.2637782108504, 58.14556681364775, 221.7487040915696, 342.1632835085431]
38 6 [138.7404830381274, 70.12863022089005, 223.9877756989378, 348.9793389756497]
39 6 [146.9536945037544, 68.80586785078049, 232.1138950842067, 345.9668635595902]
40 6 [150.2688209526241, 61.2210239591077, 236.6416444845969, 341.5629477627898]
41 6 [147.884357200237, 67.44500451534987, 233.9465347924511, 350.4284365003256]
42 6 [152.6467853412032, 59.25399712566286, 242.7873239325403, 351.9950300928263]
43 6 [149.1113518225029, 50.95740110892803, 238.8587925124334, 351.3993847929971]
44 6 [151.8387971818447, 64.28306327946484, 241.5708717929952, 350.3018990240134]
45 6 [147.7101818751544, 61.99665568117052, 239.2069332675071, 351.0017858935005]
46 6 [154.8988484498113, 65.06991440244019, 241.5435793216427, 350.2801315851219]
47 6 [158.427006136626, 51.80771110858768, 244.3877451402144, 342.6412192219661]
48 6 [157.905294559896, 57.86856765206903, 249.4412320843641, 351.0603049729846]
49 6 [162.9123223852366, 50.19934334605932, 252.0125556509134, 351.2164452075456]
50 6 [154.8116366937757, 70.00200205296278, 248.3447528873548, 349.5240145468985]
51 6 [159.4092186144553, 60.29635310918093, 249.6353416387141, 349.0422684909812]
52 6 [165.7490580156446, 68.32114697247744, 257.7228422362513, 348.9004365104109]
53 6 [166.2887587584555, 67.92405376955867, 253.822726308239, 350.3225750703871]
54 6 [166.4670287352055, 72.4792489670217, 257.4177416632869, 347.3031049617384]
55 6 [168.6597030237317, 71.52615413814783, 257.4067447764841, 350.4797586993243]
56 1 [177.0447165053338, 74.70552584901452, 269.7314770043029, 349.7611449423721]
57 1 [170.3796919248998, 66.92017816752195, 263.9663891240286, 351.740112982632]
58 1 [177.5473769567907, 74.07608498632908, 266.1882475959434, 350.7057231658548]
59 1 [181.8722957093269, 69.52453397959471, 271.0710293112597, 350.4635870268998]
60 1 [188.1543362140656, 75.401297070086, 277.1724680985578, 351.6989367338319]
61 1 [182.4090414308012, 84.38257028162479, 275.1120677773317, 351.4857241715207]
62 1 [189.1037637554109, 79.61978000402451, 280.5807795189552, 351.0308544406643]
63 1 [184.7989019565284, 74.13444024324417, 273.9778439059862, 348.0499184609686]
64 1 [189.8514446057379, 75.94468520767987, 279.9537897573675, 347.1397518079654]
65 1 [184.0051435120404, 75.17137356847525, 274.0139208906496, 342.5838519002619]
66 1 [193.3861047960818, 79.05504190176725, 283.5911765852522, 346.6947160011497]
67 1 [183.725697491318, 70.96546197123826, 275.2382261279024, 339.7449957314892]
68 1 [196.020789956674, 76.6712782420218, 286.2960504987147, 341.9101713411772]
69 1 [175.788639318198, 70.81307102739811, 266.0158344570857, 343.6080774555745]
70 1 [197.8936848603189, 78.96154112927616, 287.2763787849149, 342.5257324174472]
71 1 [180.3020747937262, 74.50993233174086, 270.1186323716025, 342.2675822302663]
72 1 [184.7494331840426, 72.91535266488791, 272.2340792529832, 344.5290209999784]
73 1 [179.2419936321676, 69.05280810594559, 267.7636901348237, 338.7306404305797]
74 1 [181.5755039453507, 71.86843559890986, 271.9040777333756, 343.6054059762036]
75 1 [178.5066272853874, 74.74181094020605, 265.037558417988, 336.6323274199299]
76 1 [167.3417271371, 74.82008254900575, 255.1786131841069, 347.8761781301258]
77 1 [169.598298787605, 76.68991601839662, 257.1463859814085, 346.3786300284626]
78 1 [163.5888780839741, 78.9960686378181, 252.1876549070117, 348.3515747084696]
79 1 [167.5251191644929, 88.09410994686186, 254.9466876061514, 347.6408469354319]
80 1 [169.580213574227, 91.30726405233145, 256.8289257881218, 348.0666722396447]
81 1 [164.7008210979402, 84.64752879738808, 253.2387407625274, 349.6611746074596]
82 1 [167.3035694006831, 90.1887536868453, 255.4027880212401, 350.527478582767]
83 1 [172.271079251077, 97.78671097755432, 258.6538406568956, 351.9012547251571]
84 1 [169.2410007817671, 85.00699846819043, 267.4241658886975, 351.1802578008191]
85 1 [169.8938602022827, 89.35268384218216, 266.0892340925572, 345.9223850079191]
86 1 [178.9860349707305, 86.42173570394516, 274.9921942778049, 343.6380450597005]
87 1 [160.702126394026, 78.3910354860127, 260.1411896841733, 343.9376309845582]
88 1 [174.2361704073846, 94.04154789447784, 269.5236357692012, 348.3094833266321]
89 1 [168.6432862980291, 76.06211981549859, 269.4145272662493, 341.0205692008773]
