skiing 0
2 1 [443.8059340119362, 184.4024358987808, 472.9560386975606, 210.6605605093638]
3 1 [439.2469958662987, 181.1703868210316, 468.1028817077607, 206.9092282452849]
4 1 [437.7222229894251, 179.0587557256222, 466.9641681058838, 205.4231045627019]
5 1 [434.4265212472528, 175.0115494430065, 463.3868971142106, 201.1061003085515]
6 1 [435.1088896542788, 175.4219600334764, 463.6434221087017, 201.8337100634363]
7 1 [440.1818612217903, 172.035818096716, 468.6436764011607, 198.1701226069465]
8 1 [440.1042282134295, 169.4972464218736, 468.4534906222553, 195.8424708354415]
9 1 [439.0774962157011, 169.4905003756285, 467.9386667470052, 195.1279195837626]
10 1 [442.8295715972781, 165.3854600787163, 472.1503239888532, 191.8645168885516]
11 1 [447.353106752038, 162.1457259580493, 476.6427034411072, 187.989748902841]
12 1 [452.4527101963759, 155.0155607387424, 481.5024914177114, 181.0263108849684]
13 1 [455.8917795866728, 153.4991069957614, 485.3455718670785, 179.6300987373267]
14 1 [429.9316776096821, 152.5189278423786, 459.0189873153908, 179.2110880120065]
15 1 [429.0768367648125, 150.451912432909, 458.0001252827021, 176.9792435318232]
16 1 [440.71905811131, 142.2811845839024, 470.5322738592421, 168.1899167967139]
17 1 [452.1112900730223, 142.6691780984402, 482.017819963817, 167.941369044557]
18 1 [453.5443119555712, 138.0613063448109, 482.9836160599842, 163.901287415553]
19 1 [425.455485522747, 154.5545012354851, 454.5626804669609, 181.2903892012592]
20 1 [422.2405844330788, 150.7675997614861, 451.0854843117681, 177.2455006036038]
21 1 [427.2472989112139, 136.3697549533099, 457.2570976274562, 163.5172604885396]
22 1 [428.6610086485744, 140.4434635788202, 458.8322572550265, 167.586581208996]
23 1 [440.1289376839995, 137.2678830474615, 469.2390841440555, 164.5456594726109]
24 1 [445.9005962014198, 138.6542142480612, 475.5744348878208, 165.8968524387115]
