soccer 0
2 1 [306.4459328651428, 131.5531560778618, 373.2091610471408, 213.319336271286]
3 1 [304.8373071551323, 145.3530712127686, 372.7410120092104, 225.8003809581417]
4 1 [303.9972540773451, 148.2545994520187, 370.2600682930901, 228.7648264911349]
5 1 [307.1930662095547, 148.209467060864, 375.2558595242743, 228.7702878880824]
6 1 [305.7274844944477, 139.8467478752136, 374.3363650587631, 222.368342412229]
7 1 [303.8444036245346, 140.0049572139978, 373.4564739124192, 222.3543551497795]
8 1 [312.1049768924713, 147.891155526042, 380.0459459906047, 230.5520688618669]
9 1 [316.5581117942929, 144.9279684647918, 384.5326092933689, 227.7471011153381]
10 1 [318.9619618058205, 151.6753579378128, 388.0162260386339, 233.8760356470361]
11 1 [317.5782395228744, 141.7346564531326, 386.1623680082608, 226.6158865922422]
12 1 [327.3829996585846, 138.8199865855277, 395.0815406474305, 223.1141790712072]
13 1 [329.2050393968821, 136.5831962525845, 398.0237543839239, 220.3798308527488]
14 1 [335.8645212352276, 130.3663384355605, 403.4201560136041, 212.1719204047832]
15 1 [320.6446269005537, 123.7839373610914, 388.614153963608, 203.1404935623355]
16 1 [340.5872103869915, 128.5145049542189, 408.584231161983, 212.8594201109188]
17 1 [344.2596956193447, 142.5403876155615, 414.8002860501114, 223.9002062612054]
18 1 [344.0041054189205, 137.4865447580814, 413.595684798086, 219.7933409443315]
19 1 [328.7443417683244, 125.8077659755945, 399.5554167854214, 205.5703546596598]
20 1 [296.0850438699126, 110.2071126699448, 365.2635250485748, 194.3434178362673]
21 1 [321.9048123806715, 128.2527443096042, 389.3833622502008, 214.1671858277373]
22 1 [326.7614725977182, 121.3792394585908, 395.6556187911102, 205.1492237351823]
23 1 [326.1712427753955, 98.4369060434401, 392.2218759492637, 182.2933475189087]
24 1 [334.4083693930879, 144.6436425130814, 402.3752941881419, 231.0850886571315]
25 1 [333.5617071092129, 112.9541625566781, 404.5381423557865, 199.0395007072749]
26 1 [342.0889734141529, 117.2398279495537, 413.664206424295, 205.3810798943268]
27 1 [329.6208855956793, 113.5438824184239, 400.3919522121212, 198.0066016440802]
28 1 [326.2728640586138, 107.948437590152, 393.31885051249, 195.6579746410527]
29 1 [319.7274170964956, 109.8061349280179, 390.0674204742099, 193.7358942589153]
30 1 [314.9500761143863, 104.4194594025612, 385.4420649448854, 191.5737740004124]
31 1 [320.9271789565682, 119.9736794680357, 388.4218140800372, 206.1904259090813]
32 1 [311.9161890409887, 122.5410998947918, 382.6221255778696, 206.4254890241766]
33 1 [337.0657421723008, 116.3333120793104, 405.7195160417872, 203.5290540271052]
34 1 [335.2163368053734, 127.0608639754355, 405.9020711388076, 213.3759866621222]
35 1 [327.6441183388233, 131.1595820821822, 397.8756917381812, 217.2518724233187]
36 1 [337.1062831021845, 134.6381588019431, 406.3662266372718, 219.4666644916022]
37 1 [314.039925054647, 118.3281719982624, 382.9069230705263, 205.5646568674074]
38 1 [316.2165732011199, 122.2474900633097, 385.339147608821, 209.1775611466633]
39 1 [320.5503622097895, 122.3008592277765, 390.8165042581704, 211.6652828324029]
40 1 [316.8077555960044, 112.907326772809, 383.9804343867646, 202.2573757772781]
41 1 [319.4621872268617, 114.0547872669995, 392.7902199581703, 198.4719317515788]
42 1 [319.9960563778877, 125.1072406508029, 390.7230427650006, 211.3700051217705]
43 1 [313.7734915437177, 129.5704381279647, 387.677709350986, 216.0486260405992]
44 1 [323.4564709216356, 131.3403357006609, 394.102578524586, 218.4028830919243]
45 1 [333.9605509890243, 127.8170516416431, 403.1365027339506, 214.795972007626]
46 1 [333.5992230633274, 137.1983398348093, 401.1191846116277, 223.2070534174673]
47 1 [318.9428491247818, 143.0883217900991, 387.4738667808688, 228.6026119790324]
48 1 [318.5782559392974, 145.1066469699144, 392.0440838607505, 233.1970284199378]
49 1 [311.4670253274962, 145.3395592942834, 384.7891333824075, 232.3985054958699]
50 1 [338.8502478152514, 115.5569703532383, 409.8750369558801, 204.0511176075859]
51 1 [301.7388895303011, 126.8274348117411, 372.1545953106287, 213.7454462993431]
52 1 [307.0527983037755, 154.0536834672093, 380.4432837039336, 240.0830829122416]
53 1 [333.5892408341169, 147.8954657800496, 404.8208255156174, 234.7583235959581]
54 1 [326.9924147948623, 141.0653001517057, 395.9394174065808, 234.1224454612667]
55 1 [322.3531809225678, 142.2237344235182, 390.8541650904508, 236.6437642306309]
56 1 [318.3054249212146, 144.1743561327457, 387.9169902890741, 237.6796087382219]
57 1 [310.2127261087298, 143.5699463039637, 377.6822896885028, 237.2135538654979]
