sphere 1
2 1 [151.2848394203186, 52.77911550521851, 238.0364799961448, 143.6522131633759]
3 1 [163.9747112083435, 57.9054856967926, 250.8976723393437, 149.2584052964137]
4 1 [165.7964945423603, 49.05046350479126, 253.784415705842, 140.3713217071158]
5 1 [175.9695804703236, 63.60357887268066, 264.1242841565083, 153.9384516538643]
6 1 [169.6647400248051, 54.5017272901535, 257.1084029210891, 145.0246402658039]
7 1 [162.7593863594532, 61.44876129150391, 249.9102522871066, 152.4091563713351]
8 1 [161.6796348083019, 54.58595103740692, 249.600493960347, 145.3861389317316]
9 1 [149.3731579768658, 61.94680757045746, 236.9541591620035, 153.0582743314775]
10 1 [146.9344337868691, 52.77400857925415, 234.5476505288305, 143.5896435961949]
11 1 [148.9667936253548, 57.28321886777878, 237.108700260819, 147.9343268195044]
12 1 [145.6839816856384, 60.84742046117783, 234.1731839418092, 151.3927172239636]
13 1 [132.8899770069122, 55.90983039855957, 221.2454379095884, 146.9327571939592]
14 1 [144.5949404525757, 54.1718340587616, 233.2985695266139, 146.4839389466148]
15 1 [159.062835483551, 52.09052316069603, 248.5829996160402, 145.3696056871633]
16 1 [174.2547505187988, 55.15071085810661, 263.6347889404467, 148.920883722998]
17 1 [180.4066502141953, 44.13357905268669, 270.5196710228373, 138.2038925880962]
18 1 [180.580540599972, 36.57792500376701, 270.2857610077634, 130.7405276439501]
19 1 [196.1484345819056, 46.34569279074669, 285.4234608404949, 140.9355080404582]
20 1 [205.5493286277354, 45.573393471241, 294.8514309329565, 140.6213031156836]
21 1 [217.793065610081, 43.53771991252899, 307.1583834077627, 138.8204969221255]
22 1 [229.8439946796, 46.1660186123848, 319.6043323160567, 141.9479517938254]
23 1 [242.4663034106791, 54.86328817129135, 332.2867664842524, 150.2099065871058]
24 1 [249.7417286063731, 65.72750664472579, 340.0616194685595, 161.0435806357638]
25 1 [259.798816743046, 73.13326693296432, 350.6599444895998, 168.4167706410472]
26 1 [273.5474768306315, 70.17537660121917, 364.5168552874161, 165.4777000462808]
27 1 [273.7708383637666, 70.17828121792292, 364.7986195491787, 167.045861030556]
28 1 [261.4639001923799, 75.11907413612818, 351.2944614912067, 172.8126487239597]
29 1 [248.4175568658113, 74.68392580758547, 338.1973751301867, 172.6027870961892]
30 1 [235.5108660298586, 63.87409061204409, 326.1280065024905, 161.108862512569]
31 1 [225.1110428410768, 66.56831502925371, 315.6884725344073, 162.6193274848515]
32 1 [211.8195384579897, 67.11411360662197, 303.721336913332, 162.6423136841113]
33 1 [199.922984226346, 65.20373556773876, 292.1787946026996, 161.3049806270376]
34 1 [201.3759365516901, 75.99739883105968, 292.6866400649325, 172.2857828221677]
35 1 [195.3948417145014, 77.18928199272369, 287.1113987811539, 173.2317024240589]
36 1 [197.5073519188165, 85.52396517257904, 289.0396512074033, 181.2101673624453]
37 1 [199.7204510706663, 93.2566646860144, 291.6590912868064, 188.2796362505293]
38 1 [191.0103426712751, 82.87465136509155, 283.4887402401911, 179.5625410974763]
39 1 [199.0782044667005, 92.68406014900421, 291.06260919471, 189.3642385752882]
40 1 [207.5898448961973, 105.4801188037894, 299.9291203806986, 202.7372912670376]
41 1 [218.1901733416319, 99.81113653640961, 310.2815134773304, 197.4343306925014]
42 1 [231.5167955893278, 103.8420240209601, 323.5272281450854, 202.0430423288678]
43 1 [241.8681077498197, 98.77590935688232, 334.1755626143892, 196.3394254210044]
44 1 [248.509505226016, 87.79605787258362, 341.0243206684645, 185.4647821500812]
45 1 [249.1891800451278, 83.90833508234238, 341.0473001777119, 182.861973104577]
