subway 0
2 1 [17.12109431624413, 87.43981548398733, 36.21353972474734, 138.6375019130111]
3 1 [18.37462142109871, 88.07811003923416, 37.30134639864385, 139.3868680405774]
4 1 [20.14299899339676, 89.40254830569029, 38.88540833043565, 139.9474452901895]
5 1 [21.61859914660454, 87.38769796490669, 40.17692757005189, 137.4237044158669]
6 1 [22.25881543010473, 87.77448455849662, 41.22556994871474, 138.278668527001]
7 1 [24.24429457634687, 85.64219069480896, 43.28942074283906, 137.1515332987448]
8 1 [24.28649839945138, 86.93779592216015, 43.54879572135482, 138.5604869575084]
9 1 [23.78699080087245, 85.57043690979481, 43.003641229727, 137.1518987810695]
10 1 [27.12081477046013, 87.31377479434013, 45.97091004445549, 138.3494816200067]
11 1 [26.55667949467897, 88.08211681246758, 45.8236534326261, 138.962755588649]
12 1 [41.81667998433113, 73.95482432842255, 60.97033987684571, 124.9087748593905]
13 1 [43.18626645952463, 73.45750135183334, 62.61057495201847, 123.9285134366621]
14 1 [48.08189675211906, 75.1584289111197, 66.6437296116427, 124.3162325013503]
15 1 [47.1220675483346, 77.91321963816881, 67.16892443739177, 126.5018843614952]
16 1 [47.64136150479317, 78.51706609874964, 67.88426156650121, 126.9062341853667]
17 1 [53.43856982886791, 83.13577116280794, 74.08338564051233, 131.5537630336275]
18 1 [51.73752062022686, 81.0254632011056, 72.3151981697975, 129.4270323732917]
19 1 [52.88863021880388, 81.67623217657092, 73.27781232696535, 129.0136856922217]
20 1 [57.14674703776836, 82.42458668351173, 76.79638612567545, 131.2368204775156]
21 1 [56.25228259712458, 82.12588799116202, 76.20845591350273, 129.0425547829113]
22 1 [61.14739265292883, 81.34994097799063, 81.47852729096242, 129.0563324902363]
23 1 [60.84407668560743, 82.96884921309538, 80.62369920408506, 129.8891360501839]
24 1 [62.67940055578947, 82.18247217056342, 82.24126506193863, 129.0306370332431]
25 1 [66.80236621759832, 83.25153634697199, 86.84036851084335, 131.8162686527704]
26 1 [67.84886606037617, 84.44709264487028, 88.68088792097356, 133.9983525925649]
27 1 [68.57705570757389, 82.43041737750173, 88.31142222768784, 131.2592103702193]
28 1 [70.93889512121677, 82.98267247900367, 89.54704704317632, 134.760761234059]
29 1 [71.9799115373462, 82.65462227910757, 92.68356356380019, 128.876897404181]
30 1 [73.77015695907176, 82.03490662202239, 92.36195053502229, 133.5909736624654]
31 1 [76.56185148283839, 85.62705213017762, 94.59253037177936, 136.192097621573]
32 1 [76.05990521609783, 82.89396595431026, 94.0693429760409, 136.8188802423491]
33 1 [76.07773927971721, 83.01400819607079, 93.76199429678246, 134.1796281384087]
34 1 [75.55072117596865, 65.72955647413619, 94.1229895206836, 116.2037322038388]
35 1 [70.89743474498391, 81.24031660077162, 90.72693426717575, 126.4250516050554]
36 1 [75.18719475716353, 62.16122474029544, 96.16897640264168, 109.1708069189903]
37 1 [56.26978617161512, 83.83074243483134, 75.59835935025947, 129.9005231144282]
38 1 [59.05146496370435, 81.64831896242686, 78.98415602745683, 126.6541204963685]
39 1 [54.13425962018664, 95.53477247059345, 75.24899880102039, 142.6463891447599]
40 1 [45.57175979018211, 94.64386583119631, 66.67534648891567, 142.3912012881812]
41 1 [40.05968010984361, 95.04784380830824, 60.05401111140421, 143.607828016171]
42 1 [44.57062935456634, 97.97691707429476, 64.1782303484609, 143.7758280175674]
43 1 [22.49298747628927, 75.11266519245692, 41.71280167182879, 121.7275858470137]
44 1 [21.77979398518801, 73.58624507603236, 41.00943639263386, 119.8574670150038]
45 1 [51.4704357739538, 96.87202495336533, 72.21395525670133, 142.523569669434]
46 1 [14.05197404325008, 82.61590463039465, 33.1537944950302, 129.7504618080072]
47 1 [22.02216523350216, 73.56150307506323, 42.73365502725299, 120.2656242443208]
48 1 [13.35389412939549, 74.81578064081259, 32.21374164115277, 122.3627438308138]
49 1 [13.39082792401314, 73.03458702680655, 32.18436734022133, 119.6596453374334]
50 1 [15.49617076292634, 73.31782762822695, 34.26493924548986, 120.51398301051]
51 1 [16.57789651304483, 82.03777302918024, 35.78439179715721, 128.7197239958833]
52 1 [13.86813521385193, 74.58723452803679, 32.44606661489989, 121.3116992419807]
53 1 [18.13425365835428, 82.1416770380456, 37.55369384911846, 128.4933143281236]
54 1 [14.71924121491611, 73.92027646698989, 33.93583256892747, 121.6975486497043]
55 1 [16.10144717618823, 83.23567864415236, 34.4976650767081, 128.6873315030226]
56 1 [15.36436315625906, 83.3120055955369, 34.36382224579649, 128.1909047577508]
57 1 [13.45862757414579, 82.96016917494126, 32.44055633524558, 127.7889720092375]
58 1 [13.04079389199615, 74.83039558795281, 32.83853825752411, 120.5495981754764]
59 1 [13.02466161549091, 74.18743454781361, 32.5644745362269, 122.2717190525443]
60 1 [21.29153056070209, 82.24560302612372, 39.94212527325765, 127.3351072866735]
61 1 [17.52985496656038, 84.44429841637611, 38.26102346475386, 127.9217337560877]
62 1 [19.76593090221286, 83.27847233437933, 38.37813943312024, 128.7802129202377]
63 1 [19.47276724502444, 82.48471049987711, 38.06161189376162, 127.9225292995563]
64 1 [16.70953639782965, 82.99251397070475, 36.7077172816813, 127.7979590725795]
65 1 [14.83516079955734, 84.58829917758703, 35.64165942714649, 128.7081285623923]
66 1 [13.47662670537829, 74.64122929656878, 32.24033121420214, 121.5847283804688]
67 1 [11.40238771797158, 83.94143565371633, 32.51026449308688, 128.3137401670253]
68 1 [9.74913994432427, 81.74936248734593, 30.84634923252914, 126.0851915114042]
69 1 [7.488119067857042, 83.35691719129682, 28.53212786830121, 126.872593411066]
70 1 [6.681464426219463, 73.70261699822731, 26.13913552719525, 117.4580317640075]
