surfing 1
2 1 [39.35386154949665, 65.72745957374573, 58.53686954692205, 112.624521661071]
3 1 [41.63807008564472, 65.59948662817479, 60.87794965461822, 112.4162130539779]
4 1 [41.77241773307323, 63.27362088263035, 60.91264272151739, 110.6386958931596]
5 1 [41.92875958383083, 61.00629595816136, 60.94596361592598, 107.9623985974301]
6 1 [41.78102485239506, 58.49133042395116, 60.93523604954817, 105.779049842955]
7 1 [42.05175990760326, 55.27366689741612, 61.21966968773894, 102.4062290866309]
8 1 [44.23566384017467, 51.80773595869542, 63.39424969342396, 98.92534151399428]
9 1 [43.74807266294956, 50.1654934078455, 62.84763888678138, 96.86790349297024]
10 1 [43.34864745438099, 50.40457477569581, 62.42139982588975, 96.49943741029702]
11 1 [44.46570394337177, 53.11361541748047, 63.40972115695553, 98.89830951236236]
12 1 [43.1024383097887, 54.33634355068207, 61.89118430114836, 99.89801745097108]
13 1 [43.04204049482942, 59.71104695796967, 61.79913753456368, 105.1202782451545]
14 1 [44.09129491224885, 61.07146027088166, 62.78103422818057, 106.5757072498181]
15 1 [46.03916480913758, 65.83864452838898, 64.93146712873981, 110.9830227958311]
16 1 [45.63613253608346, 69.79318001270295, 64.47459024265207, 115.0279139697969]
17 1 [46.08067345395684, 71.18393232822419, 64.79269464167248, 116.451928705639]
18 1 [46.50829830542207, 74.70553781986237, 65.13722455566129, 120.00445281389]
19 1 [45.65549483671784, 75.13208457231522, 64.37379601025316, 120.3124503913196]
20 1 [49.51753440275788, 75.1645375803113, 68.25472113059209, 120.1583073630415]
21 1 [49.14155208840966, 76.19651177674533, 67.96854171141905, 121.0152526400354]
22 1 [51.98178422227502, 81.40577462464572, 70.83979605185212, 125.9706975039894]
23 1 [54.2884079195559, 86.03965333253146, 73.13312856919556, 130.629540559316]
24 1 [56.8597391821444, 86.91127661019564, 75.71926385487582, 131.4927148887046]
