Surfer 0
2 1 [276.1922279596329, 136.1879049837589, 299.106890873909, 162.1681253242493]
3 1 [278.367068529129, 133.0868043005467, 301.4492737657825, 159.1997574062833]
4 1 [278.5229037329555, 133.6451034247875, 301.7727197324805, 159.5791565852657]
5 1 [278.6596214361489, 133.1008093208075, 302.0215743108219, 159.4084042075213]
6 1 [275.6266198940575, 133.2528912425041, 298.7993358766166, 159.8117433978061]
7 1 [270.619790751487, 139.3568629622459, 293.9623815174044, 165.934737870139]
8 1 [270.069693107158, 148.3933438658714, 293.375126825106, 175.2755176303782]
9 1 [269.9219817109406, 150.7324280738831, 293.4161580717781, 177.7900437625201]
10 1 [270.7698785848916, 155.6460304260254, 294.3357615620755, 182.7097637579143]
11 1 [273.7837549038231, 154.4812333285809, 297.2144354962832, 181.4936669822667]
12 1 [277.2764720506966, 152.2007502019405, 300.858933456372, 179.1437885774483]
13 1 [280.4307630844414, 149.3362473547459, 304.1919381979301, 176.2429394125794]
14 1 [280.4759260220453, 143.9837186634541, 304.4429680330678, 170.4721341907656]
15 1 [279.6032646698877, 136.2385683357716, 303.5256915716202, 162.8895376781196]
16 1 [278.8051457507536, 129.4800296127796, 302.7335882626171, 156.5432230958937]
17 1 [281.8955744607374, 122.6898043453693, 305.6101819352622, 149.7703240446441]
18 1 [279.9713384015486, 117.8231360018253, 303.7139258902812, 144.7282414463905]
19 1 [274.9557076795027, 111.9526269733906, 298.5666469114818, 138.7732947041099]
20 1 [275.3766027344391, 103.3337967693806, 299.0307052859377, 130.4537703460022]
21 1 [273.7373959077522, 93.49172189831734, 297.2498206168153, 120.6033365973896]
22 1 [277.0798421157524, 85.97436907887459, 300.6888750513745, 113.0115609863356]
23 1 [279.8745812429115, 79.57799151539803, 303.4405921940253, 106.9756849016382]
24 1 [280.9927494777367, 78.8309618383646, 304.6357182264384, 106.2237597639872]
25 1 [283.1674546850845, 71.26585496962071, 306.785968105984, 98.69490478908591]
26 1 [284.7936247242615, 65.40625466406345, 308.3917432552348, 92.78154964954818]
27 1 [285.943512137048, 63.38528563082218, 309.4467036607989, 90.95485750123784]
28 1 [285.9609975931235, 69.00635172426701, 309.4021438622901, 96.80543497294622]
29 1 [286.9455734011717, 68.71905229240656, 310.4098686231815, 96.62337764570663]
30 1 [284.8349872943945, 72.24764773994684, 308.3401449035634, 100.2526919241435]
31 1 [281.7372804996558, 69.29997567087412, 305.3044058749513, 97.25023017799788]
32 1 [279.6084879157133, 64.50491444021463, 302.9934555749396, 92.27079924508468]
33 1 [278.8541359421797, 56.67855969816446, 302.049848085818, 84.21621419638008]
34 1 [278.795170722995, 54.32473210245371, 301.9526150590489, 81.80280614431612]
35 1 [280.232027141843, 63.25424722582102, 303.2827257067766, 90.79295430698851]
36 1 [279.9995645792224, 64.46060318499804, 302.9797679662925, 91.84295519225687]
37 1 [281.3526382655837, 58.96578151732683, 304.3561121180558, 86.29007269069138]
38 1 [281.9106744886376, 58.83865358307958, 304.9608305916547, 85.98899106109759]
39 1 [281.8801500755362, 59.86987398937345, 305.217357130844, 87.05592002362187]
40 1 [279.7234385567717, 50.65843938663602, 302.9987444151655, 77.87205034254188]
41 1 [277.7053303676657, 53.64706163480878, 300.9177560760569, 80.63082652936816]
42 1 [272.4209312158637, 46.8243566043675, 295.6407453143485, 73.7766276271695]
43 1 [268.9109889226966, 41.00341122224927, 292.1833408245373, 67.81268387516478]
44 1 [267.8189894813113, 36.02219109609723, 291.0214144816582, 63.04765233374435]
45 1 [262.5265329736285, 32.56425826624036, 285.6653456045347, 59.61447166667607]
46 1 [257.5323302405886, 22.73955123499036, 280.4413782983255, 49.92645510501928]
47 1 [252.9914190429263, 26.81436531618238, 275.764051295121, 53.68056784432779]
48 1 [249.0607382911257, 32.85667841508985, 271.8525525888286, 59.91217483008379]
49 1 [253.6741689103656, 37.36335067823529, 276.6064599883429, 64.43290633632952]
50 1 [256.3531440752558, 38.22405402734876, 279.0250265691261, 65.2532206411894]
51 1 [259.374443675857, 44.14492063596845, 281.9445342729628, 71.17831922428051]
52 1 [266.4675690191798, 44.17200749367476, 288.9806494252039, 71.02523259135728]
53 1 [270.7952188509516, 51.05546491593123, 293.0634398930714, 77.96902769356495]
54 1 [277.8079408663325, 53.50800102204084, 299.950988093915, 80.59044220787563]
55 1 [284.1565207499079, 55.04995649307966, 306.165516317546, 82.12464355876104]
56 1 [287.4436229723506, 63.05362885445356, 309.4690155968623, 90.4146108446531]
57 1 [292.4777502077632, 70.11816399544478, 314.361052150078, 97.73157145568263]
58 1 [290.2480520266108, 75.42581074684858, 312.2262228680231, 103.0036714020854]
59 1 [292.4972609537654, 80.17063384503126, 314.4855414609446, 108.1306553989766]
60 1 [284.9504310148768, 84.42961912602186, 306.8345107994107, 112.2080273485504]
61 1 [278.7871746080928, 84.18221708387137, 300.6664860678879, 112.1579514911635]
62 1 [272.4338747519068, 87.59158655256033, 294.359010248765, 115.5431051666557]
63 1 [266.3280419367366, 86.44845464080572, 288.1190219091944, 114.4047516310948]
64 1 [260.4225193518214, 83.98678757995367, 282.1597026329254, 111.6192851999762]
65 1 [256.4892086046748, 78.5833151564002, 278.2250626242093, 106.5151898028751]
66 1 [251.8729470032267, 74.93141248077154, 273.5537778772978, 103.0853085696958]
67 1 [245.7610781448893, 72.91791214793921, 267.5935261817304, 101.1426594169951]
68 1 [241.9133724230342, 70.90536113828421, 263.7494331912292, 99.42561814964572]
69 1 [241.9758322979324, 68.53242208808661, 264.0197857231347, 97.00335542016146]
70 1 [242.1710681016557, 68.7386764511466, 264.1849390962233, 97.16703544488438]
71 1 [242.1407493888401, 66.66041453927755, 264.0608254251678, 95.39955306750444]
72 1 [242.223399061244, 62.35792132467032, 264.3541716172641, 91.29080418143946]
73 1 [242.837265107315, 63.46597772091627, 265.2090920750748, 92.31270806839352]
74 1 [242.8545618015342, 63.29804118350148, 265.1428755135146, 92.07933634738537]
75 1 [242.4333424675278, 66.76708551123738, 265.0199115060452, 95.52706520847146]
76 1 [243.8344298410229, 72.14212330058217, 266.3651144605172, 101.3091340455453]
77 1 [239.7775432872586, 76.63657291606069, 262.1762993150359, 105.7433233736704]
78 1 [236.5555633115582, 81.70437331870198, 258.9481689404491, 110.8696839814608]
79 1 [233.7974261450581, 82.55584110692143, 256.2087691686726, 111.4061392483858]
80 1 [232.8769058692269, 83.64930136874318, 255.448496138808, 112.4705505183774]
81 1 [223.8285445678048, 86.4038229174912, 246.1683056916166, 115.3603453273094]
82 1 [223.8125787912868, 95.14763118699193, 246.2208665108477, 124.065337924576]
83 1 [218.8166125952266, 99.84004070237279, 241.2225147367116, 128.3922675866879]
84 1 [214.9143890081905, 101.3073505647481, 237.3858816817386, 129.7471741495119]
85 1 [207.964689606335, 107.930688071996, 230.4979443896903, 136.4289073087867]
86 1 [200.7627659975551, 104.2214687354863, 223.3409968667209, 132.7033267406893]
87 1 [193.6040209471248, 102.8599118478596, 216.2326132237686, 131.3157213503222]
88 1 [189.9892936884426, 99.42447059229016, 212.2724669631132, 127.9789363842534]
89 1 [189.9352462324314, 99.79009133204818, 212.2883141227435, 128.2411830510784]
90 1 [190.6240935209207, 98.88359579071403, 213.2495290264303, 127.3604194981807]
91 1 [193.3184221866541, 99.74910717830062, 216.1242269007814, 128.2394272205899]
92 1 [193.6207961472683, 99.70569476485252, 216.5229485113558, 128.1788490485078]
93 1 [196.5137198599987, 94.54870876669884, 219.4727179506423, 122.7925809590204]
94 1 [196.7325826170854, 94.79065781086683, 219.6104087236345, 123.0332591551667]
95 1 [202.4333782675676, 96.32275437563658, 225.1829714801942, 124.7826252619711]
96 1 [197.8284438136034, 96.9588994756341, 220.6598216897299, 125.5601856968239]
97 1 [190.8676422121935, 98.7714753523469, 213.7696284190594, 127.4010645518025]
98 1 [185.3955810549669, 99.49235121160746, 208.3036030634253, 128.1403160664393]
99 1 [185.5445643435232, 98.23170635849237, 208.5147881564976, 127.0007094267342]
100 1 [182.4810732374899, 99.54371417313814, 205.1632151138174, 128.1296312531944]
101 1 [179.813434697222, 99.49522328749299, 202.8712766957532, 128.1148435596531]
102 1 [176.6693106661551, 98.28315529599786, 199.9160511462562, 127.2067473791759]
103 1 [172.7821918497793, 99.77788833156228, 196.1359615389767, 128.7789346662662]
104 1 [168.099343157839, 99.09854933992028, 191.2504729621784, 128.2480523960572]
105 1 [165.1109462152235, 103.8809283711016, 188.3400560574966, 133.2055278302194]
106 1 [166.2277400861494, 106.420220348984, 189.5358845321443, 135.8757810222695]
107 1 [170.8796460996382, 105.8562572039664, 194.2748905119309, 135.4898539689815]
108 1 [166.550164855551, 100.253922585398, 189.9743677670928, 130.0820517792124]
109 1 [165.3380824695341, 96.73570084944367, 188.8083696299958, 127.0929506202483]
110 1 [162.8663126002066, 89.76259756460786, 186.6664073332378, 120.0641317240959]
111 1 [161.9935371647589, 92.58852523937821, 185.8234031461967, 123.0492959534736]
112 1 [158.6115988264792, 89.95348215475678, 182.7346033174978, 120.1073785381961]
113 1 [152.9821942816488, 85.02964091673493, 177.145842959746, 115.0615534399712]
114 1 [151.7905400465243, 76.92166567221284, 175.8366598848503, 106.8058819447114]
115 1 [143.1091535757296, 79.89462739601731, 167.4887162936344, 109.7735792979966]
116 1 [136.5288029382937, 81.44463253393769, 161.0053112497476, 111.5232550687523]
117 1 [130.5777861545794, 72.54587126150727, 155.0816431652354, 102.6389720927144]
118 1 [136.9753975342028, 73.27097615972161, 161.6056270654932, 103.7514954057999]
119 1 [137.8801311324351, 69.35787567868829, 162.6939851732622, 100.144924241943]
120 1 [138.8676680098288, 63.75871572270989, 163.6752307219617, 94.47297267197894]
121 1 [141.6854190598242, 58.88657102361321, 166.46691573268, 89.75591295164401]
122 1 [149.3294265042059, 62.16514847055078, 173.8588037467127, 92.98402313344573]
123 1 [151.9872479806654, 55.15689751878381, 176.360988150473, 85.96692354538887]
124 1 [151.7636594395153, 57.7575822211802, 176.1082530427291, 88.76423994115771]
125 1 [155.8807304720394, 61.24941674247384, 180.0953499000298, 92.22013607052594]
126 1 [155.7446674401872, 66.61734953895211, 179.859808395736, 97.41896169888314]
127 1 [155.7414196308237, 73.81954279914498, 179.5674446635179, 104.8931084145334]
128 1 [159.0584027345758, 82.19043961539865, 182.8911849277945, 113.2928321746144]
129 1 [159.1935645665508, 88.56734219565988, 183.1767190677957, 119.5271043472489]
130 1 [166.4332608308177, 88.16373572126031, 190.1796778509971, 119.1144101061681]
131 1 [172.5555323685985, 88.86911091580987, 196.0731036826257, 119.7282046451144]
132 1 [178.8014229859691, 90.84032228961587, 202.2478990520936, 121.9693778351184]
133 1 [183.1099701251369, 93.87054720893502, 206.4992498616417, 125.0162255262827]
134 1 [192.130643876968, 90.82389000430703, 215.3525850746191, 121.9853641090439]
135 1 [196.6996127690654, 87.07823411002755, 220.0010506481614, 118.2207150436682]
136 1 [204.0253542985302, 98.64303532615304, 227.1829003480407, 129.6259085923016]
137 1 [203.0901431168895, 93.49301162734628, 226.39996182604, 124.5751428097119]
138 1 [204.0338289167266, 86.43186393752694, 227.3066550641722, 117.860390170996]
139 1 [200.8724926139694, 76.64737001433969, 224.0500610657853, 108.2529758887277]
140 1 [195.4581736947876, 68.96901455894113, 218.4353910292004, 100.5742036931826]
141 1 [192.5817956354003, 62.84556928649545, 215.8288354270518, 94.6113302433584]
142 1 [187.5504747058731, 57.90314928069711, 210.9423768165697, 89.49612304375512]
143 1 [188.3739816274028, 51.19199410453439, 211.4206757420964, 82.85116704085817]
144 1 [186.8694138254505, 48.37202343717217, 209.9909679651457, 79.83782519337936]
145 1 [184.8858133282047, 39.80774221196771, 208.1821955150936, 71.27808593419474]
146 1 [188.5701600040775, 32.46948442235589, 211.5586116865603, 63.77863855782606]
147 1 [185.0396848644596, 40.00319871678948, 208.1343869339399, 71.2721509192519]
148 1 [187.1387321080547, 42.85622153058648, 210.0714569577948, 73.96347197386258]
149 1 [186.8781522389036, 42.97595621272922, 209.9012933375695, 74.17583566234175]
150 1 [184.8509763951879, 35.54891873523593, 207.92429902953, 66.69103640365353]
151 1 [177.2772750135046, 38.30615414306521, 200.3784478752671, 69.47735094247307]
152 1 [170.9535602803808, 38.31976826349273, 194.1381342101287, 69.55648147844141]
153 1 [169.7463518257719, 45.49830873170868, 193.0407861934856, 76.48398765974055]
154 1 [163.25481735426, 46.78837849060074, 186.4705407439749, 77.90215288461447]
155 1 [156.4068888302427, 52.03300799289718, 179.5601868101846, 83.15361584500157]
156 1 [154.5943463917356, 59.27193035045639, 177.3048488310517, 90.17250612611056]
157 1 [148.9301253433805, 66.14467824855819, 171.5377103232077, 97.21772684444635]
158 1 [141.9808229084592, 65.98362629348412, 164.7361579966942, 97.13125944476124]
159 1 [133.411008464871, 71.58345072204247, 156.0191503358282, 102.5894462305397]
160 1 [135.8737895365339, 68.8885993831791, 158.3679331558688, 100.2092014224913]
161 1 [141.3461582537275, 68.89712426066399, 163.8339299641183, 100.4849676775178]
162 1 [135.3157420034986, 64.25435957312584, 157.6956941204348, 95.95706293311392]
163 1 [133.6583304877859, 62.47996172308922, 156.2047354052496, 94.22969482797186]
164 1 [133.974140125094, 63.85951712727547, 156.2930940719547, 95.61383880190205]
165 1 [136.9161627467256, 70.55180814862251, 159.2165941470008, 102.5104512969165]
166 1 [140.8961800511461, 71.63844406604767, 163.281517796433, 103.5805106619231]
167 1 [134.6894976075273, 64.34168970584869, 157.2991425066345, 96.1998854197376]
168 1 [131.9355026658159, 56.91264379024506, 154.5618235962475, 88.85332622987441]
169 1 [135.2471360142808, 51.75204432010651, 157.646411995318, 83.73175017685165]
170 1 [141.558237927733, 49.60604572296143, 163.7823546001025, 81.80857559532478]
171 1 [147.8368171628099, 48.64404812455177, 169.7710108846877, 80.5866205591073]
172 1 [153.6044169839006, 45.71668717265129, 175.6033733212031, 77.85317252141957]
173 1 [159.6996075089555, 44.74017989635468, 181.6592616002076, 77.06297524878789]
174 1 [162.164418118773, 35.81010186672211, 184.0683214189007, 68.27114042869965]
175 1 [165.2374528821092, 31.31227803230286, 187.1688435819397, 63.65442838933227]
176 1 [165.1391436185222, 30.92798833549023, 187.0443717056864, 63.43752205759675]
177 1 [162.3612510885578, 30.75441737100482, 184.3967801061025, 63.12969291065284]
178 1 [165.262607666431, 32.30724168941379, 187.1651728063504, 64.69021787490311]
179 1 [165.512512678979, 32.25378622487187, 187.5748724485455, 64.90427898464745]
180 1 [169.1190148543101, 37.28376354649663, 191.3612109048304, 69.92497387985614]
181 1 [173.4756883333903, 44.19801487401128, 195.6216757664072, 76.90894710493932]
182 1 [178.5428192566615, 49.85593809559941, 200.6897211240388, 83.03419268823214]
183 1 [179.8313709746581, 58.84090127423406, 202.1558153922151, 92.01500289398499]
184 1 [179.216892222641, 68.63857593014836, 201.8866383673032, 101.8072253497002]
185 1 [182.6546172897797, 73.19079102948308, 205.227956201123, 106.1799579327953]
186 1 [182.2438194106799, 81.13985003903508, 204.6633177617931, 113.9463948679095]
187 1 [185.3721938680392, 80.43442008271813, 207.8795238863387, 113.1514687262241]
188 1 [184.5576288055163, 79.02764481678605, 207.0011630830844, 111.8122798983749]
189 1 [184.9237073312979, 79.61441679671407, 207.5320196297732, 112.5957848004925]
190 1 [182.7400353203993, 78.22803642228246, 205.4784400690317, 111.1877358705742]
191 1 [186.6141690264922, 82.33263804391027, 209.3801396733701, 115.2632139836253]
192 1 [185.9120467703324, 89.70784737542272, 208.5035616659179, 122.5771721725503]
193 1 [190.6912944118958, 94.63539006188512, 213.3738368723599, 127.1365818025415]
194 1 [191.4238761018496, 95.46002324298024, 214.1142265431738, 127.9522459251128]
195 1 [195.7407166312914, 103.3179450817406, 218.1734257274628, 136.0113970594043]
196 1 [201.9205548118334, 105.1524962969124, 224.4234701498168, 137.5792539204541]
197 1 [204.5451272677165, 111.0432220287621, 226.9230606149544, 143.6532875164705]
198 1 [203.5221480380278, 114.934111315757, 225.9752973322125, 147.3267134424646]
199 1 [204.5551535438281, 122.9324178285897, 226.8433614172098, 155.5643209666565]
200 1 [201.7410288404208, 126.9076196737588, 223.8428825053264, 159.5277731050242]
201 1 [199.468788857339, 131.2597190923989, 221.5394245246388, 164.2415550678681]
202 1 [196.7745084713679, 127.0375630445778, 219.0258919640851, 159.873612047146]
203 1 [197.9055427263957, 133.9782545156777, 220.1015660061069, 166.1072463993157]
204 1 [197.058720434783, 134.7732709236443, 219.2670541176365, 166.7578350973824]
205 1 [193.7453754793387, 134.7878496027552, 216.0285009039788, 166.7793157144298]
206 1 [191.2118608008605, 130.6861336803995, 213.8446339479925, 162.9692485252551]
207 1 [192.9148997317534, 127.1245567179285, 215.6226143811434, 159.5121416191113]
208 1 [194.4293217908125, 126.8603452718817, 217.0420198887197, 159.6341954279061]
209 1 [195.8162263582926, 126.1529743797146, 218.5728610458742, 159.1291912573039]
210 1 [197.7647702048998, 133.2918839580379, 220.3416366744875, 166.1012407581786]
211 1 [202.5658617566805, 134.1994919902645, 225.0566428379879, 167.093327614763]
212 1 [207.6836277793627, 128.7528685457073, 230.2811788843005, 161.6750202605571]
213 1 [207.9043478991371, 122.3621951467358, 230.6854714036089, 155.3496298021655]
214 1 [212.0616377617698, 120.7916691428982, 235.0456791474972, 153.6082479174685]
215 1 [212.9384340967517, 119.3025257415138, 236.1508281062645, 152.1682485829943]
216 1 [210.8987743582111, 122.0526938862167, 234.3801348389406, 154.6627634701114]
217 1 [208.8367925609928, 120.2008263296448, 232.2915605229109, 152.9731153636183]
218 1 [211.5378864731174, 114.8054166263901, 235.1032931461709, 147.6513951090692]
219 1 [212.0009230102878, 112.8205313510262, 235.5414052124426, 145.6919610638677]
220 1 [214.6324323739391, 111.8345986134373, 238.1827373321563, 144.4340178378943]
221 1 [223.9147559728008, 114.2953578359447, 247.4688884221803, 146.6235012063074]
222 1 [225.6825339521747, 111.0638992912136, 249.0500293238925, 143.8285478954829]
223 1 [225.8578671838623, 100.9590373164974, 249.1199742658485, 133.7195037081716]
224 1 [225.0410006071907, 95.86834336584434, 248.2488214307238, 128.8245435355729]
225 1 [226.8957921292167, 90.23161531751975, 250.1255336725328, 123.4430344025375]
226 1 [230.2873556639534, 86.64430452650413, 253.5346035282157, 120.0772618751233]
227 1 [228.3967384125572, 88.61031509703025, 251.6478951042154, 121.7034141866474]
228 1 [226.062123658834, 80.9094541198574, 249.3240174851732, 114.0160377866456]
229 1 [227.5191915954929, 80.49169228738174, 250.7992563499793, 113.6124118051958]
230 1 [224.723117622314, 77.35111878579482, 248.0361106911674, 110.3547484237779]
231 1 [222.8410260404926, 86.06947611039504, 246.1558862182428, 118.8979641518853]
232 1 [220.5917824234348, 90.9419348067604, 243.8073694909431, 123.1422515587805]
233 1 [220.947139802156, 93.16104863351211, 244.3761123373718, 125.2335932358684]
234 1 [220.7425185467582, 95.45298586552963, 244.5940908478612, 127.494524699058]
235 1 [223.4274593021255, 93.381872755941, 247.0886279827236, 125.1549288884975]
236 1 [227.7483517553192, 88.88627551263198, 251.282419911729, 120.2945980194783]
237 1 [231.5359756376129, 84.706539852079, 255.2395309118304, 116.0380570973155]
238 1 [237.5446645643096, 81.82115851109847, 261.4333847624833, 113.3333612834063]
239 1 [240.3405776049476, 77.18796179955825, 264.4205256213359, 109.531281529676]
240 1 [243.4439020182472, 70.82501671975479, 267.7057635736413, 103.4089259070358]
241 1 [249.8251454855781, 70.8255601862038, 274.236509463407, 103.7258920045119]
242 1 [254.6904230143409, 70.90410934216925, 279.2602424327003, 103.4510461924568]
243 1 [261.2358613039833, 63.00252114064642, 285.9676497346098, 95.68253627986945]
244 1 [257.7766435171943, 56.60581956632086, 282.7390162416882, 89.04645798491245]
245 1 [261.45999133843, 49.96242342717596, 286.5279129162061, 82.40131697297683]
246 1 [261.7041602681857, 42.17993603475043, 286.6767098001721, 74.76834466521314]
247 1 [266.3600384544116, 33.33804903752753, 291.4674236092218, 66.15182672395972]
248 1 [271.1217308591586, 35.85050247437903, 296.4823833600356, 68.43130449119803]
249 1 [274.0247960041743, 38.66124330289313, 299.4177935548871, 70.93937739148007]
250 1 [276.8934366058093, 32.37032876737067, 302.1153477449677, 64.84477118020408]
251 1 [274.368193681119, 24.773757083487, 299.7536862439122, 57.4047318553815]
252 1 [276.0705860208254, 20.57936583287665, 301.2351448957001, 53.34328299906351]
253 1 [275.2028842519503, 26.13189218766638, 300.1867412514461, 59.12365947622541]
254 1 [275.2626427009236, 26.50077862865874, 300.4499221964604, 59.4530679619233]
255 1 [276.5185830488335, 31.2997315657849, 301.8560937470996, 64.2083119564972]
256 1 [273.5752765431535, 36.71745832092711, 299.0688562332189, 69.78291108586235]
257 1 [272.6068216159474, 45.21748740799376, 298.0680032485865, 78.1996314474695]
258 1 [274.6284213259351, 52.01647169716307, 300.3148820461158, 84.88608619382728]
259 1 [273.8109876408707, 59.39121253616759, 299.5802527410927, 92.31275894449618]
260 1 [273.3889231875073, 65.3595699799771, 298.7757651317496, 98.18994556776558]
261 1 [273.4467084694188, 67.39765633470961, 298.8019136513863, 99.93237803780298]
262 1 [273.749913534848, 62.7768467796559, 298.9769097581526, 95.17908167304489]
263 1 [275.0128523919266, 57.05670739538618, 300.4811725547661, 89.39577276561667]
264 1 [275.3029168236535, 56.09792004353949, 300.9381572266756, 88.1266694922018]
265 1 [275.193057051627, 52.38317356831976, 300.9701975397824, 84.33854539735296]
266 1 [275.2418222154956, 48.12146495110937, 301.071989897417, 80.04274218145363]
267 1 [275.6100341032725, 49.06004847414442, 301.5760890934616, 80.84808066067481]
268 1 [276.658672953723, 43.06663991339156, 302.787925451956, 75.16253681006832]
269 1 [277.4866264413577, 42.41195028848597, 303.6368071132615, 74.81223052126481]
270 1 [276.6095365833025, 35.89238780565211, 302.7919492564598, 67.97576479148822]
271 1 [278.7891375373583, 32.56081956453272, 305.1156879804809, 64.68617542040647]
272 1 [279.7327009390574, 33.74034020132967, 305.9914508714167, 65.74308562477027]
273 1 [272.8021753977519, 34.70718097515055, 299.1117637513739, 66.70768777139656]
274 1 [274.9299800347071, 34.26997880465933, 301.1218946853624, 66.38127857462379]
275 1 [280.6641198347788, 33.2541574073548, 306.7005359368409, 65.29489018859087]
276 1 [277.3815809439402, 38.68369124658057, 303.4218395350856, 70.61878369057612]
277 1 [278.3722749601584, 36.12573806769797, 304.3514341262576, 68.41835892219075]
278 1 [273.5654409776907, 39.05171035058447, 299.643572502885, 71.56199351221655]
279 1 [274.6603961240035, 38.55276287920424, 300.9071642069811, 71.10661976208675]
280 1 [273.5241896759253, 46.59389175302931, 300.0962738207176, 79.02723643151532]
281 1 [271.4240345011931, 48.20739425547072, 297.964962371707, 81.0699888112776]
282 1 [266.6282301198226, 52.19513560659834, 292.8742640720147, 84.94029437761313]
283 1 [259.3354382764082, 55.02037770874449, 285.5738561584399, 87.54376640878726]
284 1 [255.6529652129393, 52.97156573660323, 281.3556450710179, 85.51714529600753]
285 1 [249.6678818713408, 54.24279351360747, 275.4669506803783, 86.64278710073614]
286 1 [243.972865487216, 55.03317622668692, 269.8957252471237, 87.2152904481037]
287 1 [237.6260837565642, 55.60510861701914, 263.9029672961189, 87.59125789147436]
288 1 [230.9687987815123, 54.49881738252589, 257.1128817755563, 86.88824145716512]
289 1 [230.9127905301284, 54.89287367291399, 257.0562980758832, 87.41342516168983]
290 1 [222.6315896443557, 51.93599501080462, 248.8214463867892, 84.11430671802819]
291 1 [217.61933993618, 55.56697860188433, 243.8366715171006, 87.60299224458603]
292 1 [215.0082076720428, 60.85742237992236, 241.3377957115545, 93.01255431850304]
293 1 [218.3472306660842, 69.07793810791918, 244.2642910834816, 101.029967416403]
294 1 [210.7836966447067, 72.37642791695544, 236.8964615462944, 104.0414259210101]
295 1 [208.5305967263412, 81.54077437348315, 234.4023956937625, 112.9336954656549]
296 1 [205.4129493169021, 89.0250723642821, 231.240791357655, 120.116476898242]
297 1 [204.3261574737262, 97.25676467843005, 230.2393670563241, 128.4828830479268]
298 1 [203.616045185132, 104.7977431101317, 229.3843025024402, 136.0186716486716]
299 1 [203.2755035019945, 109.2928697151656, 229.0811995810893, 140.4521797424126]
300 1 [209.5865632153582, 112.1018077415938, 235.3310967931999, 143.2035352558835]
301 1 [215.647686824901, 112.7094618809933, 241.5644910424586, 143.7246013504538]
302 1 [214.2956436432432, 115.8468453419919, 240.1088430172971, 147.3114887470846]
303 1 [220.8934050358366, 119.8615092766995, 246.7949944548772, 151.554304099144]
304 1 [215.9150119579863, 119.2889479977603, 241.9440262622756, 150.5949645517672]
305 1 [215.9643681130838, 114.7770643813128, 242.0394702713505, 146.3348033706145]
306 1 [214.2246388874482, 118.24783676691, 240.1364675008334, 149.8107281243538]
307 1 [214.405318923993, 120.7108830196376, 240.2585421719701, 152.166253468069]
308 1 [216.1831848702859, 126.6278235895152, 242.1738163103451, 158.0720255292312]
309 1 [215.6974123648834, 134.6948075277323, 241.6272169365581, 166.0249969367707]
310 1 [214.173235111637, 139.2843714935298, 239.8967224327049, 170.5690828556724]
311 1 [210.9749333194923, 134.0313059074397, 236.6967627718775, 165.3097913613428]
312 1 [210.0162411860656, 138.350527523231, 235.750289933108, 169.4805870740002]
313 1 [209.765942536993, 136.7363963109965, 235.4708516773253, 168.2848662337708]
314 1 [209.1166571162175, 139.588816164207, 234.6697821497162, 171.3299379414905]
315 1 [212.583644368453, 143.5256087762828, 238.1100382128553, 175.2671164645707]
316 1 [208.5031869194936, 141.8704392296786, 233.8444082733248, 173.6803989304707]
317 1 [211.437907674117, 148.8832606656069, 236.74071585406, 180.333746069612]
318 1 [215.0432253859472, 148.0360927266593, 240.4575916784815, 179.4931194659049]
319 1 [214.9631571385544, 148.0704087327758, 240.1508164074736, 179.6651357758953]
320 1 [214.9188782905694, 154.8371349881927, 240.0921676596728, 186.4771570288598]
321 1 [214.8460215365049, 156.4260242890159, 240.0042507718879, 188.0290036556309]
322 1 [215.0997936909553, 158.7200146626274, 240.2893877729205, 190.2070797917801]
323 1 [220.3194511120673, 154.5471179198066, 245.6106309351006, 185.9689609459856]
324 1 [220.409920954844, 156.3931518505851, 245.1991182999342, 187.9321198853442]
325 1 [224.7862210513558, 154.4580644677917, 249.8610242561598, 185.8962162504709]
326 1 [228.1295480967965, 148.9075358222763, 253.2457274150306, 180.663436274074]
327 1 [231.4558860303368, 141.4979763339798, 256.8521376571804, 172.8382621280617]
328 1 [231.9046006442513, 140.8212049763242, 257.6852988676284, 172.0792965102397]
329 1 [231.8630081766751, 134.5009864132444, 257.6576031948212, 165.6496014481136]
330 1 [235.4850947016385, 132.7175661485235, 261.0881821158041, 163.9358995145934]
331 1 [241.6566816919949, 132.3909664090315, 267.0747141980649, 163.6333492073956]
332 1 [242.0842056924012, 127.0767103369872, 267.2286648475777, 158.3060765869593]
333 1 [249.5480974370148, 117.2218280966918, 274.7502264810091, 148.4443674114446]
334 1 [256.8386862927582, 113.0743257935683, 281.8956442999415, 144.7168903290995]
335 1 [265.8903020077851, 112.9623441259901, 290.6605607490241, 145.0377824243445]
336 1 [275.5110188180115, 111.284526364092, 300.1976058531166, 143.3068879708235]
337 1 [281.2595842534211, 108.383561388735, 306.1007138669225, 140.5514472344166]
338 1 [282.207096045604, 103.3724471490423, 307.0090494524647, 135.6195377387361]
339 1 [282.7827252352145, 102.6270494173805, 307.8425341718015, 134.8144794866393]
340 1 [281.9985253715422, 100.5166338990966, 307.1792132619258, 132.8717768976622]
341 1 [283.7410598301794, 97.63181188810268, 309.0822807314802, 129.8655260960283]
342 1 [282.5025005543139, 92.3941954683105, 307.9578565107734, 124.478930775629]
343 1 [282.5342255828437, 92.94742941964069, 308.2157942065099, 124.8877959863641]
344 1 [282.750167347258, 91.96763715255656, 308.3573328103227, 123.6900740107504]
345 1 [281.4779787135776, 91.12718850481906, 307.0022235482446, 122.7223537688556]
346 1 [278.6543377113994, 95.37806493151584, 304.2760731347735, 127.2136689002166]
347 1 [279.911556042498, 99.49812036860385, 305.8445340961376, 131.3475615318388]
348 1 [283.9727273357566, 101.9663069855014, 309.9656985375713, 133.5889231598109]
349 1 [283.6444500980433, 101.9064047533611, 309.6316904621388, 133.5203618520825]
350 1 [289.8858667907771, 103.0691023069958, 315.9819421709373, 134.6487742810784]
351 1 [292.0326505599078, 103.4487755197624, 318.1274352328933, 135.1998320465721]
352 1 [298.9944663939532, 102.4266229468922, 325.2020331707912, 134.2436658877406]
353 1 [301.8985573945101, 103.1122391122917, 328.0987867264021, 134.9491586415584]
354 1 [302.8531334993895, 103.6253967035154, 329.0259433176622, 135.7095568802995]
355 1 [304.7382822630461, 105.0697094846109, 331.0325160479403, 137.1681283852915]
356 1 [310.8903799650725, 108.9503734755854, 337.0320194580496, 140.9907638426489]
357 1 [318.1967967150267, 109.5648106533627, 344.1895174982767, 141.6483681698422]
358 1 [323.7629730103072, 112.0384856063465, 350.0067406335418, 144.5670398487058]
359 1 [330.1201059219893, 109.0222997266392, 356.490713869058, 141.4970543162364]
360 1 [335.6679241058882, 107.0170421797375, 362.297173129566, 139.6053538287239]
361 1 [344.590470492607, 108.5082214671711, 371.2334159659583, 140.9563268102217]
362 1 [349.0578019020613, 108.0071101683716, 375.9694641630209, 140.2677857644411]
363 1 [350.0979910788592, 104.8457402485947, 376.8164939875492, 136.9823064681153]
364 1 [350.1014821624849, 102.9044262069801, 376.8829041828356, 134.7823671636195]
365 1 [351.620059320936, 97.18977426472702, 378.6157537332335, 128.4908211333552]
366 1 [349.6472475624178, 92.64880119744339, 376.5655374691627, 124.191544261184]
367 1 [342.5255534744356, 88.74346088353195, 369.6549772655878, 120.5039145704115]
368 1 [335.2015414333437, 91.2569126385788, 362.3313407468808, 123.2248083285286]
369 1 [329.4945706224535, 82.65217797938385, 356.638452304128, 114.4509634998127]
370 1 [336.14476383687, 85.1899444955925, 363.5141761019776, 117.0980025569395]
371 1 [335.9624148963485, 84.51426873091259, 363.5009800235521, 116.7046983192019]
372 1 [342.8792976497207, 84.6823868091742, 370.5932286362544, 116.7430754850846]
373 1 [343.0721661357675, 86.57833003360429, 370.9279838053522, 118.3860186134694]
374 1 [344.9892179875169, 86.91818241137662, 373.0210422658729, 118.9508945322706]
375 1 [347.063044419745, 92.78165153521695, 374.8414603928297, 124.6614715567371]
376 1 [352.264004698256, 96.17625097293058, 380.1905847316297, 128.1258516846657]
