tiger2 0
2 1 [34.92829716205597, 60.35304108262062, 102.1584734137853, 139.0616034185886]
3 1 [42.84856325387955, 65.1544480919838, 109.8090210596494, 143.4657621933056]
4 1 [45.12515863776207, 64.11247692629695, 113.7448398072019, 142.4653210461952]
5 1 [51.86576536297798, 65.04361683130264, 120.0169797646917, 143.7888371532089]
6 1 [59.69129344820976, 67.06350460276008, 128.9607853332822, 145.8513104336177]
7 1 [67.05866327881813, 69.89133143424988, 134.5251320377885, 148.7664198494327]
8 1 [73.03879907727242, 73.46406185626984, 140.2915863414663, 152.3648502616018]
9 1 [79.1742736697197, 71.98960332758725, 149.8065546183341, 149.3267209157699]
10 1 [83.70299144089222, 66.33558539301157, 152.0111353233275, 145.3980936359787]
11 1 [90.98192131519318, 71.11352278478444, 161.5248729013826, 149.1755660153331]
12 1 [95.09192472696304, 66.21156974323094, 166.1084539188782, 143.8627991023382]
13 1 [101.6117400527, 75.11554999835789, 172.8363319588421, 153.1480876052893]
14 1 [108.9522827267647, 77.51514850743115, 180.5323479458046, 156.0457846246571]
15 1 [115.9708673357964, 79.48763726837933, 187.8929316191803, 158.5053911629613]
16 1 [117.9719403237104, 67.26025226182537, 191.9846406918755, 145.9646461427765]
17 1 [123.5791835039854, 70.41634264058666, 198.2229461083323, 148.5735591451827]
18 1 [140.0400812029839, 76.82813612371683, 208.4865698344652, 156.2444506147074]
19 1 [145.103961288929, 81.01917920261622, 214.3271730286634, 161.2043050398196]
20 1 [152.3759878277779, 82.31048477441073, 221.9108648032812, 162.9969397385732]
21 1 [79.72983333654702, 65.45677373744547, 149.1689231191687, 144.9462235385854]
22 1 [79.59096654690802, 64.40361817926168, 147.9197936204298, 144.6919072133908]
23 1 [74.47242396324873, 65.33611541241407, 143.500317963233, 149.3030914106235]
24 1 [79.28356415964663, 66.09209986031056, 145.0968436027169, 144.1562942381414]
25 1 [78.73295119404793, 66.45450634974986, 143.4229351212484, 146.6167844951722]
26 1 [76.86150152608752, 66.83778433222324, 141.6985177398129, 147.6762435056672]
27 1 [78.36855342052877, 65.05449914932251, 145.3792313567046, 146.3691691288037]
28 1 [75.43582808598876, 67.51958815008402, 140.0301846590504, 144.0116714924912]
29 1 [78.48293192125857, 66.69843421876431, 142.9568547962392, 143.2806971062203]
30 1 [77.12029060721397, 65.0816663922742, 139.8510241813874, 145.0811094648842]
