torus 1
2 1 [166.2504595220089, 79.2468953281641, 215.2257807786266, 128.7117638736963]
3 1 [165.4587788581848, 79.67914217710495, 214.1647633890669, 129.9303565356653]
4 1 [165.3091767132282, 78.12633006460965, 214.7982376768896, 128.6903396221304]
5 1 [163.7235785722733, 79.94623304903507, 213.1278510222917, 129.5996584428487]
6 1 [163.6048876941204, 78.66143202036619, 213.70578362078, 128.6140923131825]
7 1 [164.4636801425368, 78.63723048567772, 212.852357009094, 129.5640382510973]
8 1 [164.4448156356812, 77.34436774253845, 212.1718100572629, 128.3599543353243]
9 1 [160.4459872636944, 79.05142492242158, 211.297413995105, 128.0290229094247]
10 1 [160.4191782213748, 79.1780916005373, 209.0089567969751, 128.7766613943308]
11 1 [161.760317504406, 78.28407198283821, 209.4680581962509, 128.4927341732965]
12 1 [158.0523208067752, 79.35278229042888, 208.4389336713396, 128.231047498906]
13 1 [156.0872654225677, 78.66771874576807, 207.0727513955831, 128.4444899979748]
14 1 [153.2697122897953, 61.3090966232121, 203.7171368693322, 114.0023643709787]
15 1 [153.7173038423061, 62.6601834744215, 204.1052942600869, 114.9820076290757]
16 1 [149.8260764479637, 62.6566998809576, 200.5925401153648, 115.1255122179261]
17 1 [145.9520476665348, 61.09316398948431, 196.3652855615863, 113.6832723148614]
18 1 [146.3579464778304, 61.71556414663792, 194.5975136941382, 111.1463306328495]
19 1 [145.1420242786408, 60.98477081954479, 195.6931998691983, 113.6626074424697]
20 1 [140.6752316262573, 57.87228284031153, 191.2919264598934, 111.2006320179338]
21 1 [141.9742532789242, 60.41717460006475, 193.6722375388365, 112.653459111395]
22 1 [143.4719903375953, 58.81344360858202, 192.1763386044624, 112.0955567939151]
23 1 [134.24429551512, 55.31007917225361, 185.0083325831607, 109.0065546946254]
24 1 [123.488092308864, 56.01502184732817, 175.4608356971899, 108.5012134587846]
25 1 [151.1335764527321, 53.95308595243841, 202.3129662251285, 107.5654686470472]
26 1 [113.7439679801464, 62.31992037594318, 164.6325294295814, 113.6288119197416]
27 1 [111.583120495081, 60.65604017674923, 162.7842237951732, 111.6447573700382]
28 1 [110.4040339291096, 62.50257076323032, 160.8364720731323, 114.8943836481873]
29 1 [110.2380695641041, 65.90795131027699, 160.5341609967466, 118.4444620427099]
30 1 [100.8856317754835, 67.1224782334175, 153.087078132701, 119.297796176684]
31 1 [98.49492191616446, 73.95880087837577, 146.3533178223485, 123.2426280357186]
32 1 [93.37014018837363, 70.88015779480338, 141.6653467947093, 119.9343143859081]
33 1 [92.6195829436183, 70.32067494094372, 143.7705710779969, 121.8151313392718]
34 1 [87.56495271623135, 69.67931566387415, 139.3519014540921, 122.4641046893086]
35 1 [73.89423743635416, 70.79978307336569, 125.6907637067598, 121.7214753989239]
36 1 [89.91737692430615, 95.60775326192379, 141.8973643512051, 147.0406187310864]
37 1 [94.15091275051236, 100.9838102906942, 146.5912789053712, 152.5196813594922]
38 1 [97.0465233810246, 95.00357554852963, 149.5089134767785, 145.6857943845101]
39 1 [75.89744023792446, 66.11491114809178, 128.2465850880197, 117.8405839060499]
40 1 [73.3674964569509, 72.47637435421348, 126.5192818189251, 124.3263046892537]
41 1 [93.57877638936043, 78.89415617659688, 146.2299900398843, 132.1816488957047]
42 1 [89.03867103904486, 73.66403200640343, 143.7563036093866, 126.0071300424164]
43 1 [87.15833538025618, 73.52562214224599, 142.6280105605049, 125.8651586836892]
44 1 [79.1109452098608, 72.33983621909283, 133.859044219557, 124.0136729100235]
45 1 [81.12484663538635, 73.44182538776659, 134.0986909630476, 125.6634353184811]
46 1 [84.94375084340572, 73.72038257401437, 137.8048337836092, 126.8542860503458]
47 1 [91.60570215247572, 86.73828920326196, 146.0662802679515, 139.4936753055297]
48 1 [94.81282394193113, 90.87794205150567, 149.6215880470724, 144.0383682509867]
49 1 [96.37337059527636, 87.88344794511795, 149.1686114557815, 141.6647492911604]
50 1 [100.4414767473936, 91.37141750752926, 152.1024960855185, 143.542289561391]
51 1 [100.9948877692223, 93.77100230753422, 152.4249536796811, 146.3140126691642]
52 1 [102.1679673977196, 96.35183922573924, 151.6965988823367, 147.7700954387253]
53 1 [101.0932945813984, 91.6427310181316, 155.0531718959944, 146.6074505636951]
54 1 [111.5206292811781, 81.5280150026083, 161.780049981833, 136.2232413568731]
55 1 [116.6006465051323, 103.7851925902069, 165.8088410840785, 153.3159574394686]
56 1 [116.729246487841, 105.898839258356, 172.3211801419846, 159.3146660253406]
57 1 [117.5326435621828, 105.1293306574225, 173.5550575812853, 156.6478969714959]
58 1 [137.38549865596, 97.47251886501908, 193.447470079635, 150.2818762285813]
59 1 [141.9318560492247, 99.51376977935433, 197.8241070769829, 152.7541676194628]
60 1 [145.7210894282907, 92.57192527502775, 203.4727571830489, 144.2027400400124]
61 1 [151.3564153369516, 94.03477033227682, 209.2915619580328, 145.8707063255486]
62 1 [151.1482150461525, 92.06727976421826, 203.3020412970166, 145.7491414194824]
63 1 [169.5799006875604, 95.68695034924895, 226.8039566563469, 147.030125198589]
64 1 [170.911031736061, 100.9151143170893, 226.7123254597863, 155.0454377344908]
65 1 [172.2038188558072, 97.39962253347039, 229.803975363647, 151.122810469347]
66 1 [178.4638245012611, 97.39403700898401, 230.2847909160173, 150.8201844464132]
67 1 [176.491594908759, 93.27736246958375, 233.7110382189824, 146.3893223350388]
68 1 [176.1208860930055, 91.03421587124467, 234.2938961167204, 144.0148845482887]
69 1 [178.7081843968481, 96.10754747036845, 236.4897606002166, 147.7522116095292]
70 1 [181.2580790352076, 98.18171840254217, 239.5481852563653, 150.7834310852234]
71 1 [184.0196110662073, 98.96040924073895, 243.3656077875106, 151.2690670539542]
72 1 [207.3530057799071, 97.50152791826986, 260.7217846471534, 151.783187695315]
73 1 [205.7820312660188, 98.1099633963313, 259.3327097853365, 152.099727291196]
74 1 [208.5991671662778, 102.4878772625234, 262.9656800488247, 156.8176762987001]
75 1 [211.6982769202441, 98.25700904219411, 265.8595274063429, 152.9537260470522]
76 1 [215.0923579167575, 98.2889550270047, 268.6767226494877, 152.3359062499942]
77 1 [213.0684653650969, 105.8720716366079, 266.1292587799948, 161.0355205359821]
78 1 [211.9239876400679, 109.9022048988845, 265.7927043024135, 165.7668508210062]
79 1 [212.9336724306922, 108.0232443937566, 266.1118324784662, 162.4488421822701]
80 1 [207.0513396924362, 123.7467700019479, 260.8984085574465, 177.5580329144705]
81 1 [203.9629269605503, 125.4707935228944, 257.5815485664151, 179.6701568058466]
82 1 [201.7786105703563, 123.3103994557168, 255.8329465836552, 178.2686142975171]
83 1 [205.4101562295109, 123.8445281386375, 257.835727132272, 176.0324776558318]
84 1 [199.5590331386775, 125.5011334174778, 255.0142866476779, 181.5915604569424]
85 1 [199.1377342706546, 126.457196675241, 254.4112888921782, 180.1340534451925]
86 1 [201.2156523792073, 128.6099664643407, 254.2139706740793, 183.6131394925069]
87 1 [203.7966668587178, 117.2920794689562, 257.9403278660672, 174.6625504166842]
88 1 [202.0115315709263, 111.9591808223631, 258.0368601380269, 169.4902764746396]
89 1 [202.8954084571451, 116.8427213744726, 258.4783070917022, 174.4335735943617]
90 1 [202.1107395906001, 118.4832779967692, 257.697551494983, 175.7005328346973]
91 1 [202.6033625919372, 111.8083405399229, 258.8427290702164, 167.3384253031504]
92 1 [203.2130247149617, 111.2416284994688, 257.2948978633147, 168.1138796853835]
93 1 [201.9478579033166, 114.3301399562042, 256.2519497751602, 171.066043845333]
94 1 [200.5607076715678, 110.0151175863575, 256.5036703047591, 167.5200923182823]
95 1 [200.386941133067, 110.8823937035631, 255.9046816367815, 168.5293780848482]
96 1 [201.867851017043, 110.3987181091216, 256.0210997962873, 167.002026204489]
97 1 [201.4384824670851, 110.657399473479, 257.1540310221008, 167.1577775708503]
98 1 [200.7869416829199, 108.6547589579132, 257.140070978629, 164.9411484714445]
99 1 [183.4051079098135, 93.19039067695849, 237.3886021068697, 149.9398126838773]
100 1 [179.0770981255919, 93.1667758685071, 233.7670816073978, 149.9136994758046]
101 1 [171.9074166733772, 95.2176327907946, 228.596084726001, 151.6812668490686]
102 1 [171.0580431278795, 91.22706872387789, 225.7180814483032, 151.4759661512999]
103 1 [175.0477726459503, 89.14327881508507, 231.1139009191696, 144.7279416834632]
104 1 [174.3608490172774, 91.67134256777354, 228.2249817704618, 148.5925607368693]
105 1 [173.9442227389664, 92.14196771360003, 227.8697923044119, 147.2248345734267]
106 1 [171.654328757897, 84.04034457611851, 227.0553955425357, 138.7478394144324]
107 1 [172.4989762697369, 76.22115082549863, 227.2243165900682, 130.8401596450393]
108 1 [172.6317960750312, 77.03653706680052, 227.1835259510605, 133.1199272802628]
109 1 [172.3604474384338, 81.06016771611758, 226.9682802575293, 136.5281818699038]
110 1 [171.2822221945971, 78.42791734705679, 225.345142381187, 134.6969573978125]
111 1 [169.8592224325985, 81.13376064202748, 223.5744846317222, 136.7853060379222]
112 1 [168.5481894928962, 79.41902412078343, 221.1923109219724, 134.2960984443782]
113 1 [168.054020980373, 79.63413523253985, 220.2345486669402, 137.2049167204202]
114 1 [167.6314304005355, 84.04636468715034, 219.9391740827818, 139.1846868171099]
115 1 [162.2213791990653, 91.15880567557178, 216.8601593769432, 145.340115107726]
116 1 [165.4470208268613, 88.29135160869919, 216.8448795964672, 144.4805137707245]
117 1 [163.1661053053103, 93.00607254705392, 217.9631623191975, 146.6444016256821]
118 1 [168.0901234578341, 89.75868750340305, 220.8171854383574, 144.6342816977731]
119 1 [166.2190971970558, 89.05455235135742, 219.9803063069748, 143.2039600549124]
120 1 [162.108877629973, 92.21497062570415, 216.9534801344711, 145.6438768314616]
121 1 [166.3379523139447, 87.90240686363541, 217.6198340985172, 145.9250330743589]
122 1 [172.9227740950882, 92.22785245371051, 225.9542117515288, 144.6601122259694]
123 1 [170.1004488654435, 91.1366336394567, 223.6485764903216, 143.5016309942003]
124 1 [169.9335245117545, 92.10286486637779, 223.0051071937925, 144.5665372433403]
125 1 [174.1068855747581, 84.16447322792374, 224.8529262834513, 138.5687484806285]
126 1 [179.7183077391237, 73.36570802121423, 233.9308004149395, 128.5581713114684]
127 1 [183.113116145134, 72.37029816000722, 235.8769666561285, 127.2610894952885]
128 1 [172.2733238367364, 80.44457930116914, 225.6332950879909, 136.1193340650625]
129 1 [184.200939655304, 72.19700898020528, 237.486849557745, 126.9036358283291]
130 1 [181.0277385618538, 75.40297936624847, 233.8336269004689, 129.4171259320985]
131 1 [179.9718077834696, 74.05023191100918, 233.0787209357098, 128.672330542346]
132 1 [180.0167198460549, 61.25876820157282, 234.7160278236526, 120.1920922775742]
133 1 [184.9813653603196, 72.46971880993806, 235.4118022674585, 128.6502086942934]
134 1 [183.631922852248, 60.40385899925605, 237.6485760412756, 118.0017556475397]
135 1 [184.0462380256504, 60.46402255981229, 236.1663562151161, 116.0960805658714]
136 1 [183.7540215762892, 60.26124689704739, 236.581947488556, 118.0088893300076]
137 1 [172.7957969047129, 60.06904965592548, 227.8785997282948, 118.7428524949767]
138 1 [169.276121545583, 59.88673439575359, 225.2167636842998, 118.3247470592071]
139 1 [183.8870377447456, 36.8704800538253, 240.3770973426594, 95.71609243897902]
140 1 [180.0324570089579, 45.97796926717274, 232.9162954594524, 104.2674165042582]
141 1 [181.2035930603743, 37.92371796886437, 237.9036589550375, 98.07029907963546]
142 1 [181.5196416508406, 41.01314904610626, 236.0885344787117, 101.3894956015376]
143 1 [182.7859334629029, 36.40948070655577, 238.1765369793556, 96.42404505450088]
144 1 [182.2413257118315, 34.81562965060584, 237.6287625254051, 93.97293678239305]
145 1 [184.1066008787602, 35.45282787154429, 239.9616410009902, 96.40461516738839]
146 1 [186.0775307174772, 20.5882655873429, 241.5664125931325, 79.48559688133022]
147 1 [186.4218449573964, 17.79551612655632, 242.0885672681835, 77.44884105764496]
148 1 [186.6206641662866, 24.97644564462826, 240.1046679129952, 84.88499772693942]
149 1 [186.3224187474698, 7.676683836383745, 242.3255219907108, 67.97462820857106]
150 1 [187.7149281352758, 13.35186070739292, 240.9073579361225, 70.66682442782093]
151 1 [183.4253157470375, 5.117055349750444, 239.2676993317619, 67.67107096276885]
152 1 [184.8806474339217, 4.58299743453972, 240.7664694348854, 65.17760198100032]
153 1 [182.881140823476, 6.094179176492617, 240.6519530177388, 64.56281130186883]
154 1 [162.6388144753873, 3.93726048967801, 218.7437000935289, 61.29278031240922]
155 1 [188.8139331974089, 6.733915572753176, 241.6654026944578, 64.47315599702417]
156 1 [189.2945069801062, 7.285901703638956, 244.9884456576845, 65.84054335314687]
157 1 [193.4783856086433, 8.667667871108279, 246.1450947049583, 66.4985138758435]
158 1 [192.4164238087833, 5.634458428015932, 245.0602340850191, 64.00733891541344]
159 1 [189.3829184565693, 5.120307677192614, 245.4677895379314, 65.27561735979029]
160 1 [191.9313874356449, 7.878295080503449, 244.2602136170353, 66.27116512426991]
161 1 [190.9289582055062, 1.169498455477879, 245.7619359247728, 64.46248088197567]
