walking 0
2 1 [688.9786479473114, 440.9118365049362, 713.15265791893, 520.501404136022]
3 1 [683.9553872346878, 438.6464200615883, 708.313746963517, 518.5118312629472]
4 1 [682.6982591152191, 437.979089140892, 707.2691405049486, 518.1828195211767]
5 1 [683.2453547418118, 438.0044396957383, 707.5554615303702, 517.3553121385975]
6 1 [680.6266069710255, 433.0067307790741, 704.7302494361062, 511.90085450138]
7 1 [676.7119311392307, 429.2874409994111, 700.7233647270905, 507.5077090781275]
8 1 [675.5686531364918, 429.1611739089713, 699.2925546373177, 507.2415930170107]
9 1 [672.2206644117832, 429.1765616959892, 695.9404161442527, 507.0593939989764]
10 1 [670.3679517805576, 424.8088618344627, 693.9828378194402, 502.6189654200565]
11 1 [664.8178901970387, 422.4834958738647, 688.2505586123115, 501.3223487941936]
12 1 [662.8731701076031, 421.3232260770164, 686.1951549557836, 500.561621440673]
13 1 [659.7781612575054, 419.1355073279701, 682.9104019252412, 498.9093254310656]
14 1 [657.944864064455, 420.6735549992882, 681.1145346570968, 500.1398654527426]
15 1 [657.3246032744646, 417.4823685712181, 680.4675827005088, 497.0826471324015]
16 1 [652.7280963212252, 417.325540961232, 675.9555614370646, 497.1380312499163]
17 1 [652.4104122892022, 416.6375112994574, 675.402848056567, 497.34416988413]
18 1 [648.4328887239099, 415.6405724748038, 671.5408602333425, 496.2008904976916]
19 1 [646.2137119546533, 412.6275376542471, 669.4553934801171, 494.411487049488]
20 1 [642.0975646749139, 409.6339005692862, 665.147018233225, 491.8478881284178]
21 1 [639.9975445047021, 406.4348016246222, 663.3331897221337, 488.20765206127]
22 1 [637.894843377173, 403.0964216454886, 661.3378293353161, 484.1211554861996]
23 1 [632.868392623961, 409.383072541561, 656.2226846950613, 489.8241502278753]
24 1 [626.7904490604997, 407.9376340373419, 650.0833492321817, 488.215198059675]
25 1 [625.0638245716691, 400.9772665961646, 648.4143585945642, 481.8328683387347]
26 1 [623.7795624211431, 404.8200180991553, 647.1064945963491, 485.2335344903664]
27 1 [618.7196967080236, 407.0074541433714, 641.9531292301707, 487.9778677787512]
28 1 [616.456021912396, 406.832204261329, 639.8466960192079, 487.9612553486663]
29 1 [616.9787673279643, 402.5524354367517, 640.286786731961, 484.1259179654962]
30 1 [612.2806203886867, 407.172148862388, 635.4043012258775, 486.6772158975789]
31 1 [607.5277714058757, 405.4744366197847, 630.5831359118537, 485.8533979596651]
32 1 [607.034549869597, 409.119713166263, 629.9357704953389, 489.4965486813343]
33 1 [603.0126135721803, 409.6575952260755, 625.764097369904, 489.9389905262477]
34 1 [600.4518122449517, 413.2521150796674, 623.3978170747969, 493.5778836785627]
35 1 [600.8657999411225, 408.1651787250303, 623.8714716346448, 488.253058770768]
36 1 [595.5492632761598, 406.7239164202474, 618.267780840543, 486.1630379657149]
37 1 [595.9205204546452, 401.1267041056417, 618.7252342717368, 479.825250066174]
38 1 [593.1135642230511, 404.2044048397802, 616.0607437065746, 482.9978439416208]
39 1 [593.7593635320664, 408.03829360893, 616.8178403043557, 486.9960617633406]
40 1 [586.2511130571365, 407.3209630935453, 609.4522939182945, 486.0832405997079]
41 1 [587.2584185302258, 401.3734889714979, 610.2820815322981, 480.0845614808627]
42 1 [585.0080181658268, 407.8999651162885, 608.0185508798631, 486.988669038238]
43 1 [584.8169392943382, 410.8441215245985, 607.9222755267042, 489.5950244062719]
44 1 [579.4206684231758, 412.3612123816274, 602.6905548019246, 490.124477280129]
45 1 [578.822095438838, 413.4076651423238, 601.9188194752592, 490.6302947582753]
46 1 [573.231404826045, 406.5590356676839, 596.4124748412136, 483.4547654235302]
47 1 [569.429969355464, 410.7158162682317, 592.8221351353114, 486.944217872144]
48 1 [569.6237273290753, 412.4333525388502, 592.8506970849203, 487.7602663868737]
49 1 [568.4451559260488, 411.1782780080102, 591.6988827825637, 485.9952331644992]
50 1 [564.0877274945378, 406.1188700585626, 587.2926775576017, 481.3630950920771]
51 1 [556.0652267411351, 406.8262665658258, 579.1296864187341, 482.3672123064007]
52 1 [556.7537426427007, 413.5649197488092, 579.7088147213754, 489.3759314820994]
53 1 [553.4219773486257, 413.4414927489124, 576.463445202413, 488.8985132024954]
54 1 [549.8307709172368, 408.146350455936, 572.941678527927, 483.2757218579973]
55 1 [546.4845842793584, 410.2651995546185, 569.5529738730035, 486.3437782419811]
56 1 [543.8554754927754, 413.6495064622723, 566.7479295552472, 489.8310598328098]
57 1 [541.2616772726178, 410.3695364124142, 564.0620378486988, 486.4590406719495]
58 1 [538.8651015236974, 407.8998470432125, 561.5689341874545, 482.9437705561667]
59 1 [538.0390284433961, 411.3225617534481, 560.6205175286455, 485.8993980458353]
60 1 [536.73191986233, 407.1035227901302, 559.1184211006091, 480.6722863333005]
61 1 [533.5114004388452, 403.3712836629711, 555.9375756232469, 477.0068155575394]
62 1 [527.7395491376519, 404.3597888178192, 550.1408142844512, 477.7797190721728]
63 1 [532.0839885249734, 398.7971963114105, 554.5106389040429, 472.1381196726229]
64 1 [529.8651613369584, 397.6926801628433, 552.1636223993834, 471.6288828499836]
65 1 [524.6742132082582, 394.9902980751358, 546.9562718396115, 468.6558014380397]
66 1 [524.0663009509444, 389.6898442930542, 546.4312795151693, 463.6635265144342]
67 1 [522.7532137259841, 384.9537769979797, 545.1313700257404, 458.9500785133443]
68 1 [521.4671368822455, 381.5261767334305, 543.9769619689989, 455.7253714635397]
69 1 [522.6647552773356, 384.660309357103, 545.3799342493616, 459.6156003486748]
70 1 [517.4843174740672, 383.5463072187267, 539.9545218625627, 458.043986912239]
71 1 [512.4237207695842, 379.2801443464123, 534.7225441945858, 454.6910928228546]
72 1 [508.4085890576243, 380.4357746369205, 530.8802214386026, 456.0524152853441]
73 1 [507.2193834111095, 389.7180739170872, 529.7677298972068, 466.2779065764892]
74 1 [506.3165836855769, 396.7146111256443, 528.632381425211, 472.7140837084309]
75 1 [506.0839392244816, 395.6377357668243, 528.3505693517468, 470.9280962395731]
76 1 [501.7219349443913, 396.2444195277058, 523.9217324101861, 470.7642132242369]
77 1 [495.1742321550846, 393.2882861620747, 517.3531528814043, 468.0132370600107]
78 1 [495.5454899594188, 386.1682614809834, 517.5094915631082, 460.0827416037087]
79 1 [491.3391475006938, 392.4935726649128, 513.3058781998707, 465.7838676294614]
80 1 [492.671547703445, 394.3099343902431, 514.5423817447669, 468.0811840140312]
81 1 [491.0777916237712, 393.4458467192017, 512.9583422015188, 467.1336002973158]
82 1 [492.1240273043513, 393.4517425862141, 513.8027471802939, 468.1492247928029]
83 1 [491.2773005887866, 392.0432865587063, 512.6238849922706, 466.9990405445243]
84 1 [483.2954113408923, 396.8463067975827, 504.6687500444223, 471.2885837693303]
85 1 [479.569846265018, 396.5971514177509, 500.8847068891643, 470.0570786767001]
86 1 [479.3422817960382, 394.87515642168, 500.6449236931509, 467.8172618317714]
87 1 [477.2283985391259, 398.217899818439, 498.5350571209051, 471.7507646486807]
88 1 [475.2640868797898, 395.2851090026088, 496.6482022517756, 468.9209507106264]
89 1 [469.4493552818894, 395.4141942230053, 490.6979783929137, 469.0159958090297]
90 1 [466.1697106733918, 400.4319531884976, 487.3244352629394, 474.0727821826735]
91 1 [464.6748354807496, 399.8416012641974, 485.9134863739656, 473.5689724298933]
92 1 [467.596955396235, 397.3016310450621, 488.9817494842721, 470.9082683503826]
93 1 [465.6596764698625, 394.7914095637389, 487.0111437003749, 468.2557893628261]
94 1 [465.6815530136228, 392.3126033660956, 486.9579802736761, 466.2223483917488]
95 1 [465.1650362238288, 389.5165996667929, 486.4756830806968, 463.8177219966784]
96 1 [463.2652697786689, 383.9775362131186, 484.2958792624012, 458.5068191157916]
97 1 [459.5152311548591, 381.8399872896262, 480.2827282912448, 456.7558591530882]
98 1 [460.0146782770753, 376.5542059061118, 480.9035214674624, 450.9183534929856]
99 1 [456.445897616446, 378.2015353557654, 477.376324508494, 453.2667558322369]
100 1 [455.5655163303018, 378.1663939752616, 476.5299085334373, 452.5071920069311]
101 1 [448.2558172717691, 378.2575336326845, 469.0181469419026, 452.3121949860691]
102 1 [446.3203543797135, 380.4308800329454, 467.1147530312985, 455.0418264370474]
103 1 [446.7918725088239, 379.3601183225401, 467.5385410383332, 454.6933387824702]
104 1 [446.2905696555972, 377.5730066229589, 467.1467199021284, 454.0399707037547]
105 1 [445.8284996524453, 377.7106616129167, 466.412687576845, 454.9319650816424]
106 1 [443.6488110795617, 378.5332456757315, 464.3268000932137, 455.4752412406547]
107 1 [443.6934343650937, 377.3623180319555, 464.443267600926, 454.1321134334692]
108 1 [443.9062219411135, 379.8885319163092, 464.508289985202, 456.0006136790536]
109 1 [437.1408925801516, 378.9061573077925, 457.6155531011941, 455.2374115821092]
110 1 [431.2268212586641, 378.2125562061556, 451.5742754674942, 455.2935261618516]
111 1 [430.9708975255489, 379.639805578161, 451.2686700891513, 457.3483861304164]
112 1 [429.6842997074127, 381.8820910085924, 450.1251873606984, 459.4040114566226]
113 1 [428.7148484289646, 379.7414586176164, 449.0994491060876, 457.0948245744809]
114 1 [427.6887581050396, 379.6958408807404, 448.1761044653791, 456.4170988410506]
115 1 [427.896009221673, 380.0787628744729, 448.3284049492458, 456.4304845770114]
116 1 [421.8432791382074, 378.4347023223527, 442.4086070248484, 453.9847325610732]
117 1 [425.4422700554133, 379.1349148456939, 446.2119654335685, 454.4277750177255]
118 1 [421.623640909791, 380.4486201410182, 442.4091348163435, 455.2805264265442]
119 1 [416.7126413732767, 380.9433500622399, 437.2505457905278, 454.8414137577875]
120 1 [419.839167252183, 378.1227912758477, 440.6138192971905, 452.6357305096037]
121 1 [414.8252184540033, 380.1423464273103, 435.911045923892, 454.9096039266897]
122 1 [411.9520284682512, 379.0601252471097, 433.120995894572, 453.9548454270823]
123 1 [415.1997462064028, 380.5123334680684, 436.3830901137374, 454.6447868422562]
124 1 [411.8087695389986, 377.9127286230214, 433.0148937874104, 452.2191229114792]
125 1 [411.6221060864627, 379.2233514343388, 432.891822815339, 453.3588715766667]
126 1 [406.5548585765064, 378.5030624871142, 427.7453069302785, 452.9372535626241]
127 1 [405.5834670774639, 376.0134747033007, 426.9273869668775, 450.4683871472623]
128 1 [402.6245871298015, 374.9626983110793, 424.1357147234384, 448.0436291383385]
129 1 [399.6835311762989, 375.036610100884, 421.1853575718851, 447.5094262598074]
130 1 [398.862937849015, 374.3911581826396, 420.2310208810783, 446.3310331242878]
131 1 [398.8198054581881, 376.4459216189571, 420.1044700132599, 447.636093605856]
132 1 [395.740317299962, 375.6147997272201, 417.012154252381, 446.7580579367917]
133 1 [394.4896509796381, 372.2609981191345, 415.9077843867034, 442.9802927764052]
134 1 [393.7209069877863, 373.0438515138812, 415.2305221837458, 443.864166879229]
135 1 [388.9527647644281, 371.9546846640296, 410.6846350539798, 442.7585789868357]
136 1 [384.2446543127298, 373.5249538910575, 405.7681716236702, 443.705780052481]
137 1 [383.4964711517096, 372.7064115596004, 405.0297839733868, 442.8916048624776]
138 1 [380.4624478667975, 372.4424298894592, 402.1165658739812, 441.8027774157139]
139 1 [378.7101394385099, 372.0177742880769, 400.5284639926163, 440.7231016596013]
140 1 [382.8785812109709, 373.326862428803, 404.6285921616935, 441.8165364222851]
141 1 [380.8520251363516, 372.1325614792295, 402.5808020020738, 439.8411296356723]
142 1 [378.7315636724234, 372.0791755230166, 400.5288134171481, 439.4314707340204]
143 1 [374.120835646987, 374.1773710758425, 396.0433929455209, 440.9364260336021]
144 1 [372.1061256378889, 374.2263800860383, 393.8618254278919, 440.6533891358803]
145 1 [373.6098417490721, 374.5582337365486, 395.3571488670157, 439.9838852853089]
146 1 [367.3778950423002, 373.8139278874733, 389.0773046170828, 439.0683326531289]
147 1 [367.5457242354751, 373.8632456869818, 389.1415769693971, 438.8850952584074]
148 1 [365.013790987432, 365.2553667635657, 386.6274221320165, 430.5992165989594]
149 1 [363.3710107430816, 363.4848066181876, 385.0542930869804, 429.5414575257312]
150 1 [362.4385156556964, 364.6127442629077, 384.1894768858834, 430.5959383799969]
151 1 [362.284579847008, 365.5632813186385, 384.0255566465476, 431.1343486966065]
152 1 [357.4542869068682, 365.4562241979875, 379.1642874227308, 431.6747029675327]
153 1 [352.2602381445468, 364.2235881336965, 374.0380363191405, 431.8090904656734]
154 1 [350.1306965090334, 361.0663498886861, 371.9863220570149, 429.0306515490498]
155 1 [351.3956826068461, 361.6404842832126, 373.0603117875264, 429.4590188351911]
156 1 [350.6266046799719, 363.2066041328944, 372.3643269619438, 430.8598651266065]
157 1 [347.9054995216429, 362.9276668899693, 369.4090428434091, 430.7068552447807]
158 1 [349.0338496901095, 362.1531713479199, 370.6922699521923, 429.8170385701711]
159 1 [347.7456348575652, 361.492201062385, 369.523419427768, 429.4895786827863]
160 1 [346.9638030268252, 361.7297370904125, 368.6972096377459, 429.6820283561299]
161 1 [346.3216072656214, 360.4386510425247, 368.1030256012454, 429.4816999403066]
162 1 [346.9719657935202, 360.1412688293494, 368.8038955274714, 429.0408599267882]
163 1 [340.7911248244345, 358.7567648389377, 362.3520686197614, 427.7797626309009]
164 1 [335.9235384501517, 356.29202557588, 357.270592297536, 425.6581205870285]
165 1 [336.8794518150389, 356.8533849217929, 358.3196695359064, 425.836268166773]
166 1 [334.3407359756529, 355.1349359848537, 355.8821948894236, 424.1515991362455]
167 1 [335.0261232592166, 355.0727002755739, 356.4452499864248, 423.96481187307]
168 1 [333.3396889902651, 357.2781532541849, 354.7916969198753, 425.7789096698426]
169 1 [331.5637354589999, 354.667564584408, 353.0058876303972, 424.1488138125111]
170 1 [330.9556643255055, 355.2250966862775, 352.4434620126997, 424.6671787854237]
171 1 [331.8596123047173, 347.988810761366, 353.2966999332191, 417.5095278971362]
172 1 [330.9010223634541, 350.4611152843572, 352.4821591988665, 420.0304158928753]
173 1 [330.7095993869007, 354.1421056226827, 352.0509588707703, 423.8141343456423]
174 1 [327.7382085435092, 355.6358563438989, 349.1737431291988, 424.1452067534039]
175 1 [326.1996793262661, 355.6112732891925, 347.8659725222816, 423.8855584318306]
176 1 [321.7536603920162, 355.4230589275248, 343.5252466119322, 422.8294431335828]
177 1 [319.8221267573535, 355.5674335551448, 341.5537691820674, 422.3185825722508]
178 1 [320.9399260990322, 356.2023223531432, 342.8836955516163, 422.6403041990277]
179 1 [318.0291116945446, 357.6409288239665, 340.0451133328256, 424.5186790390288]
180 1 [316.9336762540042, 357.2238584202714, 338.8509146307449, 423.9929639325559]
181 1 [316.4803703688085, 356.1456546527334, 338.1675793711505, 422.8190809078319]
182 1 [314.1794867180288, 357.0914686960168, 336.0403375737826, 423.5947395132749]
183 1 [316.2431170009077, 349.31475699367, 338.2856150247254, 415.6762968570141]
184 1 [314.7127962373197, 356.3005203050561, 337.059894634718, 423.1074934045965]
185 1 [308.6817791722715, 351.4813005966134, 330.656875609828, 418.9459747616261]
186 1 [303.8851901553571, 353.7720226091333, 325.762935317997, 420.8506403575062]
187 1 [298.4992218278348, 348.3630151790567, 320.5936401788065, 416.1343626504042]
188 1 [293.1493921540678, 347.1361420196481, 315.1387080547131, 414.7882021176037]
189 1 [292.9714964739978, 346.480277676601, 315.0768881583882, 414.047477852027]
190 1 [288.0220333449543, 347.9939669561572, 310.1063252761963, 414.6504012981106]
191 1 [286.2791519872844, 343.9182909918018, 308.5409820519156, 411.1080023100658]
192 1 [282.7284694425762, 338.3543659639545, 305.0332422593898, 405.4332200110652]
193 1 [281.8990357331932, 339.1659928453155, 304.0053534815587, 405.6641588425086]
194 1 [281.9678422566503, 339.8227402609773, 304.1969512604002, 406.8278917051028]
195 1 [284.8459183331579, 339.9712352869101, 307.0156724802041, 407.3719239202049]
196 1 [279.6371893044561, 339.2767077949829, 301.8056272981428, 406.1740343558039]
197 1 [281.3423859830946, 339.4921617549844, 303.7731173854979, 407.1129974523923]
198 1 [280.9274041261524, 339.3200510409661, 303.1821783747993, 407.3727281144097]
199 1 [280.8828508798033, 339.194816254545, 303.2642843405059, 408.0513189127537]
200 1 [281.9814777914435, 337.2999881138094, 304.442497566093, 407.1449177591553]
201 1 [275.8532124105841, 339.4670686949976, 298.1753018093793, 409.1905587202344]
202 1 [282.4206834379584, 339.3361951899715, 304.869588435279, 408.7803379799886]
203 1 [283.4465449694544, 339.944864992518, 305.808196842661, 409.1990456245694]
204 1 [281.9197368267924, 339.0842932504602, 304.1972583720616, 409.6861314662415]
205 1 [281.8639325965196, 338.7835704577155, 304.1790600845349, 409.7065362518106]
206 1 [280.8098474312574, 337.5724176359363, 303.3199087725918, 408.0546540304065]
207 1 [277.6779392529279, 338.6140052271076, 300.3110793344081, 409.2041859453371]
208 1 [276.5265901256353, 339.5497899544425, 298.9393588662343, 410.4058753870649]
209 1 [275.7352664936334, 339.6849059429951, 298.1947370834059, 409.712858027769]
210 1 [271.5160551536828, 339.0058401790448, 294.119545772061, 409.0905983954335]
211 1 [271.2372708190233, 340.3093486991711, 293.7602402277324, 409.7338993644228]
212 1 [270.7796001750976, 340.4275102992542, 293.3492069149834, 409.945243109599]
213 1 [270.59160153009, 340.0061098714359, 293.0103527204325, 409.1879778899534]
214 1 [268.5583764109761, 341.8996265907772, 290.8311959219309, 410.2110154056955]
215 1 [270.4306516442448, 339.5455211182125, 292.984419151763, 407.101087311164]
216 1 [266.274448255077, 341.0140808899887, 288.7888768989725, 408.2923173033389]
217 1 [265.9354356545955, 341.3351862584241, 288.2348298538651, 409.4835782413483]
218 1 [269.3261705655605, 340.3573740874417, 291.6104448694583, 408.4253789407079]
219 1 [269.1865060199052, 338.2610787902959, 291.615338933401, 406.2698196594664]
220 1 [266.545886265114, 338.8881710325368, 288.7803870709577, 407.0904431990798]
221 1 [256.9500360358506, 343.2592000518926, 279.1915756342656, 410.6948689276401]
222 1 [250.7702507842332, 347.3983503137715, 272.9761785086445, 414.8126302885514]
223 1 [250.5601860079914, 346.1437144135125, 272.7275954830984, 412.7279359429362]
224 1 [249.868876317516, 346.4536520694383, 272.1286017984541, 412.7195740292083]
225 1 [246.445678094402, 347.5541830812581, 268.7757590892488, 412.7456335457977]
226 1 [242.3880115542561, 349.0715128337033, 264.7250828290468, 413.2713163251465]
227 1 [244.4535753522068, 347.2235106979497, 266.6892824881022, 410.9631287898606]
228 1 [240.5912347827107, 350.3684837375768, 262.5805000310085, 413.8517685007096]
229 1 [237.9433296117932, 353.5868441616185, 260.2913961213221, 417.5159708178711]
230 1 [237.1996547076851, 351.5672654067166, 259.8111483315337, 414.6065764299738]
231 1 [237.9643068108708, 348.2519835387357, 260.5763140123879, 410.7172212552803]
232 1 [236.8325108084828, 351.1190273319371, 259.5336356750692, 412.7498212341335]
233 1 [234.9040343556553, 350.1247099195607, 257.7248790320534, 411.2534771599231]
234 1 [232.649790385738, 350.0447554481216, 255.5917619630758, 410.5546348932047]
235 1 [230.3240358624607, 353.1690422189422, 253.2584894541915, 413.0814996423477]
236 1 [227.8811680469662, 351.5041848910041, 250.7637712482149, 410.6547044627722]
237 1 [224.6758356485516, 351.4758669300936, 247.8003767797059, 409.8705377032964]
238 1 [223.4095835480839, 350.5102102621459, 246.4150153498634, 408.7065038137139]
239 1 [217.1399299893528, 348.565520749893, 240.1585479398615, 405.8179374488897]
240 1 [220.9890662226826, 348.0946843042038, 244.0479838801152, 404.5484599222574]
241 1 [215.7361429724842, 349.1302333488129, 238.6623065822993, 405.9949148390436]
242 1 [213.8096138034016, 348.1934349252842, 236.3844080586064, 404.2175084616266]
243 1 [206.8499387297779, 343.6765917255543, 229.5122401501237, 400.1937431130762]
244 1 [202.8781965766102, 342.452642084565, 225.7041162207886, 398.2869586065072]
245 1 [204.1797389481217, 341.5327268256806, 226.8965837470689, 396.8163585405708]
246 1 [203.9249326903373, 341.0662358715199, 226.6701670120911, 396.6843197291526]
247 1 [204.7804927248508, 343.4278204157017, 227.6171792182629, 398.6316031399971]
248 1 [201.7872443813831, 343.1696219458245, 224.7563452811905, 397.7130961258167]
249 1 [203.5016485471278, 343.2062858627178, 226.5525189683896, 397.4875666493217]
250 1 [199.7289935369045, 341.8984213457443, 222.849127508588, 396.0390260952838]
251 1 [203.0412305612117, 342.1293990821578, 226.3021561457041, 396.1227641938883]
252 1 [201.8751255292445, 344.4595629782416, 225.1053269905464, 398.4816733214601]
253 1 [202.6163862664253, 343.785336366389, 226.0972917241386, 397.4960116592281]
254 1 [201.9140112567693, 343.9504470513202, 225.2944468380247, 397.3869059584291]
255 1 [201.7727194372565, 344.6129658208229, 225.1066751149612, 397.8713205462078]
256 1 [199.7830698434264, 341.3460255847313, 223.2468881818626, 394.625662485916]
257 1 [197.6971226874739, 340.6334448144771, 221.2118082098552, 393.5823683395026]
258 1 [191.2942613307387, 342.6180992410518, 214.6546327945835, 395.4657371484176]
259 1 [189.9216975513846, 338.8896334455349, 213.3773154463205, 392.276429808214]
260 1 [188.022401208058, 341.1209373758175, 211.3894574391377, 393.9647144765793]
261 1 [189.8070931974798, 337.7069305465557, 213.2569189135624, 390.9712962390901]
262 1 [187.875252539292, 338.4904626295902, 211.3421252895066, 391.6338635005698]
263 1 [186.520590716973, 337.5099773691036, 209.8983586824681, 390.2200353958922]
264 1 [187.9214861337096, 337.6596163571812, 211.3684849504778, 391.2107651489286]
265 1 [186.783203208819, 336.4313088417985, 210.0596733242988, 390.0930900460137]
266 1 [186.4751597736031, 336.1478926450945, 209.7597836914612, 389.4741536360236]
267 1 [185.4225927386433, 336.1980019309558, 209.0110228901052, 389.9069309141408]
268 1 [184.6678678486496, 336.4936076723971, 208.1794260248659, 389.9362822645386]
269 1 [179.0583116505295, 339.9989801966585, 202.2837103194948, 392.8632515452067]
270 1 [176.9492204282433, 337.2927362644114, 200.5720924863683, 389.7002421996692]
271 1 [174.7023101542145, 339.07120195264, 198.5565573872015, 391.3630189567864]
272 1 [172.155582556501, 336.710211428348, 196.2470551599572, 388.4817311468167]
273 1 [170.9841313455254, 337.0092160650529, 195.2335031743091, 388.9996482668619]
274 1 [166.9981273505837, 336.0669257291593, 191.1394541074411, 387.9701625013744]
275 1 [167.918497512117, 337.0093072601594, 191.9680502574076, 388.5807574997725]
276 1 [168.8655438516289, 339.040379638318, 192.9646588755438, 390.5166072198535]
277 1 [165.3860221002251, 339.5403029867448, 189.4241290925714, 390.5852881251296]
278 1 [167.9826384279877, 339.1490534939803, 192.0591015587185, 390.3348072380471]
279 1 [163.7941991779953, 336.6114547052421, 187.9483431981765, 387.5984051996067]
280 1 [160.0383187029511, 336.6043852467556, 184.132321022569, 387.2155096094749]
281 1 [158.1736126635224, 337.4023786385078, 182.1234888347738, 387.627295148231]
282 1 [158.232506480068, 335.7974574167747, 182.2478036145556, 386.550313936737]
283 1 [157.7730959765613, 335.3399733651895, 181.5586089117069, 385.7475435620888]
284 1 [156.6148293428123, 335.0322344501037, 180.0654247912485, 385.5809474415612]
285 1 [157.8250259570777, 335.8027855355758, 180.9587120952001, 386.3801942389259]
286 1 [155.0916021279991, 336.4868927795906, 178.4966411321443, 386.8833588043111]
287 1 [152.6893200688064, 335.9147023607511, 176.0809857050794, 385.8627550932888]
288 1 [153.9025273732841, 335.769396224292, 177.3301404096305, 386.0933243175372]
289 1 [148.7402491979301, 334.4889711525757, 172.3574821881567, 385.0438914106305]
290 1 [146.5394264273346, 337.0945412304718, 170.3471724641523, 387.6118209969366]
291 1 [143.4626730494201, 335.5023837473709, 167.0791271540184, 385.8867715063125]
292 1 [143.6669554077089, 336.3665284600575, 167.3497570192133, 386.547070964379]
293 1 [145.9191001020372, 336.5125690747518, 169.3995400656595, 386.6647623627765]
294 1 [143.5584495030344, 335.4174559463281, 167.1128644728566, 385.4731758556541]
295 1 [140.4795192442834, 335.7104637224693, 164.1991280992257, 386.2860218259691]
296 1 [140.6680262796581, 336.7571230132598, 164.4496309497872, 386.4502227359031]
297 1 [140.5183840841055, 335.081137021305, 164.3789211665655, 384.6202558040691]
298 1 [139.3482076376677, 335.8603136439342, 163.1705503520111, 385.2369468488283]
299 1 [138.3732277005911, 335.6897301797289, 162.0837708656373, 385.0112998620033]
300 1 [133.2023993581533, 333.6497628812213, 156.8888141327279, 383.2276104548062]
301 1 [128.0408829301596, 332.7016219322104, 151.5289595551048, 382.8938877770159]
302 1 [124.6782450526953, 329.4088774148841, 148.1556594095076, 380.1717901134667]
303 1 [124.529957562685, 329.9706065480132, 147.691615037816, 381.0472517125127]
304 1 [123.5965393483639, 327.2565874282736, 146.9426050157442, 378.276678517541]
305 1 [124.5065996348858, 331.96312932414, 147.8436940823041, 382.6944016374973]
306 1 [123.1103474795818, 329.6254625741858, 146.5584035116145, 380.3804275260328]
307 1 [122.9433083310723, 329.8366823319811, 146.074391462791, 380.3401967647188]
308 1 [123.7941038683057, 327.4808014158625, 146.9255482539963, 378.2721225718224]
309 1 [123.0644969269633, 329.272020829143, 146.255436109773, 380.2889365882256]
310 1 [122.9305999130011, 329.7047958795447, 146.1909061395627, 380.7744229001221]
311 1 [123.8506193310022, 329.5072938103695, 147.0298160640446, 380.7616970705001]
312 1 [123.6956763640046, 327.0968079466838, 146.8781135452892, 379.0292758182118]
313 1 [121.1709446683526, 318.8684058089275, 144.389079135226, 371.1711309518941]
314 1 [120.838000677526, 317.6643675465602, 144.2195146767322, 370.8198966030803]
315 1 [115.9810794815421, 320.5682715077419, 139.3997377041514, 373.8683182487853]
316 1 [116.2340452522039, 319.1815622944851, 139.7517445913462, 373.3253967387851]
317 1 [119.8043747991324, 317.7202140886802, 143.6123412276849, 372.0517885897255]
318 1 [120.4530780464411, 318.8878896434326, 144.1670330584863, 374.0766864590544]
319 1 [113.9064746052027, 319.5427210230846, 137.7687589084079, 375.2215716850655]
320 1 [119.2190737873316, 319.7424119536299, 143.215720303217, 375.8336122794358]
321 1 [121.4916753321886, 317.4505998913664, 145.4402823063937, 374.0893128247074]
322 1 [115.7956568747759, 317.6825385515112, 139.6847684689074, 374.2680281702857]
323 1 [115.8846038710326, 319.8147366468329, 139.4333352967563, 376.4205708529325]
324 1 [109.0558735262603, 319.8141456419398, 132.6869755302233, 375.9878635517891]
325 1 [106.2186381947249, 320.9189143651893, 129.9357849143511, 377.134756038917]
326 1 [110.5073892008513, 318.3597543710639, 134.2700646834463, 375.075648947286]
327 1 [106.4891672264785, 319.9057172411849, 130.339484801701, 376.0038647164145]
328 1 [110.245597017929, 320.432840066569, 134.530656931035, 376.5065849834907]
329 1 [107.7771428953856, 320.1423566961457, 131.9598063171751, 377.3818128246132]
330 1 [104.9209130536765, 320.4181433046033, 129.1747130266283, 378.254845590327]
331 1 [108.6654946338385, 318.3086068356206, 132.9699175353047, 376.7937535463706]
332 1 [106.7932075988501, 319.1483989679982, 131.2883187191063, 377.4657703825686]
333 1 [105.6801266204566, 319.3654355430772, 130.2382016202589, 377.2682856379213]
334 1 [105.8238883074373, 320.0571284318139, 130.6093324866272, 377.9395132601092]
335 1 [105.8856934774667, 312.4462988400628, 130.5426053594229, 370.0948721128288]
336 1 [103.5716085303575, 317.7451701188256, 128.1566193413383, 375.4619672934522]
337 1 [97.92691360600293, 317.2087442302873, 122.0315391681984, 374.9377681254222]
338 1 [92.66754339821637, 317.7046803856065, 116.5412514117045, 375.5422903267503]
339 1 [90.46920113451779, 317.2703850144317, 114.1767040419994, 374.8246377986633]
340 1 [93.62925104983151, 318.5344291204383, 117.2702023127415, 375.7365425306084]
341 1 [90.40871732123196, 317.1114913100173, 114.2556102719167, 374.1920509701913]
342 1 [89.43395348079503, 314.7264054292609, 113.579675125192, 372.0474798580861]
343 1 [89.17832644470036, 317.257464634793, 113.342349661389, 374.5621486302453]
344 1 [91.21034868247807, 317.409067916291, 115.6463404682128, 374.7207662335239]
345 1 [89.22456003911793, 314.1984555000236, 113.8515271458128, 371.6021015620797]
346 1 [87.90016336925328, 316.8522388214042, 112.5447971811634, 374.1478834312687]
347 1 [89.57045735605061, 317.9759497517516, 114.0051258804822, 375.3780977514613]
348 1 [89.90367023833096, 318.819614189284, 114.2273395190027, 375.9719814707058]
349 1 [87.78545038588345, 312.6945309811999, 112.0011710163304, 369.9247436991914]
350 1 [87.71684253588319, 314.0848955983092, 112.1968447240972, 371.7476939297729]
351 1 [88.56320590153337, 309.213462936299, 112.7981590054956, 366.9967795702301]
352 1 [87.95482376590371, 303.8588217371871, 112.1245934857229, 361.848673360762]
353 1 [87.8708637394011, 301.4759223932197, 112.0979671643668, 359.2014962431705]
354 1 [77.84974462166429, 304.3140308731963, 102.0123911686536, 362.0176206817018]
355 1 [73.78791565075517, 309.3152613514831, 97.90586748914143, 367.6130213332456]
356 1 [74.00177955254912, 309.5943012112548, 97.93339210463023, 368.0139595667608]
357 1 [68.09482395276427, 307.0815731162002, 92.01520552384326, 365.4122212245217]
358 1 [61.26893460378051, 305.5939468616416, 85.37569650657251, 364.1203724302601]
359 1 [61.83346485719085, 308.8203821653297, 85.69009866713166, 367.107610727283]
360 1 [59.50275969132781, 307.6634135419299, 83.30639349893824, 365.3174385393661]
361 1 [62.43498026952148, 308.0241350257566, 86.10918175965898, 366.1150468424603]
362 1 [57.01094925031066, 307.15215432884, 80.4882311068814, 365.5147465167233]
363 1 [57.67541074380279, 307.8820444220473, 81.15578842152746, 366.9556026857392]
364 1 [59.69296961650252, 307.953844911026, 83.19019055702471, 367.1796689063771]
365 1 [58.64481731876731, 307.3491428108682, 82.43038630219535, 366.0581533235564]
366 1 [57.2248411141336, 307.9300344945659, 81.16789864013283, 366.737395593574]
367 1 [59.6111268363893, 308.9399382235279, 83.40546550065712, 367.5044611254359]
368 1 [59.59653535252437, 308.3746008934249, 83.50682308182371, 366.5746611373039]
369 1 [60.92289155488834, 308.3053777390887, 84.8315762575582, 366.8415767867785]
370 1 [58.85840081935749, 306.6436652118136, 82.73936121741593, 365.3408730319364]
371 1 [52.72058391338214, 306.9600028419663, 76.77520250655017, 366.194247921144]
372 1 [58.72572445636615, 307.5414041453769, 82.92755048784063, 366.6821801579398]
373 1 [59.139686179813, 307.5302757321188, 83.43155096187448, 366.7089250395236]
374 1 [56.03666145866737, 307.5874869486579, 80.15859130543845, 366.8299118200543]
375 1 [57.35097588365898, 308.2554246744403, 81.36702829391777, 366.9849274641272]
376 1 [58.31197176640853, 307.79289695232, 82.32543579066663, 366.309913486663]
377 1 [59.67338748043403, 307.8364046400675, 83.70384119821067, 366.3419072929166]
378 1 [54.57337589329109, 307.2994496858009, 78.44546939866258, 366.5255631869146]
379 1 [57.74681682651863, 306.7610834872612, 81.68911093689601, 366.3565836350393]
380 1 [56.84485412901267, 307.9290384387859, 80.70131063308516, 367.8491495845182]
381 1 [57.35930002992973, 306.6058281993755, 80.958088184861, 366.8432309337952]
382 1 [55.544600201305, 306.2854374608287, 79.30611168125535, 366.1178021293625]
383 1 [59.35958690708503, 305.2250734230765, 83.19475041017645, 365.5264542163121]
384 1 [57.25855161016807, 306.0940341314563, 81.29207228411599, 366.1872746247242]
385 1 [57.29138770746067, 305.8169664552697, 81.09760335714027, 365.529609481427]
386 1 [56.91405271040276, 305.4344418755063, 80.69234641155316, 365.1792466465474]
387 1 [56.50320659624413, 305.7469143307098, 80.22668871722053, 365.7159149369347]
388 1 [56.01440735207871, 307.8736974036583, 79.80697272481729, 366.8622112896662]
389 1 [55.42296877549961, 307.9081342684367, 79.08229253402604, 366.3047196162957]
390 1 [52.4205537145026, 307.7568233365455, 76.07294417316336, 366.344672193254]
391 1 [51.2142235939391, 307.9993233064452, 75.14979565470202, 366.4411885260306]
392 1 [50.27573967026547, 307.5780045965948, 74.04046170222702, 365.8472158122592]
393 1 [51.72711613820866, 307.0593169609347, 75.4519098339137, 365.5770783628878]
394 1 [51.59502710076049, 306.8549950624147, 75.05481991723717, 365.804383198494]
395 1 [50.54843870969489, 307.6534317339101, 74.14171612659706, 365.9928380400767]
396 1 [50.76466188253835, 308.2948127294221, 74.46011924913901, 366.6995164337587]
397 1 [48.50239971699193, 307.3455744887033, 72.52025344532517, 365.8697727294126]
398 1 [47.03900114120916, 307.960255658094, 71.02774267182302, 366.3465267637009]
399 1 [50.84126988472417, 305.9251504892745, 75.01639906367721, 364.5940035182977]
400 1 [50.66524523543194, 306.8383437747398, 74.76622483317242, 365.0880966535173]
401 1 [50.63328964589164, 305.1462319845596, 75.02304348146691, 363.2034844250333]
402 1 [52.15905852196738, 301.9168573374191, 76.36251479580456, 359.4861713089505]
403 1 [56.71063024876639, 299.5841272825637, 80.85629873162847, 356.8902166156125]
404 1 [56.37437755195424, 297.5085781568923, 80.37385682512399, 355.3465351592618]
405 1 [55.13876521913335, 296.2560545856395, 79.23039210345691, 354.0806689314679]
406 1 [58.24131143419072, 296.0518675575295, 82.17212233910881, 353.8511029045044]
407 1 [56.67698455182836, 297.0047354528942, 80.85959870112974, 355.17192586395]
408 1 [58.43221640912816, 297.8367994258442, 82.39886577326365, 355.9166336557393]
409 1 [56.98732820479199, 296.8693390617409, 80.93321035677715, 355.4989630260736]
410 1 [56.78506362764165, 296.9500411318877, 80.76881124370186, 355.1556943739168]
411 1 [55.5202520522289, 297.9112587439158, 79.49216561790752, 356.6415372744826]
412 1 [59.1642801198177, 296.7159781622031, 83.01322037617067, 355.0136019453676]
