Walking2 0
2 1 [128.9738040864468, 134.2112460136414, 161.4720784644286, 248.2009819298983]
3 1 [129.5564234256744, 135.4700939655304, 162.3968731858878, 244.4196722833999]
4 1 [127.6573105454445, 133.4809895753861, 160.6190738681378, 243.0920645641361]
5 1 [129.3587473034859, 131.7695717811585, 161.951140187892, 242.3720284053543]
6 1 [130.2759974300861, 130.6829974651337, 162.9996858915237, 247.0457508301758]
7 1 [130.1371293887496, 131.2632427364588, 162.4495666899453, 248.0767432054321]
8 1 [130.7251630350947, 131.8669386059046, 161.5013566099156, 247.8796156810722]
9 1 [130.4886187762022, 125.3993630558252, 161.2896354765355, 243.8027111308905]
10 1 [129.0627776533365, 123.5960141569376, 158.6699196996973, 241.0004976670066]
11 1 [129.9023399204016, 124.916596993804, 159.203606350174, 247.4874984598445]
12 1 [130.4850764721632, 123.7488922923803, 159.9999756000064, 247.4534545530281]
13 1 [130.5863622389734, 124.4048197120428, 159.9098688347388, 246.2258759023036]
14 1 [129.9114619456232, 119.6547491401434, 157.7457425323584, 245.3942869268678]
15 1 [130.042627453804, 118.5901810079813, 157.5646335925128, 244.400849157462]
16 1 [126.3692041635513, 113.740862980485, 152.5027855928422, 246.945899644965]
17 1 [124.6838318705559, 111.3038379102945, 151.3224742024196, 242.1297157306777]
18 1 [124.4125371575356, 113.1888691931963, 150.8380619137745, 248.8537496680193]
19 1 [128.3652313351631, 113.4777462780476, 154.3524636575727, 241.1203519827162]
20 1 [126.5247030854225, 114.4946484267712, 152.8761183052727, 241.4433913703659]
21 1 [126.4944147765636, 113.4071660935879, 154.1833266545589, 242.1547988244801]
22 1 [126.4998950324953, 116.7566482722759, 155.769030082107, 243.8876343356249]
23 1 [124.8038459382951, 117.6108738183975, 155.0306893460363, 241.2645626334792]
24 1 [124.5050067715347, 117.2177507132292, 154.5904926055988, 240.2465943262054]
25 1 [124.920259039849, 120.8925877064467, 156.274155006047, 243.4829874260277]
26 1 [123.9717474095523, 118.0872052162886, 156.1401091909888, 239.3319312144252]
27 1 [123.4388047717512, 119.6558601111174, 156.528138134114, 246.1551744505208]
28 1 [124.089706402272, 117.135178014636, 156.1436825876611, 240.2132945719009]
