woman 0
2 1 [212.2753899097443, 119.1903361082077, 233.2966898652911, 214.2776403069496]
3 1 [212.944316804409, 118.5849610567093, 233.9510890489543, 213.8689195765691]
4 1 [209.2848922610283, 114.3329259157181, 230.3327939806396, 209.7703015888048]
5 1 [207.3990857005119, 111.0114434957504, 228.4258743623725, 206.5742236330745]
6 1 [207.3866554712877, 114.3593610525131, 228.4155977134698, 209.8409693514028]
7 1 [206.6808244800195, 115.0184680819511, 227.7569122466438, 210.7924869054129]
8 1 [207.2795010423288, 113.0121921896935, 228.4064301804196, 208.7250099319857]
9 1 [209.2438394641504, 114.1617650389671, 230.4110036745472, 209.7655401660717]
10 1 [208.9401930486783, 114.1837441027165, 230.1338277795668, 209.8639175648087]
11 1 [209.8549841558561, 114.4866851568222, 231.0778968207565, 209.9962690408349]
12 1 [211.863239637576, 115.1056758761406, 233.0990789891296, 210.6066798663193]
13 1 [217.0323604261503, 115.1713936775923, 238.3056945192057, 210.4498707840749]
14 1 [219.5836163675413, 115.8882179111242, 240.8245118164509, 211.3709058486496]
15 1 [219.7111407136545, 114.645144328475, 240.966025156397, 210.2365320665255]
16 1 [219.1535331821069, 115.1124481111765, 240.4277800237639, 210.9871767283609]
17 1 [216.5830049132928, 117.2015346437693, 237.8790026032866, 212.8512174578533]
18 1 [216.5612090462819, 115.8980103880167, 237.8080476629019, 211.0248385661367]
19 1 [215.2266304129735, 114.6386346966028, 236.4195569524487, 209.7237553599722]
20 1 [213.8021912211552, 117.305579200387, 234.9182585225332, 212.5016346468509]
21 1 [214.3548845881596, 117.9876685291529, 235.4258920339709, 213.1175051253727]
22 1 [215.4335821503773, 116.8233016878367, 236.5083107906687, 212.0303303489748]
23 1 [214.8356652492657, 122.2829040437937, 235.9292805555803, 217.3514932415474]
24 1 [216.973284506239, 117.7385982424021, 237.9813263327651, 212.9551159606934]
25 1 [217.0489326799288, 115.3879100233316, 237.9933418205119, 210.3379506144734]
26 1 [218.7497795904055, 116.8392089754343, 239.6950856446802, 212.0794141999476]
27 1 [219.6085044229403, 116.9703886955977, 240.5033929352569, 212.3399515807681]
28 1 [219.0125522101298, 114.9917046278715, 239.8987141747612, 210.5844646038979]
29 1 [218.1241755569354, 113.6323584765196, 238.9383760735605, 209.3283130894291]
30 1 [218.1348576750606, 113.4751726984978, 238.9283680216293, 209.2707329290391]
31 1 [220.0213362183422, 112.6389189958572, 240.8094635118409, 208.5102459754925]
32 1 [219.1652964558452, 112.2298508584499, 239.9369624830147, 208.234068813437]
33 1 [221.0487536396831, 118.096188634634, 241.8465131405144, 213.9080281995604]
34 1 [221.2106249984354, 118.6711752712727, 241.97900891097, 214.3772137696388]
35 1 [223.2808571513742, 117.1823942959309, 243.9993219820424, 212.9463535737355]
36 1 [223.0418718960136, 113.6461904346943, 243.7913186532534, 209.4287799184368]
37 1 [223.8324183728546, 114.1733430922031, 244.49251132406, 209.717985927443]
38 1 [224.4659672882408, 113.1738044321537, 245.1367010713979, 208.9276508749133]
39 1 [224.2319265063852, 107.6959611475468, 244.900692146951, 203.3034460172079]
40 1 [225.0117609556764, 107.4648282378912, 245.6330001759589, 203.1041650122382]
41 1 [223.503154521808, 111.0850057452917, 244.1114705164798, 206.5220502073941]
42 1 [222.8284601625055, 116.9396076053381, 243.4809549396227, 212.3213054189154]
43 1 [223.1519882138819, 121.8029408305883, 243.7697867992155, 217.3648184177407]
44 9 [221.9681225474924, 122.8303434699774, 242.6406061501386, 218.2498521254668]
45 9 [220.2391269858927, 127.0886971801519, 240.9102011407419, 222.5599782245354]
46 9 [220.3318290840834, 131.8822634071112, 241.0255187686982, 227.4620318509343]
47 9 [221.5981780420989, 132.415513202548, 242.2783621340699, 227.9653725580256]
48 9 [221.4814376216382, 132.0903906077147, 242.1813982969271, 227.7528941198556]
49 9 [222.7825236897916, 127.0845107287169, 243.5573282753299, 222.5002699112647]
50 9 [221.2233331780881, 124.479280397296, 242.019503015633, 219.817614449296]
51 9 [218.8096964936703, 123.8542160838842, 239.5871279057878, 219.4178131499336]
52 9 [214.6972468476743, 126.61140845716, 235.4914045960622, 222.2970708063369]
53 9 [211.321127710864, 130.1485814899206, 232.1102366962658, 225.7999769296805]
54 9 [206.6522362809628, 128.2214820235968, 227.4007007540626, 223.6571757867665]
55 9 [201.6113865952939, 126.938437089324, 222.378839028679, 222.4202564298111]
56 9 [203.6025715451688, 125.5882679075003, 224.4231532757486, 221.0125919870958]
57 9 [201.7726810555905, 121.2137442678213, 222.5931985836928, 216.7097953806047]
58 9 [195.4144633393735, 121.8041559308767, 216.2217786002684, 217.3588099536959]
59 9 [188.4171765428037, 120.2414544671774, 209.19487413694, 215.9129080128186]
60 9 [189.6718279700726, 117.4376569837332, 210.4504538172795, 213.2577625345419]
61 9 [191.1059560161084, 123.2954488843679, 211.9056902186029, 219.0735580750754]
62 9 [195.2733125071973, 126.6103929132223, 216.0904842693057, 222.3150317956806]
63 1 [191.4554228167981, 132.02087675035, 212.3240652802447, 227.9345869133416]
64 1 [191.8516410272569, 136.0075803846121, 212.7162280310894, 231.8298757120361]
65 1 [191.4342838507146, 140.5751944631338, 212.2697172901754, 236.6247261132508]
66 1 [191.5482563134283, 144.3208333104849, 212.3753034959262, 240.1898319127285]
67 1 [191.6694717537612, 148.4013811200857, 212.509682108412, 244.2833757617264]
68 1 [197.7073750626296, 149.7119785398245, 218.5438321682924, 245.3548811489729]
69 1 [202.4664049278945, 148.7596784681082, 223.3186654740797, 244.5577224581296]
70 1 [204.02834524028, 149.9297182410955, 224.9215626767841, 245.6821407630204]
71 1 [207.3784035574645, 150.3512419015169, 228.3243068571716, 245.9649483806317]
